id,Class_1,Class_2,Class_3,Class_4,Class_5,Class_6,Class_7,Class_8,Class_9
1,4.344912657693097e-05,0.7165314779966533,0.19849851580092073,0.014287404433802713,0.0006744435333361431,2.005453586747456e-05,0.02573995696415239,0.0005550296757792717,0.00012136022198987522
2,0.014886013714585429,0.0065760733343845044,8.820309312994909e-07,3.4796774072987354e-07,0.2045445386059597,0.0015008654488386918,0.001956273076495341,0.9987934976618997,0.00035681746298433744
3,9.705568237107249e-05,3.9349733370812395e-06,0.0011186965182476698,0.2945170256158493,9.284261490972414e-06,0.5741942788389267,0.008768958592199052,0.0006139128699720773,4.010626457527208e-05
4,0.0009723274231891843,0.00037112296459182703,0.059224989595242576,1.5048653667675386e-06,0.22899375197992267,0.0025371129829309517,3.7370153228823154e-05,0.016170590821234444,0.954457086648735
5,1.5676243147029968e-06,0.23157700620663743,0.6038353028657663,0.012384525870294183,0.009059024715811695,2.3628188228261463e-06,0.008045138709468417,0.010802017721610546,4.936847719228648e-05
6,7.98238956421315e-06,0.7450467405455977,0.20047725006573705,0.010528230044638192,0.007362163811565237,1.0813410672714134e-05,0.007288759401487389,0.0030534274089457593,7.349527291593723e-05
7,0.00015227982089961457,0.9976980325269061,0.002573311984217952,0.012134942733517813,0.0006226867242730517,1.0702719416452941e-05,0.0010835817868658738,0.00014892894163343192,0.018291554284391578
8,1.152886159393529e-05,0.7766941686331061,0.1357622409901452,0.05793836617614668,0.000945874390534487,7.326772170631641e-06,0.006549128386858678,0.00033626746403839713,0.0005021215919898908
9,1.7827387847613516e-05,0.337222301232718,0.5865637226760552,0.040618263649590335,0.0012201547587055942,4.669471062255103e-06,0.029073981596819468,0.000550968569413166,0.00016392832526191368
10,3.6917484405105615e-06,0.1514898477108226,0.785062121978647,0.07006236209153924,0.00026269683840104676,5.316271031004577e-06,0.004282065815195412,0.0007102954085487159,0.0005482708664603474
11,0.01629187950394161,2.2585993126829236e-05,1.5622636027696415e-07,0.0012996186246634115,0.00031236956876962667,0.9769702695706735,0.006965788402952859,0.015495378944991941,0.04625242043384681
12,0.04743594182179582,0.0001348880251235448,1.8928971800874136e-05,1.73931626100294e-06,0.008408760909733278,0.0020755408822088236,0.006769399736507645,0.9663826082370954,0.010421386156264844
13,7.101710006083745e-06,0.5750080042021635,0.42779404026455103,0.0010563932817385306,0.007749782205168834,7.747877639753592e-06,0.01690032388843036,0.007745783494976716,0.00024244548082457258
14,0.0098646480375187,2.7555875166768322e-06,0.0032666059437519664,2.3044306378472188e-07,0.005299510214943677,0.007834478114537045,0.004898631406240814,0.9749488785231286,0.016598033384453096
15,3.999202867343343e-05,0.0034731503764196623,0.0033164167971773293,0.0003133402950810662,0.992134474866829,0.0014623049261564016,5.442341985866888e-06,0.027668122593967406,0.0034528802396417532
16,0.0035776097267326617,0.0026771162144965084,0.051572785947220916,8.191622022967248e-05,6.125798357431612e-07,0.0004003214665382443,0.9943616086203605,0.006748375739898486,0.0015794638658867509
17,0.0015079201939195946,3.2696634827683483e-06,3.084548682646305e-05,0.005257460969118004,0.00045812582881397284,0.9958012307886162,0.001132907911984294,0.00042680682652848834,0.0033250063531096814
18,1.1462181537469088e-05,0.8387492359417975,0.060531625853581114,0.1310341189496148,0.0005005432308380504,3.193567756643713e-05,0.0012396162671243496,0.00015616819688877589,0.0014637097988825201
19,0.00047309456985320767,0.9971326349277443,0.0002112555901375396,0.0014370636938274054,0.01219331469976685,2.0845385817862485e-05,0.007400839050595669,0.0035722707164534003,0.01884641997597775
20,7.5218680176585786e-06,0.7878771960087203,0.1370615963972429,0.05728017531191772,0.0008067347388839912,9.468684145324295e-06,0.0063632002192407135,0.0007035607711529295,0.00010989443009949546
21,0.009865682708836481,1.5987789672183137e-05,2.129125081089953e-07,0.0024339687643425887,0.0002640812522274315,0.9786548971908253,0.0051834706267835755,0.015783910261701346,0.03619899715641581
22,0.002316686971986308,3.5473654310384457e-06,2.587189490783405e-06,0.0059880592779213305,0.00022464657376463945,0.9961732686798371,0.001895539695325694,0.003052359839206338,0.0014704999838962027
23,1.2539735328884217e-05,0.5896494718488522,0.36438268487206427,0.0009205913515835408,0.011976890016425058,1.0960560728680937e-05,0.010220806086010878,0.0049287384932710935,0.00031455621801506196
24,0.005338407151856592,0.00041034857615398704,0.0015354838700097852,8.456349192542538e-07,0.006678084909634695,0.0031118719911001876,0.04862919340126681,0.7951486450664863,0.0002479595351629638
25,0.0017981413028561957,8.148644959998513e-07,7.4466844693725815e-06,0.013872476174196471,0.000568971630739612,0.9984421402460631,0.000438595865943353,0.00247673823723234,0.00013205387530662805
26,0.0005009572996334173,0.9728283711650888,0.012320681953620441,0.011469385098190874,8.285558826435123e-05,1.3974869492381436e-05,0.005830492635866124,8.704964823817391e-05,0.081461061071203
27,0.13847420694401774,0.0006918805857659377,2.168146690105679e-05,1.0150593265982084e-07,0.00433699147639406,0.21804942381865697,0.01859139704462134,0.2775226630221848,0.20048989379448284
28,2.4241548510891523e-05,0.9734189857928667,0.027793192770641628,0.018898572338281103,0.00021183741319932874,0.0002467126918428565,0.0031040378561293176,2.570313709591982e-05,0.010819360538362459
29,0.029173684059420713,0.005808445828606613,0.027515081836960404,3.30829559305893e-05,3.184058809785808e-07,5.63151111284756e-05,0.9992922838623143,0.010438423527106909,0.0038843791016901423
30,3.3084891477456946e-06,0.04845317899283746,0.9144607866737615,0.11229841576338563,0.0001474082037320878,4.58397305742957e-06,0.0036120655883217895,0.0005172250728223741,0.0003476435664200672
31,0.0011191868613388322,2.8360008857729177e-06,2.9918505441400983e-06,0.005783624911399072,0.00028032204068705556,0.9985639681680438,0.000905609756153609,0.0008629630731230504,0.0009623950169855725
32,0.062112259548881645,0.004765448191989712,3.5763047671713467e-06,1.4842092071219838e-05,0.002286964086946355,0.015734287353371054,0.002253740217360535,0.8496736505553755,0.0008380005676488344
33,4.0445725984694287e-05,0.007193937915777846,0.003940245698836915,0.00029400273589661006,0.9835870090486953,0.0013343957232103227,1.3307648425543168e-05,0.019608789142491357,0.0035864552440660054
34,0.00013552977794610804,0.4359537567376942,0.000631023461534797,0.0035970930376694452,0.3889973999856625,0.002640740332725182,3.886938646190198e-05,0.0005849294985535822,0.0051233051215120685
35,3.237864758310121e-05,0.9703104885972021,0.025155809458415383,0.019352994001484044,0.0005892046482833188,2.643099031887842e-05,0.014856743371553913,5.608209903023127e-05,0.0031759821108752386
36,0.0003181400676461468,1.2485835077395608e-09,0.07735394075679183,1.6579389794727032e-05,0.0002125050939101649,0.32884882761570916,0.02027209834284031,0.6363418040342098,0.0069903573582028
37,0.0018945762543036379,5.52153900727022e-07,1.122599635638712e-05,0.014449010102006169,0.0004551034672445879,0.9981521688729905,0.0005324156801615956,0.0031617878412886825,0.00015708811518482378
38,0.006591837091217024,5.558837671928958e-07,0.008106999840559563,1.2413088153538018e-07,0.003862358736999732,0.0013389789160842644,0.004893423771756742,0.990626764717088,0.0395390600801966
39,1.620915065560749e-06,0.6353039455984415,0.5288441481247941,0.0019235977294474488,0.0003102033866741168,6.443131955843062e-06,0.0024693825696022772,0.001023204169028584,0.007842541907764004
40,0.00636525481131869,4.096948082152354e-05,0.00028692677790123205,1.313492529082431e-07,0.008035501043541539,0.0016759443659288085,0.0011127852718872061,0.9856394534566669,0.040296182671925036
41,9.097468017834922e-05,0.895819595082761,0.20632694624277045,0.011869074524513596,7.628211645858422e-05,5.6989721321793026e-05,0.009964821900529285,2.4305719172760554e-05,0.007520507355470448
42,0.006818127356891791,1.4442982186162018e-06,1.523798070202098e-06,0.0055225312970150564,0.0001759113851684362,0.9346370554773995,0.006584993171057852,0.025781523954780443,0.029198605455273096
43,2.1145518594529965e-05,0.8309656691682874,0.24147051783988224,0.007719455754179395,0.00037475755425154546,1.3823710746471014e-05,0.036445811700484436,0.001111635547353137,0.0004620200028382721
44,3.5587601627892595e-05,0.46381586588096074,0.4224475465342904,0.00036646378997243055,0.010438509176038396,1.1039926465379952e-05,0.012019194336843352,0.002974626256222692,0.0012668727118970464
45,0.003077831220209427,1.1391436218372838e-05,6.480153526013241e-07,0.00522507732993456,0.0005692777217827477,0.9978278068972225,0.0006115656390750756,0.0020312298338218656,0.0027038008392556716
46,7.2367023297390955e-06,0.2660361249487427,0.6107088448412032,0.18128857239237495,0.00030479267398789833,7.578790999202454e-06,0.0037274753729112644,0.0004919453215544591,0.0001523096821257618
47,0.00011677816975392993,0.808236665201318,0.0030827308364306414,0.16575216479359675,7.870811394692409e-05,0.0002758019112198657,0.003132424727749746,2.0193653233752336e-05,0.05375748013837161
48,1.9169229755515966e-06,0.5794892801671959,0.25327465611517647,0.012905675843386097,0.01778911106061404,3.0481515974378813e-06,0.0036623505128259475,0.006975637350390675,8.666748693602278e-05
49,3.0068529208369307e-05,0.6977891577420944,0.25519501512971327,0.042543703600600946,0.003058005980391804,7.788999540020895e-06,0.010875148569231576,0.0006040409085666779,8.669705146012952e-05
50,0.0017178422855571697,1.5597037148154996e-06,1.1167246822949847e-05,0.006038066726269412,0.00030649058892188844,0.9987529902863851,0.001123849516641258,0.0010174833227520883,0.0006753467648558361
51,2.5120588743062406e-05,0.9945322196840057,0.004282736830892325,0.018617547255050174,0.007376005360762858,2.2915418914306252e-05,0.001632033952789432,0.0002744133866049992,0.0008353770248347556
52,0.0005927425123458429,8.312346745579838e-06,0.002573371217403651,1.4007402842106366e-07,0.018777460793161976,0.0019507936854180187,0.00034424743873120637,0.9965778932680958,0.0012976959343839944
53,5.321975591774542e-06,0.8876959236745794,0.009549259439769486,0.28193771008635315,0.0002294267574006508,0.00022581679038424378,0.0010473166713001224,2.8144813932562093e-05,0.002169984136220867
54,1.0809010153893544e-05,0.8388387270277142,0.2753496295250755,0.011512227576925936,0.00010408137839349562,3.5008286903526294e-05,0.007455584886680341,0.0001813922096392988,0.0033985641274306092
55,4.819158954103511e-06,0.5791020080369959,0.2715518567776417,0.03276616327828322,0.0044031252078081005,4.940230906232203e-06,0.004595266945260233,0.0026273037886013076,6.764652068849175e-05
56,5.804840824840061e-05,0.47765349731459134,0.36165116326612834,0.0008347057585893581,0.0032846849533285575,3.4610143672811084e-05,0.00752070921472096,0.0006438475718616403,0.0022311017885544163
57,0.002341219797256201,2.7295524665830295e-06,8.075332291407052e-06,0.005089738615567884,0.0008043745666121271,0.9988236795657269,0.0005114507642829797,0.001020117762203106,0.0008912183035750393
58,0.006445413437399565,0.0006952350712384191,0.0022446965599229175,2.250281551124584e-05,0.006601666780915362,0.022676902250516526,5.46956466364789e-05,0.000752096886466158,0.9912216989157269
59,0.00015454902796123887,0.06467959557022851,0.03167879282933675,0.006209758559046643,7.414901000330241e-05,0.0006964893708902017,0.01656326568557344,4.8470962609666716e-05,0.7779845375054485
60,0.1149216245076895,0.0007500523604021993,0.00045907396260291676,4.859081063978309e-07,0.00011826733895861237,0.0027705392869122564,0.1357179790204333,0.13933380511375376,0.10009213795125808
61,0.0003530033878322128,0.9834174342595572,0.02615874692858495,0.00913780683488877,0.00015687612872737906,3.2740848830073526e-05,0.007471933330245489,1.9542276406810092e-05,0.03678997011155616
62,0.00915044723277125,0.0013909535235968463,0.0076025320199538966,1.083440277085823e-05,0.013460805001800188,0.0036493449962737958,3.481851037337064e-05,0.0017261092676290367,0.9946758576345287
63,1.020136071973548e-05,0.4066923164875718,0.3930110311406972,0.12481154880437123,0.0005604072439126678,4.465124331766606e-06,0.005334933802779739,0.0010307740940168428,0.00022692251625673856
64,0.02240528148544007,0.012623802077781365,0.00024762832091432106,0.00019894158657668163,0.010797537631978788,0.04362945775836295,9.55176921448634e-05,0.0002384899660391883,0.9542862822583166
65,0.0004360308584991838,0.017966122371122294,0.008234815711212555,4.753083609748741e-05,0.3615195775426703,0.0005379229535703862,9.086906634319968e-05,0.05866044335789152,0.013843052076530053
66,6.759404789184243e-05,0.0033347895703264878,0.6291985348738867,0.0002439769487742357,0.017979392811832928,0.0016473675062999623,0.011353617949267722,0.0010749763382439663,0.006009724681557538
67,4.962707219707931e-05,0.21828179034853026,0.5096129899660369,0.02507499950321505,0.0005610427151228554,1.2713807864060284e-05,0.01149566607354981,0.0004987008750162659,0.00023052664509430783
68,0.005878823767661664,9.352572749530426e-05,0.00013176094827564624,8.124697691106966e-08,0.04399173206687414,0.002197068289616959,0.004559423332977855,0.9975939575683468,0.0016329698441712478
69,0.0008768771330609178,1.742305022627241e-07,2.7562327546322986e-05,0.019518031943961317,0.00013172198974082349,0.9975702263521801,0.0006795980256143091,0.003975864646740031,0.00019210985470253044
70,3.365286351438685e-06,0.1982976390741224,0.5760640568634294,0.32042969438115626,0.0001389229796155407,1.077646910387549e-05,0.0019434771171583493,0.00043116967536644557,0.00017089938973763533
71,4.9048943883107316e-05,0.0031017505343804387,0.0035362090417376756,0.0002969107286941005,0.9933529828472325,0.001258863269765116,4.595308231907056e-06,0.02715566832342843,0.0036960617621929794
72,0.0014703581515089356,2.0805685316894047e-07,3.840096388434898e-05,0.014721090093330877,0.00015886848689702001,0.997435206581449,0.0011961066919004165,0.004278573206286675,0.00018757792375591562
73,0.0013787349602233927,4.2566173065246857e-07,1.4801072908081234e-05,0.014941479572364403,0.00029114415990407264,0.9981453558988949,0.0006284274184288607,0.002663355120299469,0.00015647775859419476
74,0.005758296485401428,3.425219154110705e-05,0.000275327003072659,3.7586999292519663e-07,0.0059176552481772105,0.0020800571811770197,0.0013873925856796709,0.9961467540328758,0.0044332817021445975
75,2.546249394365065e-05,0.0014665666579173173,0.00285589958670389,0.0006087024905015125,0.9860239568727983,0.004135607819568943,4.099416407361184e-06,0.042313181083162,0.001787627519800871
76,2.6410618934217053e-05,0.03548088774171655,0.11309506430626062,0.6428140665213089,2.363624897394189e-05,0.002332148590741389,0.005006847482523707,2.9708854739956118e-06,0.008891837789731044
77,0.002990295036708571,3.258747630587842e-06,2.189743218634013e-06,0.0060745983561785125,0.00031032027680558106,0.9964879464339216,0.0013418831247990813,0.002891138391610661,0.0024571201549546517
78,2.3983643765587785e-05,0.36647023275176627,0.008350784991157378,0.00042965154457820737,0.8192752185149779,4.1462920499151475e-05,0.00010058592683853585,0.0077747543222060145,0.0018683810898543177
79,0.005336756628692332,3.598872555457787e-05,0.0007203232472255198,5.363503317665877e-06,0.0027596260735148915,0.0383469670826118,0.002394779535455784,0.7624017454665101,0.0005628620085447729
80,1.6802904012385914e-05,0.31364430244839786,0.04097332207288522,0.5265840128283934,7.129526511287404e-05,0.0007542107058157653,0.0022832365333529097,7.933138054514067e-06,0.0032769333279757677
81,3.298820392702721e-06,0.7004874036905959,0.02515127444505323,0.003240808171571306,0.3074562244567823,8.82601044655401e-06,0.0006134841138669715,0.006061755452808139,0.000556359763337256
82,0.03548145141967193,0.0005851312436856238,0.0003292708238960675,4.404435999157811e-06,0.0029055441422007108,0.04646453066643208,0.00022552654495633237,0.0035409464736559223,0.954038841357227
83,1.0509053535150682e-05,0.8728192015422285,0.11028589647293692,0.000778001873558825,0.0018048202543433317,0.00022261330101396978,0.0018334531578343839,0.00023712455845256285,0.011388579517190496
84,0.11586636589504051,0.000294051513881485,1.1502143380928606e-05,2.084584591372081e-06,0.003761893935365799,0.004732861122614503,0.009000083459089203,0.8989029050431283,0.018711351126895752
85,0.23623827013805004,0.00017140622668613414,3.7738485306272975e-05,1.7400987187164174e-06,0.004034101290181942,0.0035891445905510263,0.007416084685418657,0.8954638951733611,0.002723397590003435
86,0.0005258459391991376,4.422927300554579e-07,9.975591736599146e-05,0.03915915531654847,4.7603005952750836e-05,0.9893836805405428,0.0019711875038515396,0.0017313724642700346,0.00011819961310510553
87,0.004302685884518573,0.0022019354524331295,2.5479282642306493e-05,5.344284178588753e-07,0.028071006156879293,0.0007343865199625485,0.004782219688712476,0.995540641922729,0.0005764607334504829
88,3.5783369010637884e-06,0.8049709196683535,0.1344717832580777,0.0396038365032199,0.00042700117451372074,1.532538710759152e-05,0.0014150219822317062,0.0002604112578478016,0.0015462695081978116
89,1.2716900105580085e-05,0.01979936055903076,0.4227910845380363,0.13773765873228297,0.0006780297663600945,6.771169742460551e-05,0.0005723663514496011,0.001087361544418802,0.0007326392806049286
90,0.010164223813106608,0.00012192066537223205,0.000512170953710467,4.5017774887790624e-05,0.0038706180564152593,0.10107685713223771,0.00014063761738188998,0.0019131017933499655,0.9491164606074841
91,0.1340050417560298,4.503454391519233e-05,0.00027261766262983865,6.51426937112742e-08,0.004202190736589317,0.0103868960072214,0.0054052343429956155,0.4754523166449751,0.35826490134864836
92,9.632656062527369e-06,0.15581258796604155,0.779507324267069,0.0007896503217567814,0.006720574879498859,1.75525683524418e-05,0.03422256956840049,0.002830547366068157,0.0005886116992400807
93,5.7273461601833504e-05,0.22637045102627196,0.47995677176729706,0.025567525863179858,0.002785600737761051,1.0485979240985526e-05,0.015104087325762615,0.0003848731966400925,0.00018256695495678701
94,4.812931043085788e-05,0.8115352210278601,0.13352065724752074,0.0077501089797056355,4.239253108014334e-05,3.19636254287464e-05,0.0219539601159559,0.0003156603794179843,0.0008295919426674398
95,0.010085309125421547,5.183400003186809e-05,8.723595346943137e-06,0.0001889775408976636,0.0006327528092029638,0.9883381611042058,0.0022325149760618803,0.005193500107943213,0.004725108646484527
96,2.401981150428851e-05,0.6206445215817246,0.1827219873701981,0.0935735634481407,0.0003744350521603979,6.2614200097486415e-06,0.0051358742199664265,0.0005792431801216794,0.0021394376442345486
97,1.9409500637588644e-06,0.5147057202114552,0.12103656501852669,0.056965559941755554,0.000177820353384618,0.00017940327188074282,0.005243499608803728,0.0005568847075344253,0.000133319665678923
98,5.29019502422731e-05,0.003364369432844729,0.003058534828911319,0.0002465741230539777,0.9927833008724368,0.001199775530604388,4.776093892367944e-06,0.027367185339823963,0.004049524732142196
99,3.418338875638199e-05,0.9014010545872766,0.1286507365318865,0.007462433759965437,0.0007416124069432331,3.3086912413512204e-05,0.031113151034913886,0.0006948849850924924,0.00011929128403546947
100,5.412294380032546e-06,0.958904216303129,0.02921900395782592,0.011863405016850204,0.008762955613986234,7.61875581632882e-06,0.001971545274410699,0.0013465956242670748,0.00046157115627072924
101,2.9885749114862132e-06,0.9580384525972218,0.025092408731768826,0.003287851506834695,0.024575664869010968,1.0775302877455666e-05,0.0035725762345627816,0.002429080932225246,0.00046961694035492615
102,0.002274466509057799,3.3237373811876843e-06,4.315189002712873e-06,0.009355599671808395,0.00032711281345485524,0.9974010419034702,0.0012006915637417864,0.0035862536841918453,0.00017389160679642037
103,0.0006635857069172646,9.724453055997684e-08,6.286423538994161e-05,0.017402318724939896,8.777874276481126e-05,0.9973562641203079,0.0012575565010927733,0.002486943417939933,0.00019349957008704953
104,0.0018068292333019097,1.0950814615041372e-07,6.397682595872165e-05,0.013598871944559927,0.00028800016807601367,0.9976425669804413,0.0012457650946941692,0.0029813840700688133,0.0001750777767048532
105,5.135796023474168e-06,0.0036655234398922246,0.32047903933276534,0.8591377826558304,1.0719541640574401e-05,0.007449457919117071,0.00819328853098655,3.4174711101942496e-06,0.0010444852674640092
106,0.10828640623967656,0.0003362281811393502,0.0003276257321650263,5.99366252306699e-07,0.0005755704787113623,0.015178382065869064,0.058492251808442766,0.16345451942276953,0.04527280551489359
107,0.0011978687060747492,4.59353192280662e-06,2.395734171690509e-06,0.005011283200238919,0.00030443438671475556,0.9985216530744112,0.0009886863908426355,0.000686292631824602,0.0013134600325569229
108,5.672444390982035e-06,0.3469525590552906,0.481051461058196,0.1546304996104363,0.00029964366119745306,5.370987481424574e-06,0.005155108630072247,0.0005964296479941878,0.00022028892553648118
109,0.19834138994866732,5.2452828825428407e-05,0.00022124438213061258,3.574544402597944e-06,8.227619484059643e-05,0.04507991754232516,0.4089211811303655,0.18616734418092906,0.07511822012463873
110,0.0025308355558890435,0.00020364621293697725,0.003729598817421987,0.00021356796675342952,2.3793226027121645e-05,0.08326022920190658,0.6477583164562883,0.004109804538287494,0.00016282310354701825
111,0.003441324105392161,8.148830366646829e-07,8.274898781831657e-06,0.01158718618101193,0.0011839720496214675,0.9979481370602177,0.0006084968966721752,0.004219557240053526,0.00010315712268241478
112,0.0017894635492922062,1.4888367196063705e-05,6.220303607259874e-06,0.009051136999172689,0.0020692619533628407,0.9965815317521973,0.0005407170340861881,0.000698151571860882,0.0004112093307787727
113,3.7805485855805655e-05,3.727917901805007e-05,0.12284164110619379,3.9790564079016695e-05,0.013380583077352898,3.929629141055946e-05,0.00042198224887075305,0.922515045913527,0.00506746826395489
114,0.00032053246132983826,0.9989421504287104,0.0013193992224605218,0.005397961426182556,0.00028636125992580446,8.055940824167155e-06,0.0019563662196558384,0.0001338132096508436,0.0509378383087234
115,7.594532299864926e-05,0.12484887365339337,0.7504387410814437,0.01290501214651447,3.4950448120475835e-05,6.513145342469004e-05,0.17588635623004897,9.169449314465674e-05,0.0018935156268434263
116,0.0028488252592174467,3.239458434166711e-07,0.00023544450401626825,0.0033711245364410397,0.0002560262416065103,0.9947105813084014,0.0025658621766939493,0.0023527244648070553,0.0004897561854552007
117,4.156151352720282e-06,0.8492673348087237,0.0410316188142027,0.1994343342092369,0.00030679235315417063,2.8010422749456523e-05,0.0009901931896572132,0.00011920249256043495,0.00121067619811404
118,1.5957209941886782e-06,0.8357807446630983,0.16365354520882033,0.005994560196705867,0.0004880705879043245,1.1889772087751955e-05,0.0008107844041374896,0.0008931704710430026,0.004860114702519752
119,1.652816916681522e-05,0.29385657478995103,0.5178805440475205,0.1232953849555293,0.00035999371013793746,4.667394401861303e-06,0.011315101724951855,0.0005145055319790501,0.00037789434237251324
120,1.2456155739089149e-06,0.5428900836562908,0.5084587547162881,0.0007274877868289868,0.0034027146985059187,9.322803895055522e-06,0.006310562466254367,0.0014772242304661334,0.004265409327091731
121,0.0038606107051450725,0.0018473906112455366,0.23390583749086022,4.344386630978171e-06,3.398602663863333e-05,6.920468105532325e-06,0.8477933449348751,0.09342240366740237,0.00444764981120269
122,5.317632412365573e-06,0.771006246241435,0.1527514515320464,0.04980805812481217,0.0013555914081809129,6.604280653614089e-06,0.0030931321418994537,0.0008223230946562992,0.0003044883198148485
123,0.0012304358988237327,7.946903208263912e-06,1.2621343636511547e-06,0.004229574795793846,0.00040051940420566753,0.9988819541980858,0.0007422155022295729,0.0006104610556901908,0.001611987326129242
124,0.00802531652594056,7.699348258238315e-06,0.00010409136462650651,0.00032132414032316775,0.0005222448389974588,0.9816825438143177,0.0030203317629963707,0.003930301217570085,0.002014386651609636
125,0.0011775864993715352,5.4635142858408245e-06,2.0109965232820527e-06,0.005090851289527011,0.0003060587995381239,0.9984945535911124,0.0009162471484673435,0.000661712400921208,0.0014266189176614652
126,0.0016391580448667715,6.131690087635012e-06,1.1770644219296059e-06,0.0055004254451616694,0.0003820293359005935,0.9983807446474023,0.0006152087915057235,0.0014501294688654806,0.0019817397360711976
127,0.0002024824418959551,0.687605266673603,0.38261374559757044,0.014227034198469933,2.9370541578851235e-05,6.884908231553743e-05,0.0203506718715316,1.7778918951844343e-05,0.020787009581266756
128,0.0019497730804845133,6.7645043351273204e-06,1.2533180732742159e-06,0.005551230755160976,0.00042238064758086754,0.9984809464955653,0.0005416335139504352,0.001603341634238984,0.0020009470104371
129,0.0015290718978446167,1.3832159711618632e-07,0.00012433473161987683,0.009279517133556573,0.0001515827161895987,0.9982218453136504,0.0020640471121164037,0.0027056651248640417,0.0001565176058820728
130,0.00017610715854188505,0.8049114073294318,0.059001235676011315,0.005809272335073037,0.0002197068845063704,1.4924869244733975e-06,0.033580432280349036,0.0048838819135005014,0.013162401822398088
131,0.0003197810504633093,0.9615127787341159,0.0043339340934589405,0.05002962045678869,0.0001041223312632733,1.633623865636046e-05,0.0026283449664308424,0.00012850741286276224,0.02756188001892134
132,5.946773143027967e-06,0.9941632380598108,0.005181111123098594,0.011745814827001664,0.003446535708353729,2.1281476494915185e-05,0.0016093180684533892,0.00047742780292512796,0.0006767202211956994
133,1.9737882898151496e-06,0.9834731660550142,0.017018461512812024,0.0015220412838618546,0.022592322882407322,1.299466814073204e-05,0.0019472298165185903,0.0034660306727181305,0.0006720500546462335
134,4.1715681803025566e-05,0.5109597014135739,0.11435921448613805,0.14283952734814165,6.314842385532654e-05,0.0003778610678051845,0.004040991266470182,9.20785915004286e-06,0.010094579343414675
135,0.00015439619589233832,0.4376383457133708,0.0030317283507229303,0.47597564683965543,5.594668344047661e-05,0.00020321791112891803,0.0020114595516726444,2.9109783166583585e-05,0.026955855162973007
136,0.0011401443681646067,3.154501264047206e-07,1.9657052586235678e-05,0.01502113269222221,0.00022047426307270128,0.9982294854100207,0.0006604032227771697,0.0028334842769757794,0.000137311549542947
137,0.002343516983995429,3.3727001884599416e-06,0.000921835056480098,0.0016534994150559485,2.022140844955036e-05,0.8193785227289916,0.1631992323997858,0.0017935681709515942,0.0006911794750510389
138,0.00349364216629721,1.441018853044712e-05,3.5896033418235084e-06,0.004714558250575021,0.0010089578157472185,0.9588321855775306,0.001245164495267264,0.0014552872130227691,0.16344483323104747
139,0.001190453058023923,0.00023309107710184866,0.000148335383682333,0.0020135791959174087,0.005204841139943071,0.9716592475065484,0.0001019424211271564,0.00023696522062012675,0.015860360157469798
140,2.2506963443013934e-05,0.5688588893476993,0.3478896371093713,0.10389148651123989,0.0010386761705256842,1.0236090825057317e-05,0.005163805558664832,0.0003537683677125034,0.00019710282173406862
141,0.00013719245799885055,0.023296110970452324,0.871324109498609,0.010889324869251793,3.555076709161765e-06,3.617991481284317e-05,0.634070578253341,4.124836862114825e-05,0.049329781351515015
142,0.0018591637574345335,0.00014715330604007356,0.003987480169220779,0.00020760643508797188,0.00012210958186867915,0.0046399685869755606,0.20106479841427793,0.11694281169167003,9.426859458003501e-05
143,3.523282900624336e-05,0.552198063996315,0.3873391507982109,0.0003390134809621669,0.008550407517598505,6.601864345696838e-06,0.018636581089787704,0.0036441366630690724,0.0012002093592273612
144,0.0008304944517913689,1.7014194759839173e-07,2.7793811985944075e-05,0.020916016849379115,0.00014706268353646923,0.9973742646367518,0.0007314992539634488,0.00233048210541272,0.00019625809801497704
145,0.08508720318675297,0.0003757448285241031,9.193777854669814e-06,1.8072151771383803e-06,0.010737269674383643,0.002777106354743277,0.006614077386993001,0.96057299216148,0.0086269270358695
146,0.07709975025378445,8.059622123137859e-05,1.7368122821052947e-05,4.902339726576646e-06,0.0009729987107488217,0.1269244506335902,0.010407741504718298,0.5345264792670654,0.04726253482919298
147,1.709161777493395e-05,0.6151968752577485,0.27406183588864064,0.07337664327288561,0.0006608910819166133,1.253790338962744e-05,0.004669557768276106,0.00011228677844034887,0.0018058503324362987
148,9.401076464815604e-06,0.9279627799970137,0.10219179996060973,0.01875377096121229,0.0012464628771089404,1.8883436865323622e-05,0.005650770804837946,0.001739688064873337,8.598380983508007e-05
149,0.002928923882852619,1.0248127026909744e-05,4.324903801699278e-06,0.002909538207342707,0.0011411858802894323,0.9984372631874607,0.0005315447132313723,0.0006424043736442002,0.0020361929190915403
150,0.0007298976120685011,1.5718454484084752e-07,3.1724120348827566e-05,0.020593667700894838,0.00011240081934101187,0.9977534197376385,0.0006708142247884738,0.003060284482912237,0.00018640886257320353
151,0.0005313481217640095,0.009421997659494898,0.03142856437017455,0.0011585092871710676,0.00015082324886145221,0.018095988970371353,0.008387040642603679,0.00305715405888651,0.0003592892736004545
152,0.0015578684079894955,2.0689230914473857e-06,5.475750655146561e-06,0.007315154087763417,0.0004774098319246136,0.9991306705593022,0.0004430574150991158,0.001036349783125215,0.0006225119295748304
153,0.0028765859427793018,1.2501296246276846e-05,6.963412654283476e-07,0.005417762514138441,0.001592322131116684,0.9988183315669175,0.0002909738978738535,0.001149114946023428,0.0010137783082511216
154,0.002396514382252638,0.00048240226348128014,0.007214998945359767,2.6046045879437484e-05,0.022630974312461076,0.013889952199283583,2.180695198910645e-05,0.003112422161781912,0.9772005491451178
155,6.035147850381445e-06,0.9895617173424792,0.013494279937705342,0.007288097950555262,0.0013008057522758468,2.6292113235835325e-05,0.0025940075528593527,0.0003123556204350966,0.0011492389940295107
156,3.521868050932695e-06,0.9460134667965145,0.03354911838662834,0.024976907002773847,0.0002526876212236885,5.248136272372519e-05,0.0014914631523562374,9.859477750210844e-05,0.003819371962183294
157,4.179866627487684e-06,0.991782532135904,0.0019735763264351735,0.02714070930383278,0.004992585892134756,4.225290031191162e-05,0.0013223726074705262,0.000555859953164026,0.0003006574866597067
158,0.00022046170398567341,0.8855977168637095,0.04150082335143673,0.029829773502717788,8.194163296940934e-05,4.1995712345051334e-05,0.004423199367764342,3.508440902471979e-05,0.027069106590293917
159,0.01473752934750119,4.970726656243354e-06,5.891191699520313e-06,0.0024625074520457824,8.322496582757348e-05,0.8059670878655518,0.12141293791472534,0.03934990293841382,0.0043659018784610645
160,1.5021367431069591e-05,0.9925929657519936,0.0021602027006028166,0.04516713522955723,0.0015350247503143355,5.8810530569469586e-05,0.0026352819133367406,8.376483974090249e-05,0.0010472209221118745
161,2.313822487496337e-05,0.9204909311683854,0.08327654595549104,0.002064432920587704,0.009869166383756879,1.776813709375585e-05,0.005134078923460131,0.0023797256000936532,0.00018887297287902648
162,1.5756477621414982e-05,0.7429935918056642,0.18653192676404654,0.07483849181657498,0.001904815551668021,6.950016626352329e-06,0.005252760865875636,0.0008210044979085648,8.650504505042418e-05
163,1.7849427975502444e-05,0.8047442930660004,0.07280010900160051,0.09801068444708508,0.0001006155211569202,0.00012186083515076169,0.004953289387063497,2.4248626440337828e-05,0.007250987257848101
164,0.0030038315949200904,8.139892519564938e-07,1.0251945170107529e-05,0.007593567429382897,0.00038716865834510073,0.9977189780428282,0.0016111649982662006,0.004235055358453248,0.0002416998998904536
165,0.0020507180691500424,1.2577621005422273e-06,0.00016721779026044546,0.003259648222727932,0.00017555197687901475,0.9894111171040834,0.003895336274283913,0.007175078806985836,9.25044518186026e-05
166,0.014737103596384258,0.00012021031568239678,4.4409218599309764e-05,1.2465707963997557e-06,0.010435606296172507,0.0018360746237576064,0.0035698172649200805,0.9947634366451956,0.003286018117677645
167,2.0164157263991714e-05,0.38093697153925327,0.41136295753807145,0.017567955897708726,2.391764001438801e-05,7.964435199834842e-05,0.08371127139213379,0.00014035759928515188,0.0007132919613102656
168,5.7900053548378505e-06,0.013810714517693074,0.9767385871513977,0.05181985013297806,0.00015634874725841896,3.592226751332941e-06,0.006449057435735648,0.0006526769688441016,0.0008366904399333726
169,0.00010067741015470348,0.9436952682984799,0.04020314965365985,0.03573686402265384,0.00011865329294588194,6.006934144572636e-06,0.003301771926345974,0.0003059078187199727,0.004348046834082439
170,9.356693991533275e-06,0.9833787092186738,0.01448450675618229,0.016755079218777388,0.002027394070727926,1.6639820133312792e-05,0.0027967730319538885,0.0002674426616303671,0.0010133668783504795
171,0.0022487425957771305,1.9810853221639996e-07,0.00010590306763054535,0.007123103634033573,0.00023102253946817795,0.9978047568621102,0.001681472787289536,0.0024299783461528735,0.0002963784128118231
172,2.868036385220024e-06,0.9496341183434734,0.04562574242610363,0.005197101416338841,0.005205649509823183,7.431670620058106e-06,0.002955085722041318,0.001528723112573382,0.0004953285029461831
173,1.012199413357848e-05,0.17686639386125977,0.7300975139448357,0.1638306368993274,5.207885229841158e-05,4.818073638335019e-05,0.011243406754612783,9.700223052887383e-05,0.0005317170352121329
174,7.442688867132118e-06,0.40849814251123234,0.4086706927595265,0.013752806041620606,0.009556517567901811,6.400918474744846e-06,0.01054013006753299,0.0024660446528137507,6.357680366341615e-05
175,4.4405766212651214e-05,0.008523158758815649,0.002077119077062757,0.0003668585470922167,0.9908045238304152,0.0008969755023344528,4.500954797302887e-06,0.023028756911994783,0.0038595676973817764
176,6.907270289379079e-06,0.44134626824109513,0.06902657915681137,0.0018916148489686083,0.4065163922856878,5.997485280961548e-06,0.0013699692706750804,0.005822489074360602,0.000554459730426029
177,0.006016000632416905,0.00019826077761007352,3.423441449721506e-05,4.750692429211565e-07,0.038510592777649316,0.0009591098247606244,0.00275767524737334,0.9985705916135663,0.0009087870160060414
178,0.006272254512680214,6.368131479846776e-06,9.53266028181439e-07,0.0033558092345629736,0.0005793547357508307,0.9955509565932894,0.003561114405795115,0.014321657437011102,0.0003403146818187683
179,0.07403671863494034,0.12258682322125329,2.523051579737474e-05,2.4914641018093853e-05,0.04013467431118693,0.04411204548358699,0.00024575170186940965,0.0011794556062381157,0.9021471130064445
180,3.815471727813799e-06,0.7445712859803307,0.2302661123386384,0.02603527580926739,0.0004434418906464404,1.0189882249378388e-05,0.0015786722087446038,0.0003367884796812617,0.0015173266934886828
181,0.0008193669730866106,0.9465874865581105,0.0038944820647637563,0.0002858299487086476,0.0022497948508263853,0.00021814399358566108,0.04343812920131353,0.00028657030632813684,0.2689034716890792
182,0.0017923649534148268,4.059912820283568e-06,8.327021998770012e-06,0.006042086208077698,0.00033224121767531467,0.9969344342761635,0.0017751892071202744,0.0005255780649146112,0.002487348920329508
183,0.00010536668259833431,0.9311831123213891,0.014226859752942411,0.06214986781501686,0.00015416721981900588,0.00014610709606407627,0.0019419526352195539,1.4499084480473586e-05,0.019960426179805105
184,8.417484863361001e-05,0.5223440778199274,0.3372919284512126,0.029511007110992332,2.8654857017868507e-05,0.00029736202565127534,0.023706570904965488,5.515434236099813e-06,0.04144182953916115
185,1.3054856803275334e-05,0.07643901519508517,0.3401075012493543,3.046906229338144e-05,0.008695605950922966,1.3271762881522653e-05,0.0001269828308738276,0.009640999793485169,0.11166210517343128
186,5.7255213604864545e-06,0.1733694343168758,0.7092366835262636,0.28825780899054104,0.0001863105323528208,9.590116090389685e-06,0.0020380557574884517,0.0006145584712513601,0.0001471934184572829
187,0.0010737205063070655,2.1408520393480456e-05,0.0003015056840931389,1.345216044458973e-07,0.029601435627460055,0.0006075560170159249,0.0006242564923687594,0.9996477535361474,0.0014001571848582595
188,0.050432230233508346,0.00575442666783365,1.0879254176090001e-06,1.4813297085942424e-05,0.0038607422556323208,0.02985373256990224,0.00083651887489435,0.9071182260547569,0.0015786287405547819
189,0.0015244787089325536,2.54876041154881e-06,6.718540498440269e-06,0.009862446744320769,0.00026673046429232926,0.9977504563910863,0.0013406624923439814,0.0022120507101407202,0.0001142369298738298
190,2.2753389440888176e-06,0.10151045525831245,0.813174755961814,0.005626588108490376,0.023218748187914237,2.975551105944186e-06,0.01412567814072932,0.016168810555660443,3.68137630907042e-05
191,0.07508574257523228,2.4352614352115434e-05,0.00011910389599943788,1.0320944300472705e-06,0.0035207900868672068,0.0064056131445107784,0.017399443330226035,0.9076269562910381,0.03611657465707972
192,0.0020816720519154213,2.406127486802141e-07,9.384909780165992e-05,0.006134198194382185,0.0002035294112795225,0.9972355400264001,0.002588179578397682,0.0017319399154468364,0.00043159055712970536
193,0.002057492195617495,1.2889016466945564e-07,7.577951173170202e-05,0.009562546646514248,0.00016269667854577237,0.9972093428468756,0.002343040464081127,0.0028136798234959324,0.0003768413830932081
194,2.832853392209865e-05,0.5307497625843455,0.24464598201923507,0.0005425310013977306,0.013758101573236058,1.3374792540931396e-05,0.007960993464333842,0.006874755343186737,0.0007109140064963694
195,5.565656558522713e-06,0.18374483894196944,0.6715109439962142,0.29003207138105064,0.00016539337566856828,7.1164786434145634e-06,0.0027490082926336827,0.0004201705058674207,0.0002875692871848976
196,0.0016026310314837268,2.8706240957885875e-07,2.6447171701363427e-05,0.008502590872025755,0.00015712919935623458,0.9961956512947814,0.0026776999921621593,0.0023277316134146715,0.0006451300178329323
197,0.003082142716002968,6.375981537719221e-06,1.5488537650953564e-06,0.005825392846193695,0.000898362463827609,0.9988119898584153,0.0006642087905550333,0.0022307130971289846,0.0001996009946340744
198,0.0038663931362371558,8.67504285697395e-05,1.415986303646549e-07,0.0027608218977740935,0.001724539367176128,0.9990203874253166,0.0006176912920345568,0.0010623230429867166,0.0007879253826774507
199,9.63873028693752e-07,0.623811873714982,0.32032916446605286,0.0008727855380537316,0.017086732133613364,3.886758451294351e-06,0.0008155737629301056,0.0038815303015153576,0.0015644369237876933
200,8.179837400405169e-05,0.9464379283654338,0.03802148913083348,0.0048724017278758466,0.0010455082704149004,0.00033270109915690315,0.007045927879951078,0.0002735038133599095,0.0011180228779686923
201,4.946910379349466e-05,0.005312334325536027,0.0032832436746441504,0.0002727683167849756,0.9916344193090878,0.0009726110979797266,6.29194456224993e-06,0.022442127547071936,0.0039494216818453795
202,0.002909809391779051,5.920811798476188e-06,3.4426855899554233e-06,0.0034983942591500696,0.0010231451140352004,0.9989994749587212,0.0005397980329725087,0.0007987448731630885,0.0013756572946818306
203,0.029907037307680986,0.00012546584491196342,3.3272021257689615e-05,2.587946384940268e-07,0.02671566193747322,0.005601409709288731,0.02021340368179151,0.9732096888880498,0.005402168079488926
204,0.1679841634660758,0.0008794690273994316,0.00011199542052663993,4.2480064133063665e-07,0.001463580265494516,0.02356861205733363,0.0013132622282665148,0.02457436264470061,0.8863558977089847
205,0.09175713577383228,0.01226242677900443,7.652259561172651e-07,9.987162070381508e-06,0.002008341444333238,0.024632016415115913,0.00206612414500485,0.9109537572459065,0.0021876090094201275
206,0.00018220075788073943,0.9949964553393876,0.0007728119944232257,0.01154756832718197,0.00029864806961154487,3.479262791395802e-06,0.009555814668984652,0.0017329187361064427,0.07953709032034832
207,0.1413927395455372,8.661481465916983e-05,2.625922357725764e-05,2.4217160333832003e-06,0.0008474290270692004,0.04435467733948317,0.00906309071504705,0.6176265346527591,0.07427792902498252
208,0.0022494657312883827,3.2276100247538858e-06,2.4564513636345628e-06,0.008227290918419202,0.0008044174113176234,0.9985684180040292,0.0006447940756695873,0.0020240115721259356,0.00015550304499368147
209,0.002109033968116927,3.4909562936437267e-06,5.7007972160750985e-06,0.00471342568307713,0.0006202741566219059,0.9989974288829915,0.0006421683681314328,0.0007663137114928736,0.0012255376476506096
210,4.7816383890262355e-06,0.38848605481880205,0.20091918216808272,0.0015297038721352216,0.022271746820612205,5.3139400704281477e-05,0.0034209254446139546,0.012978341595587738,0.00011901416572131981
211,0.8797893384273945,0.005867280824402938,4.802619516560627e-07,2.667726884959112e-06,0.0011996508691907721,0.1787864591209567,0.00935882063566857,0.012547510265353137,0.05725480807386984
212,5.3555630721203e-06,0.9901887165939423,0.005489593685832731,0.02647833188964164,0.0006485944282046217,5.3833215632605716e-05,0.0018120223801691097,0.00013338451280660676,0.0016257171220351407
213,0.001242895944466278,8.288496440373554e-06,0.0005545551356798982,1.595617771471341e-07,0.0120846766530619,0.0003812654235842342,0.0012340785198893109,0.9991726524974917,0.003982866614593461
214,0.8006355712527158,0.00012463659347762223,6.214025785070372e-05,1.7890049574532596e-06,0.001023720075353035,0.016764030715077382,0.02692519739288553,0.27702588932056377,0.010111431388750113
215,0.0024111208115921256,2.7597675010474748e-05,0.0023591755661926837,0.00010175761317628707,0.001226332261653573,0.8315482876784729,0.0007272738319347602,0.004131281169099905,0.00781266456596754
216,0.006690440981648266,0.0032530709764370877,1.0863578970004618e-05,6.212927486068342e-07,0.028232283537866457,0.0009042428528525912,0.0046000596993073855,0.9956682544013024,0.0006569781752715026
217,0.0028673159014129153,0.00048554244547692634,0.02249519382555243,2.4903714647929896e-05,0.004949394368083982,0.013936137398269124,0.00020300155099799074,0.0008192693330747364,0.9897864840519525
218,0.01794779601007946,1.6941609825751212e-05,0.00026257242750623596,5.865992658076488e-07,0.004338888065722708,0.001756808858502811,0.013731436515957105,0.9826739684114614,0.014641337507092582
219,0.0017301677424255708,3.961550031220196e-06,6.5482153326503235e-06,0.0046450979922919,0.0005087786179141168,0.9987541344267165,0.0007761728937759627,0.0007434297532846705,0.001184687645344258
220,0.0019612540362098736,6.506301499428634e-07,2.462151348939518e-05,0.0083015282439555,0.0003416089917095474,0.9981251832579484,0.0008057935600680633,0.0031479240193894977,0.0002935808691483845
221,2.3275069055682193e-05,0.606732864396342,0.21044040980351147,0.009591557254289689,0.012539496430531873,1.4936627845888525e-05,0.013029280443560129,0.0007451694604940688,9.742350832915556e-05
222,5.1748245827447245e-05,0.7934224478206762,0.03647392990876494,0.02244693967571265,0.009960751073650423,8.01301890540959e-05,0.001827993946880324,0.0005590983476373701,0.00012880399577881174
223,1.4244773556756719e-05,0.9017794127493858,0.10988869769721424,0.015460772746054672,0.0010688965338820533,1.0192880123226645e-05,0.02697488593203513,0.0006665315498609159,0.00011740793188925585
224,0.0039004929988720226,2.812753863274598e-05,0.00027753485889808743,0.0002537481114151878,0.00046676732800435944,0.957859342976706,0.002902478999592373,0.0025353175133677017,0.0023282527582548455
225,0.0029409011721529465,6.394083075465885e-06,4.366554816411202e-06,0.004310180342693923,0.000463854767257292,0.9936047551387138,0.010032420816036825,0.0012979031861693007,0.0001492631756865647
226,0.0006618663201758441,5.905293721125895e-06,0.093671688438645,1.6220063477332012e-06,0.0024074592757226967,0.005646236694719661,0.02643372482898656,0.3916761964427823,0.00568029621365185
227,0.0012303883282725559,0.00022257623388847856,0.0407650210278969,0.0018057441411122464,9.119320662524771e-07,0.0005947204435186095,0.9459881877022025,0.008718660242151167,0.0007318758268358181
228,5.517285644230506e-06,0.9034334481881785,0.0695049450032135,0.00364436191574645,0.01971220181926754,1.0751324540876731e-05,0.0048569305063961175,0.0018057454268500912,0.0007436010073422542
229,4.694704306693409e-05,0.969174194481253,0.047534197624479246,0.02264138578916196,0.00013126654029808096,6.867360974594902e-05,0.006317855297923043,3.4466513075533867e-05,0.012759267267887139
230,0.005585447634369181,3.4538053130904834e-05,7.586465361460535e-06,0.0020885215333450407,0.0001885152237062439,0.9868881588234262,0.006980888926239813,0.0006605471952226039,0.0013644872555373018
231,0.0016172170515554678,4.150368035702674e-05,0.00021387044541598495,2.98528869654436e-07,0.03660953628359554,0.0016620365406987297,0.0011572679417184313,0.9985571087452666,0.0005527693558547257
232,0.04531840719401232,2.6708952602661675e-05,0.00021526526700474667,4.5585115915946826e-07,0.005816716562831966,0.009191428953256075,0.030761977472046738,0.9130363144130936,0.02035290415254594
233,0.001967471418713507,4.503701708400263e-07,3.528996714352917e-05,0.006469724979570392,0.00028242104325135875,0.9983353454165013,0.0012457014533543722,0.0017360615433409544,0.00048359867269102296
234,0.0035297579743709738,1.771611076810489e-05,6.01366062887101e-06,0.0018318382133098055,0.00038437771590017674,0.9963402334060578,0.0023610189281213388,0.000823056131706282,0.001586469639056572
235,0.0021014767962222844,4.440746630520466e-06,4.049833129573501e-06,0.005645373996995272,0.0007668387112195581,0.9985103934513394,0.00045109775956653556,0.0008421284649667604,0.0018664313649614836
236,6.073279928328633e-06,0.8709645155006153,0.07453088190132356,0.010098017514186264,0.005393906076890645,1.2292868480225858e-05,0.005592187070537164,0.0013485810284658499,0.0003475070910844835
237,0.0012012739549350827,2.2074109791625996e-07,2.8362315688017093e-05,0.016704918335011205,0.00021570429957997768,0.9981249414146897,0.0006690665130884756,0.0027207499172722887,0.00017722493673526596
238,0.8129017280146792,0.005916488843924389,1.3196703572660126e-06,3.97159169873659e-07,0.0038508788730217728,0.0755192957693594,0.044282788040654525,0.09826595402319574,0.06799716430520471
239,0.9811542152040321,0.005470888902452178,3.81878648289589e-06,8.676018596585875e-07,0.0007720894160211,0.017674520332968086,0.055527316443865486,0.0071180897912530225,0.01858368813466973
240,0.0017632998648402702,2.5579915208332357e-06,2.138974364640138e-06,0.007122647592315103,0.0003611161382628665,0.9978926831024832,0.0007525328197034071,0.002780396097980406,0.0006045693742179635
241,1.386570247691444e-06,0.9920601387924625,0.010013747309311455,0.0014989788641055367,0.011271204256461118,1.201859807690326e-05,0.0028035771588104143,0.0029525168340270246,0.0006133764431351393
242,0.005093536412683276,0.011544384076953606,0.002856163603739026,0.00016145519185395182,4.501720402583488e-07,0.0004821621440223085,0.9961044695400187,0.0024120979538060556,0.004286089650510079
243,3.0373393894259637e-06,0.023963225498683547,0.9493907481413377,0.030691216527325295,8.594107626056603e-05,6.966843519298376e-06,0.009294262773735353,0.00025100604438068984,0.001008744728356105
244,1.6182181202431673e-05,0.9925463422377937,0.00926585780294275,0.004955582782902638,0.002178172338530654,5.8068697042771105e-05,0.005610256408487485,0.00014207082941832122,0.002996546894801911
245,1.6150488164215234e-05,0.8889805637203838,0.06569343835772469,0.026941621081560667,9.49251947943695e-05,9.984107436331326e-05,0.004869796106770077,2.894217068628153e-05,0.022914176697027222
246,0.0032557336800112346,6.492283668611417e-06,7.2562917946357024e-06,0.002172449560330091,0.0008355402633403079,0.9979052447298732,0.000741599736893476,0.0014324207068017686,0.0012827222134674304
247,1.8144528053268102e-05,0.5862874300440436,0.39611794870748285,0.0006117132266518056,0.008422368126671787,6.459948868166528e-06,0.01752012536855949,0.004420039100638997,0.0005903811574854885
248,0.39999206133207316,0.0013536688491159314,1.865011372701525e-06,3.278281619547789e-06,0.0014903374559671442,0.17331027882064814,0.008398898650317312,0.07672448737774357,0.07801742977322934
249,0.0007673989968673679,4.41607900788952e-08,9.365145638914767e-05,0.022057154287984326,0.00012079156224486325,0.9949788302270246,0.0016266428209050507,0.00211511885677499,0.000245240017362356
250,1.6235389292776634e-06,0.12718484152042558,0.37552287770086673,0.08638792538080377,9.671908153891762e-05,5.166329643848934e-05,0.0008559972691855882,0.0001520942839007137,0.003687246042523075
251,0.004296332347381024,1.945295629480361e-06,0.00011663059087222087,0.0009645495182391305,0.0003704531180111593,0.9849027510446529,0.002370323307937163,0.005034687818051675,0.0016797936753991413
252,0.00268893771844286,6.0373361071827054e-06,4.020058585362603e-06,0.003156426727018885,0.0008113765827693581,0.9987455988189423,0.000828037881171125,0.0006618996808008055,0.0016802894708965838
253,0.06114349806581413,0.0021761032591265626,1.646699267095693e-05,9.94247130359524e-07,0.11929446778633616,0.006698579870116017,0.0019118919715397289,0.8369440350063029,0.012019054284101884
254,0.10685944815254063,4.232609415112027e-05,0.00010778061211777189,1.3092810727174103e-06,0.0013121904622787853,0.00690152940167328,0.012274384639451859,0.8432884051978289,0.049695727119492376
255,0.0017369332676988424,7.70592505759995e-07,9.823667076177893e-06,0.00945592692813495,0.0003214928413167126,0.998029591361074,0.0011472041410866207,0.0034944812653971264,0.00012706217425352206
256,0.0012417590090757075,2.359518304358458e-07,5.109238222662939e-05,0.008922447514695064,0.000161144487086718,0.9980174464839789,0.0019096019967120219,0.0014438339511251184,0.00037471245520233077
257,1.3920911987527745e-05,0.9893380022779077,0.012679637260006541,0.01381547481651466,0.0006325225445122866,5.094646430797662e-05,0.004403976736785701,7.97503232626074e-05,0.003848614480870983
258,5.347137661655563e-05,0.8028511022946073,0.1150967157483177,0.06668201863775215,0.00017048136050316684,1.0982102991782706e-05,0.002057806049768649,0.00018192425089753336,0.0012420504197968145
259,0.6118390146986473,0.0013726864303759397,7.90568757995531e-06,2.8505899978225807e-06,0.004021903764925149,0.0018779749293168038,0.010765360645036973,0.7721817236363402,0.0005329719841057144
260,0.0014322112206220973,0.00012437826609920522,1.564723281964132e-05,0.013904801022679493,0.0025394989082867647,0.9173209978386845,0.00033317389703067926,0.000333960103036482,0.18891912795412644
261,1.7041372926579644e-05,0.9147623841930064,0.08777692614442767,0.0011583531385563365,0.013733960786954824,8.564948119963687e-06,0.004290786835513621,0.004745613545998329,0.00020588142452185082
262,8.503989453321513e-06,0.9692567553577791,0.026940480694453567,0.0362563738363436,0.0009154367015954064,1.668912944910838e-05,0.003332311845048537,0.0002222588516949239,0.0010364293130924202
263,1.4917684863828916e-06,0.9597276092335327,0.03886622600021442,0.0014047941065560212,0.01893484861131913,5.79894290750846e-06,0.003781530082374566,0.004333722533952614,0.0006950532914383804
264,0.00472698033601898,8.546018771582247e-06,7.446731821077783e-07,0.0037938823238099794,0.00040025177590832626,0.9956274779402853,0.001883991980967105,0.0071210070642481966,0.002261200744733948
265,0.010573286305068555,2.734445634681797e-07,1.0293746102443622e-05,0.004327859546083659,0.00010798644667757471,0.9573080460119483,0.02226380229299166,0.03586347476688765,0.00890657985561359
266,0.0026012327084468734,1.5616677714750429e-06,4.4349324881820526e-06,0.008621842118957893,0.00041026368497443244,0.9971449989153769,0.0010986121343459691,0.003642965343383416,0.0003855749882691604
267,8.225514209847342e-06,0.7473072178789948,0.2922927167027461,0.0020219855961920957,0.0069159139794755,9.107613656042343e-06,0.011268025234272817,0.004694782033981766,0.00015724727209802416
268,0.00011025784847682185,0.0006491109444951683,4.604709670416853e-05,0.4044831812195775,0.0013569548965886317,0.3522785368301627,0.0005630511993568267,0.00046280058972587276,3.405551387350067e-05
269,1.729697935390275e-05,0.2542845742902982,0.6100886056421153,0.16588267318787603,0.0005464131995802814,6.975677613679359e-06,0.005568937265400092,0.0004092466164247289,0.00021400608865808644
270,0.009885877510212273,0.009656910844970513,8.455467163710791e-07,4.502214493805854e-07,0.18556312956816434,0.0036805241027630976,0.001275585867786322,0.998311746207508,0.00017739434516514515
271,1.1142320000175873e-05,0.356589475104008,0.5599602389406536,0.04574049047884139,0.00016438479395620287,6.045785408392633e-06,0.04210861093110696,0.00023134035320769797,0.00046032806821888695
272,4.215724972559719e-06,0.3080745139318773,0.6460525006209109,0.07706456270290221,0.00018734347627101584,8.008544943771081e-06,0.0033467573721719887,0.0006287836670624435,0.00034966929924796207
273,3.682449715355939e-05,0.5006834520327955,0.210732430228242,0.046400373696963926,0.0032471830036284485,1.808012750930723e-05,0.004684700967765588,0.0006412559232508594,0.00010160088819720284
274,2.8404765319440824e-06,0.5199213875903297,0.425908743976317,0.018126765853848818,0.0014871946188207176,8.51513657788933e-06,0.00535034416303395,0.0039008218967607113,0.00016606010492334694
275,0.01665009722859929,0.006696586563988207,0.013136859581872974,1.9987549440349985e-05,1.1369443052246867e-06,0.0002522697923928112,0.9968811276308622,0.024133732774692804,0.0050432632891108595
276,0.012590209177760867,0.001439765770823976,4.537055794508012e-06,2.2550373226176186e-07,0.2434410668980847,0.001214887211867818,0.0027872500761832717,0.9974017827816679,0.00042576802155836705
277,5.088327521731722e-06,0.05592927469335478,0.9221504264344613,0.061038812375905346,0.00011681496590379943,3.886323179195746e-06,0.014992163913854727,0.00037328772779332824,0.00043745502236204267
278,0.011242900404258148,7.229036480582669e-07,4.0405619979076695e-06,0.005564684330221356,0.00013204384215300386,0.9667004091473248,0.0063906767237826845,0.04103656735243239,0.006818895166850208
279,0.01899077539420609,2.839250924768143e-06,1.4615059429537458e-06,0.0012543748463807573,0.00040647208534408803,0.972172438444818,0.021527466042110775,0.036973859754820516,0.004981156359234117
280,0.001420047584387462,3.4698295973481965e-07,2.573169384440977e-05,0.011092195930427876,0.00018642160084280605,0.9977599137782551,0.0014339451604751996,0.002447669312856952,0.00022776936151158047
281,1.785114365199794e-05,0.9887745702385545,0.011495070287040821,0.008400870726352894,0.0038736729263930615,2.2166051363948004e-05,0.0026021619338990505,0.00021762193445837988,0.000995585536753564
282,0.007695523624948485,1.0995699823142513e-07,6.220056759908025e-05,0.003118129193715142,0.00012030994538725362,0.947650387471646,0.024860630370767543,0.022568051793192434,0.0033296085862637424
283,0.0037921602259716127,0.00028612311356253193,4.6964290614887325e-05,1.0341922204309677e-06,0.03341959947384159,0.005045559509652431,0.0009393929544857951,0.9945606759059678,0.00025282652316533955
284,0.0004579657194790255,6.422123518359507e-05,0.0015985558260442703,1.6014471606373506e-07,0.03647827342940352,0.0010596524826383446,0.0002444915639770173,0.9794181744667061,0.012243579086059856
285,0.0025755075432343523,4.312989185877282e-06,5.016446137224299e-06,0.004357926106528563,0.0007214943562019195,0.9977058854592389,0.0005652990593196288,0.002873910090995221,0.0007118590239233447
286,4.470236267229944e-06,0.1773663666480441,0.6278957559308677,0.019940520244257177,0.0018327729265302172,3.651655997152778e-06,0.007010447113120155,0.0013682761094068097,0.00023402474791271778
287,0.003301896719024448,0.0021500174861949564,4.023399412236053e-06,7.042427456029854e-07,0.20042054586165042,0.00549268342088675,0.0010422367282015388,0.9970551280678914,6.608587439356667e-05
288,0.002104007235757744,1.7048261863842003e-06,4.0100176794532135e-06,0.011159572038987426,0.0007106699258228336,0.9986880634917255,0.0004746973644085243,0.002924533244078591,8.269578357184561e-05
289,0.8249974586131207,0.01362721625755374,5.715628779360541e-05,1.6995515141396466e-06,6.33046715389018e-05,0.0013512783202666147,0.40073456289939996,0.0021255952585931756,0.01672468632635539
290,0.008852158966706325,0.061555631660099606,0.01286608895609405,6.70314768132481e-05,1.7851528591259623e-06,0.00032012433754597736,0.8578346761689014,0.006228789775675714,0.000823996849251598
291,0.005578111719950446,1.427235301609195e-07,3.0262304524727266e-05,0.0049649370163283805,0.0001438222266414125,0.979692314257179,0.011089492591151566,0.020316330394807597,0.001801587828987629
292,0.16074197638769194,0.00010720458587039004,6.051752813492549e-05,1.5380899871890695e-06,0.0017568865146473367,0.01557975858508113,0.011870082212270002,0.8304943885621862,0.023401991263684353
293,0.0024721732182463128,6.429043748533363e-06,1.1315113570762775e-06,0.00665655743188771,0.0004020769645464712,0.9976845395685726,0.0006150555284143271,0.002255294862768524,0.0021496797083742857
294,2.6079336388836188e-05,0.8288295882051744,0.17163303166769142,0.0007307425417294183,0.01273014597835553,7.154035322621472e-06,0.004576951894432378,0.003916490171641699,0.00045309375010457124
295,0.00037588899855444383,0.7962366721332415,0.15504863737148156,0.015743666210241238,7.878012987804041e-05,8.762166281164043e-06,0.007377116480689321,0.0001260824026040509,0.022602417578167368
296,0.0019997633715022594,1.9830463343699447e-06,4.433793561103193e-06,0.007141583635873543,0.0003855023662285483,0.9982439858644914,0.000966830524771605,0.001380974427631998,0.000729344238442162
297,7.473459611380652e-06,0.4280838192388462,0.31674329903086224,0.16275699232151494,2.861060096723411e-05,7.202315304640684e-05,0.01486816339668545,5.913870266671737e-05,0.000823478930088514
298,0.013888692816008992,0.0021144728046704666,6.107595071777186e-05,9.495830953579006e-06,0.00033783688249684366,0.15295482527029466,0.08257056563915884,0.022881758365365802,0.03540537992094889
299,1.0877373762611155e-05,0.5845965918317556,0.4147000132017246,0.0008005050772427458,0.009091692809531362,8.746183120884962e-06,0.013330399038798995,0.005239766335613239,0.00035086591881793906
300,0.009873835908172146,0.00024643431819591435,4.6626132028561095e-05,1.0405296218902592e-06,0.01141020292119338,0.0036596574061403073,0.0008350381833847084,0.9931883463989051,0.0012566488527378352
301,0.0009618825221428466,4.813913524537839e-06,1.4723339858770272e-06,0.007747770022861527,0.0003854781829966651,0.999088098585545,0.000310430502185189,0.0009193008300376446,0.0007513522602393704
302,4.74435540995657e-06,0.5527454821426679,0.45294610270355756,0.0018648846905591745,0.011604423636398473,1.0174355241367994e-05,0.012192156148723366,0.010429064470199333,0.00010556326750760466
303,0.02051734345149512,1.5813141706347922e-05,2.233699228585911e-07,0.0008009044218728234,0.0002670985185080877,0.9351691149747905,0.012440078294989856,0.01490200739257324,0.10346645706903496
304,2.1465682404570106e-06,0.08164035356921569,0.896231704959882,0.04373607661807422,0.00011242509446235728,6.258265668439843e-06,0.002802741453337515,0.0005645142145804042,0.0007591534793829611
305,5.980759590293015e-06,0.4943837566797034,0.4712661747783628,0.06236857446175066,0.00022954364607987105,9.611351065845531e-06,0.005583773894844687,0.00036642529897541683,0.00039713429305484986
306,1.715790883296898e-05,0.03447579425439481,0.9622571788784432,0.0003115485772439123,0.0009742626130522173,1.7147165120713007e-06,0.01155698994220272,0.0034684645258345396,0.010847177131380096
307,0.001173175934714422,4.555550608635418e-06,2.3361846313751844e-06,0.005223366878826487,0.00029244923132454943,0.9984184029824261,0.000987120543620721,0.0006824638745412507,0.0013779805902880114
308,4.339051157018442e-06,0.952752353620477,0.0025942721526532797,0.11865060682391358,0.0007393226706530062,0.00031006636794315875,0.003937907046343227,0.00026385904879880524,5.597906738436353e-05
309,2.930771535707926e-05,0.8951838740747877,0.0059834167987594675,0.0014949758952025325,0.028576317060086284,0.0002689394240776197,0.0015347520048701198,0.00042188637093848507,0.004531331433145071
310,4.534113652858612e-05,0.34241706547624434,0.479591721554917,0.00033187451108112557,0.007358578726907519,1.2720285382306964e-05,0.01855287229188365,0.0024881284318597824,0.0015856706030166893
311,0.022885688770753625,2.1412441460630158e-05,1.9869816257965202e-07,0.0016410241177380754,0.00024079369790228584,0.9659949409255342,0.013200156367885246,0.009956852071835609,0.027784469477049874
312,0.003999350083608397,3.414838668915567e-07,0.0005419667645132399,0.0014347536025128011,0.00017109670466974213,0.984551771900811,0.0054974206064224256,0.005321689247854122,0.0006516728789132595
313,8.461513852337719e-05,0.016581936600963125,0.0023246853015065406,0.0002259084750722243,0.9882744967749091,0.00047184453096860905,5.722474596365857e-06,0.018067262449941012,0.004025888558307565
314,2.4671279235663754e-05,0.2544705754684968,0.5363649975519844,0.13762623178064434,4.4926035676197744e-05,0.00015836082343984568,0.008035442475023247,2.5255499226682923e-05,0.0018940354326872414
315,2.3431829805976143e-05,0.8675000027749331,0.08837038042981891,0.08058732513002699,0.00021952261989965997,1.5834698622261927e-05,0.003509447320329216,0.00014152507176886912,0.004336384271392526
316,0.0010902507586508354,3.824371331866021e-06,3.763771877540669e-06,0.0054850343069759305,0.00019872731376255188,0.9974024927728766,0.0018793862013466818,0.0006610636741920805,0.0013094275491714927
317,0.002315731464547477,4.901824866023071e-06,3.017583357240899e-06,0.003974326824758544,0.0006362961817219226,0.9991052589249029,0.0009108699119612667,0.001247123863058041,0.0004539887366944488
318,0.01108427087461132,0.04440413480908602,0.0029777440620232117,4.1055338850467764e-06,0.00018464241053562034,3.2284260369797186e-05,0.7065968165776848,0.47609051339544234,0.0002048175448091412
319,0.001843444811680093,2.9163253209922006e-07,2.8613412917969174e-05,0.01648768073993512,0.0004642974470636736,0.9983371052232798,0.0005179285171714523,0.0025709325602139886,0.00014669676491947247
320,0.0022830810347731828,3.7762960179129533e-07,1.5709402920784128e-05,0.006163621913852432,0.00032470642107601397,0.9966048100514333,0.0036458721830013867,0.002741640301750047,0.0002393324675492169
321,2.2030096309914407e-05,0.7149620753428038,0.31965674728423965,0.0007673145973023556,0.006521216091038719,5.1816386400073565e-06,0.006210126638921764,0.00299815903822006,0.0006965422312277973
322,0.01180465673009964,1.8073198767858127e-06,2.209827384178818e-06,0.0035479927603311086,0.0002506121327052402,0.9796412254183985,0.009785935640458165,0.043137737742957344,0.002483813457450917
323,0.005032041101830562,0.00015266903326155283,6.650882382084323e-05,6.195586887535907e-08,0.0669754009958123,0.002673081107457737,0.0016684963272597653,0.9984303843162271,0.0015904345416923242
324,5.503731927726765e-06,0.701706824431045,0.19801623654517556,0.09991789666279131,0.00023285867623024548,1.440778693476359e-05,0.005623397377834688,0.0005644612031775307,0.00016153773799491806
325,1.7296441340328495e-05,0.4227014258707801,0.37276878353983556,0.0021607291006006963,0.00030882785235748463,2.0452359331331724e-06,0.004478699976072389,0.001533485254764274,0.14309307115404757
326,0.00037383204074827026,0.31425887859096885,0.046430617828455166,0.0015855868454316773,0.00020423751327720938,0.001457903492123274,0.008655159709950268,3.632519710879669e-05,0.5636281564599934
327,0.00014470335951741566,0.9913710144992952,0.007546112173752894,0.020844436175311,0.00021062742633722438,3.531748450695902e-05,0.0014839967385023944,4.414515651655006e-05,0.012887958558209246
328,2.8305227693428308e-05,0.6498898841034336,0.20440330690969302,0.06037130315897439,0.002898877860131941,7.2165360317603e-06,0.007179789806838075,0.0007059047262416315,0.00014745296702537862
329,1.0988387848237173e-05,0.9802722279145613,0.0013945346368647083,0.17252336492334397,0.0012167661841960542,0.00011146157294421404,0.0005765172240164996,7.726729044323274e-05,0.001910751112870678
330,0.00284757694566052,9.44495776355705e-06,6.220777116614865e-07,0.005036973018609732,0.0005694977790249275,0.9974428011954396,0.0006227394801992917,0.002069948564671271,0.00402969098092541
331,0.0002351710562885973,0.7798674677218824,0.11069213478254493,0.006289163786860353,6.99908195527075e-05,0.00023210543702318105,0.043762801626936736,5.739640762573825e-05,0.018875004839347568
332,0.17399485793077762,0.019915030751485804,5.463981734914022e-06,2.340512061029308e-06,0.010785838051237697,0.06352110866563587,0.0011747342660521718,0.030143687385321246,0.6558602571076052
333,0.0003968715900214483,0.8979766646047502,0.1579593605506069,0.004223280124020289,4.88975272034116e-05,0.00018264657635593597,0.020908610570228303,4.328375947433826e-06,0.1023931791546639
334,1.8698699325635635e-05,0.2114331572422158,0.7525874849231832,0.07786045810991052,2.508355288234322e-05,5.615404593781663e-05,0.029523535777694322,4.326528181762693e-05,0.00210935651038572
335,5.018486372724581e-05,0.0037522329405923808,0.0033535362519119976,0.0002853075304752496,0.9926378846193773,0.0010720002600934507,6.303542888630772e-06,0.023372514204454863,0.004279882293101709
336,0.008711576851535065,4.616680870791864e-06,1.3954976159652484e-06,0.0028529650201369492,0.00031144998256173124,0.9918883249039075,0.003908010579252906,0.009849534516626773,0.008032820166182461
337,0.019563706497353627,6.098105278922938e-06,2.3260531624707227e-06,0.0007789534378218307,0.0002985979820304499,0.971843365740866,0.021625483437656006,0.022977955346100868,0.009731937205513498
338,0.010087888411681286,0.001612800159691625,0.002889069264673985,8.195748422405188e-06,0.007053151154474003,0.01042901587591807,7.235384713564446e-05,0.001004119723163121,0.9944844532756983
339,0.00014155564506831435,0.8315941624148983,0.11823368334101048,0.016454568124929743,6.224674315876378e-05,0.00033271880433336756,0.006744631221419734,4.021996279140508e-06,0.06526962017664956
340,0.01050418603216386,0.010980809003947626,8.493171988823122e-05,1.8640298907471837e-06,0.7353261753772248,0.010858012577443595,0.00025306706843313226,0.06587241609144516,0.16914724264832187
341,6.969842831024855e-06,0.42119874774744315,0.44008847788457944,0.17166826555070186,0.00021462130244977688,1.1221672452322561e-05,0.004586024959780582,0.00040411390850732915,0.0001695847841118293
342,2.257104290964543e-06,0.34479796946486896,0.8715176893733304,6.096608618297358e-05,0.006941475388455383,2.3184945675663637e-06,0.0009814750327244359,0.003662398227245568,0.007242289601109019
343,0.0014346710432200952,4.168763458076548e-07,4.797593534830061e-05,0.006622271585667808,0.00015224808042348873,0.9979975320558803,0.0028610275110297592,0.001507153208506818,0.00036320022308138213
344,0.0014234374727251085,2.9352085451162094e-06,2.756651921560174e-06,0.0075913546358619115,0.0003801908934719348,0.9986180384069918,0.000529045630938695,0.0009191301248677357,0.0012132547548301645
345,0.03745927532219509,0.0004099507920463859,0.0008073901596342947,4.3992646378785465e-07,0.004499395218782853,0.014113603596767565,0.0005712093725348127,0.030589897801253683,0.9406375803300019
346,0.019454262885463577,0.002622572183602719,0.011208867529346616,6.94379470545738e-06,0.007739497601673085,0.0029001456464506042,0.0001580771186076103,0.000453684781151498,0.9938957823014026
347,1.7490969310393785e-06,0.8771823051933789,0.08533035938167437,0.014718556960240615,0.0020903039930187713,6.815111076622989e-06,0.0019789218967683304,0.0014270072270386287,0.0007313027478942049
348,0.006601077237178664,0.0028778803076305623,0.2466608768445516,0.00011647946668582647,6.508927057919339e-07,0.0004189293049747055,0.9918145143938732,0.0008836824463678245,0.00037184864708489227
349,0.0033420232725014463,0.00013815262342702832,0.0024265605418957066,0.0002538287748820981,0.0003170308852545336,0.4364380526214603,0.005972611994629748,0.019028525536331158,0.00029468246326075793
350,1.6686283945765872e-05,0.4108221591289317,0.5313759092675368,0.0009466026144246085,0.003061298153097362,1.4487726185177475e-05,0.029315132087538928,0.0019850507177908436,0.0012203514078751056
351,2.0735282482365292e-05,0.9518225648667006,0.04774737984791586,0.0341810799305102,0.00016846484580581252,3.4684368129442445e-05,0.005179493257057331,7.343681708009861e-05,0.010157879002659484
352,0.011819431126374805,0.007973440491605605,0.0037113311816873965,0.00013609377906412801,3.4248022822344826e-07,0.00019265711521667528,0.9982181991731417,0.004291465724135124,0.004031993744770678
353,1.551246970014223e-05,0.8749975073380584,0.12543262189552207,0.00040319069776509087,0.034990437963944035,3.0992952572675825e-06,0.003979156922709163,0.01424822344897157,0.00010669840597083406
354,0.11982714232464828,0.0002920829773512019,0.0001310182789903626,2.1911143391868852e-06,0.0017824762666128796,0.07469743478450654,0.0005252355109051989,0.007807713046059505,0.7483371582614213
355,0.0012620774035596075,4.426198786425101e-07,1.6879484641416305e-05,0.014354023598817059,0.00034337347375192203,0.9985379202643928,0.00042647106117707555,0.001609665717411773,0.0003889246669090581
356,5.6574007395193494e-06,0.3680415893048195,0.4697313970184727,0.1127130722839334,0.00014115075068533514,8.018909083666374e-06,0.010572128008926929,0.0003041211854825614,0.0002604549944694387
357,4.5365838242391653e-05,0.033410810952850686,0.003931926012268405,0.0003553169579923848,0.9742033154272262,0.00023999834646778196,1.5253365048244443e-05,0.014571046383215104,0.00298767667212957
358,1.7736451259496022e-05,0.5850174513165148,0.30132692621543355,0.04199120594998509,0.0017061510114497669,8.153603634708194e-06,0.012483383470897398,0.0005027971504865746,0.00012505903004523565
359,1.5751514854232336e-06,0.3678281538443256,0.576319510161094,0.010269358710353765,0.005989797474860822,4.504815737877717e-06,0.006066179870887065,0.009774583967249048,6.792211852778191e-05
360,0.0009364032648666367,3.2967506000894385e-06,1.1214126752078339e-05,0.008256947348316092,0.00011815242758226535,0.9959504694317057,0.002799346798472465,0.0007079627447266338,0.0006226420285381244
361,0.00015191585671758633,2.9299541655968357e-05,0.3970555961002168,1.6186904942372405e-06,0.08367053641268828,0.0008904011339383586,4.205134463622523e-05,0.030876804538938794,0.9618154889343276
362,0.005695820057569643,1.1557728551773931e-05,0.0007485386418781127,2.531787225134572e-07,0.01051451217678962,0.0010429898809961738,0.0014004868968021486,0.9967114030280029,0.006079806635882562
363,0.002075589076602921,0.0019222237803199372,0.203208108295469,0.0001182031706131064,4.915831563789156e-07,0.00047789939064161346,0.9917089091060427,0.0025962097269270927,0.0006295855948163801
364,0.026773453563872424,0.0012366541516656436,0.0009633698541154856,2.4972359910485754e-06,0.003602412164340452,0.01877812758670114,0.00022213575688529474,0.00437816501663697,0.9762013508024667
365,1.4697495503521269e-06,0.8717484465540271,0.07032974636763276,0.006146477627038358,0.02053975245868418,3.5767153137629064e-06,0.003423584975881099,0.005967465661437044,0.0002060426211494815
366,9.410987114971031e-05,0.44699988532287543,0.663485541503621,0.020775418038569027,3.223720880330188e-05,4.667047678369786e-05,0.051803795852609344,2.7410382034387534e-05,0.009918814923706205
367,4.412738621312713e-05,0.4925612281487018,0.3597370378605291,0.0241395857787176,0.0009898309507378742,1.3318972868789318e-05,0.02296400607318353,0.0004551435914769862,0.00012928471487804274
368,0.003827036865044714,2.5688086803362687e-07,0.0001612837557574939,0.003448127534039353,0.00022164385209076055,0.9921086578453289,0.003141050175455974,0.005073691217828192,0.0005929264249539956
369,0.04598490366901098,8.179186534151202e-05,3.546081633886017e-05,4.881889459353541e-06,0.0011890402294865725,0.21881178111537852,0.0006777373840484148,0.01298585839903529,0.7769461773504086
370,3.3406416628359347e-06,0.985381119368781,0.013497916213606059,0.008863269080114256,0.0027270846444569694,1.5062915352326369e-05,0.002039297297207379,0.0006135280751907932,0.0011281428424942438
371,0.6227846975856004,0.00022534132103087896,0.0002118965194642327,1.1241494938825905e-07,0.0007918400635199517,0.013158080995591433,0.011739294458681607,0.056426630803346416,0.10566798039568405
372,1.4227666918858639e-05,0.967015825306964,0.05443194723966326,0.030074984397773664,0.00010793477855958532,3.794265899216716e-05,0.01015919268429939,7.917585286594162e-05,0.003288323701328544
373,2.8861492405739267e-05,0.02153997119337871,0.015537768537220184,0.0003574481808007395,0.9309384578465677,0.000205142319361052,4.755032479216943e-05,0.02443983837576607,0.0017087070746405614
374,0.00010531753933118294,0.26091464679021353,0.3881957508123588,0.012244624739170547,0.000381512735962154,4.0580003480825316e-05,0.08021199498421991,6.370823401606231e-05,0.006393312147292468
375,1.3749838900204698e-06,0.9162720155848699,0.07248961844114094,0.003939864279466315,0.007051957935233475,5.784908451140079e-06,0.0020310746773926597,0.002753995252088787,0.0007691583130600066
376,0.01134770120900386,3.6728711407720425e-06,0.0014088442842435584,1.418576001053789e-07,0.006708201135717954,0.0028857875163099097,0.007977188266537361,0.9905893013565343,0.021841303896137348
377,0.017498896756891258,0.0014832287869597724,0.022266634417113355,2.800555795792401e-05,8.17990829549612e-07,0.00022355412967241844,0.9972051030520745,0.03189085453042108,0.011209816188271535
378,0.0023812863627656247,4.958506185385154e-06,6.642967231589265e-06,0.0035206733412113827,0.000779260272841354,0.9987151757051855,0.0006673590816692691,0.0006930990318480389,0.0016728370794348814
379,2.2904601832046295e-05,0.9433195114097376,0.07386866597999811,0.008505038114831609,0.00012381491371163826,3.3699086244625906e-05,0.006852485976729751,9.828399918237274e-05,0.025513425316752478
380,0.0022875953279796394,6.185098236186084e-07,2.247458957107323e-05,0.0069438202654371955,0.00029667485350621164,0.9984964360490525,0.0012244118994577142,0.001660619196762426,0.0006226149999053272
381,0.0015422838892159198,4.1564250336167064e-07,2.2349441884423586e-05,0.009387093402227657,0.00015431195509396975,0.9971369607840792,0.0019203802666425517,0.0030936655809496987,0.0004371392458034136
382,4.096725611337193e-06,0.21844566583823813,0.6302136425693248,0.1627929899438115,0.00017129972986431845,6.226591596528699e-06,0.0037209856031073948,0.0005275400577107941,0.000382964613065457
383,0.0007748836471142898,1.6286442639170682e-07,3.5067657349299744e-05,0.019621651244552334,0.00012039518286058789,0.9973724951117869,0.0008625048841994565,0.0022629775133854585,0.0002391544154830832
384,5.130851042489018e-06,0.9826484513860191,0.0017273467000241745,0.20899544566359984,0.00033540315948307807,0.00023742501263748121,0.0007541290956323819,6.6389122033589e-05,0.0014599135220941706
385,0.02195221659707985,0.0002456201415373062,1.282376706736706e-05,1.6270707110045441e-06,0.013514275634998131,0.001351365191708194,0.003306331757448922,0.9910742001473953,0.0039905186160808445
386,0.019745899783426276,6.0741086698327133e-05,6.664058162171551e-05,5.318880282609082e-07,0.01926279493897075,0.0010958585375605535,0.010725159643019571,0.9931576906521543,0.005427720794286838
387,0.42031067557047896,5.928079866312002e-05,9.211827531246024e-05,1.980281730616199e-06,0.00024510556122601143,0.03680359150665904,0.08418335451775862,0.24496270450806373,0.163092821672919
388,4.6104286982782296e-05,0.840318112361572,0.10333321897788202,0.02954084547409633,0.0032400859407101827,9.56522475615489e-06,0.014385029865610495,0.0005011432887439121,0.00013748212754863024
389,9.815075435168838e-06,0.037749511757229265,0.8918948861730054,0.11062995315770299,2.109756549928044e-05,2.910389691850823e-05,0.04426504201649704,3.974246252997075e-05,0.0025703407201718557
390,0.000966956125392451,8.768077452870065e-06,0.0010286154574813747,1.7999550941736173e-07,0.012784867351719607,0.0007122831973408445,0.00047646008848455985,0.999452478357305,0.001960741897164901
391,0.00010722625659070796,0.09990448959480365,0.18805704520146133,9.625285006231337e-05,0.0009651428144983582,1.553661534184327e-05,0.5083147677589553,0.02729730166922118,0.00020982040243613058
392,0.00037092598384302693,0.00015313420739702973,0.0051032911379227715,0.04845182058057996,3.566479286621676e-07,0.002819225347028937,0.9693226632975064,0.00042234722716350014,0.0028174797540989663
393,0.0018952403319407469,1.8483325510544832e-06,2.4307479894672093e-05,0.004473634555535188,0.0004716390053267238,0.9943938160594781,0.0008222741615324376,0.007742132103463079,0.0002132480263989346
394,0.04777839880143115,0.002639965086746003,0.005446764457366633,4.989136211581153e-06,0.01197199320077414,0.004260182097706647,8.679987717891146e-05,0.0007951094447081915,0.9855732988035674
395,0.01732825879234058,7.057435782613955e-05,6.0646456101911564e-05,1.1411341430299856e-06,0.011033866280946405,0.0014707061197377278,0.004778449392586061,0.9871433373902256,0.007679273309558134
396,1.558745098900074e-05,0.4925931186755096,0.5079677230218973,0.0006615784372128138,0.006784587092154727,8.496749256444178e-06,0.022786198189767362,0.003073069594875717,0.0006229400659871084
397,5.85489089631343e-05,0.006032013479577897,0.003334645679457817,0.00026302076851511373,0.9910476237703844,0.0008758696874060353,6.150525216131875e-06,0.02327855937983426,0.0036886603903329217
398,1.105445587069141e-05,0.8884894305056893,0.18878666206902456,0.003595134056777757,0.0009640566436848536,2.4009305726669946e-05,0.04239786220706069,0.0011209880939923142,0.00014925797727244122
399,0.009639627774394888,0.0018935946074596834,3.566473349149454e-06,6.695560641885808e-07,0.41237317832403547,0.002091076524193487,0.0005679234834686126,0.9955538960853989,0.00018235741162272016
400,0.0018589460004336349,2.0059867386123606e-07,2.7092927824216566e-05,0.013998121937646575,0.0001130602487896333,0.9944456800762735,0.002038193447778487,0.006381802153849347,0.0005939270985699957
401,0.03618240612763159,0.0008050259609885797,5.8596685899948185e-06,1.558209285328007e-07,0.10173917774377536,0.0011889055562827352,0.022011789141725104,0.9949476069930783,0.002149099988027936
402,0.0019802386882370447,1.6335590995149113e-07,2.4894572705392674e-05,0.017118470375297096,0.0001537448280580181,0.9947253831090767,0.0011835772668192708,0.007961200531882512,0.0006141773462661129
403,7.595193879847229e-06,0.41381243859426425,0.4417058270939231,0.19390151432421335,0.0003202310829661973,7.949876382421421e-06,0.0031697779839724664,0.00046614213829311915,0.00022802318050569892
404,0.0014326368661139008,3.6479969423709053e-06,2.7779457053411245e-06,0.007071888350154742,0.0005283546411407896,0.9991903952456095,0.0003212734086890078,0.0010203480204229608,0.0007355952629725723
405,4.210999025470455e-05,0.003387033783947968,0.004387243234324135,0.0003208821717876976,0.9885591069361658,0.00126608243578474,7.546590442867535e-06,0.03273869920451276,0.0025874204275843295
406,6.7905088532498445e-06,0.6763803580320283,0.15730937718482557,0.16346997299826782,0.0003484952457358866,1.5193645759443546e-05,0.001622265926276679,0.00019865159545712674,0.0006264175047759821
407,1.5324549797738336e-06,0.17426679540169746,0.04387744970850042,0.8184851203319904,7.976479986908338e-05,0.00040058640313805357,0.0007846345988118955,6.356633955962428e-05,0.00016065573381871272
408,9.021209347792752e-06,0.5814088865100174,0.40599686158180376,0.0008431030648931619,0.012359682135021042,9.491350731342453e-06,0.011208250313676471,0.0061023534142337806,0.00023779062202945603
409,2.0722809796723116e-05,0.18900193219806702,0.8288975254678038,0.017009539445496942,2.0328560970491287e-05,3.7746915010339105e-05,0.08824891700391871,5.782401401036618e-05,0.003319545147879352
410,3.3556791706683183e-06,0.858910304275118,0.11108513868795711,0.032032592581275776,0.00019644583464797647,1.5985423990503324e-05,0.0016724790226111685,0.00024240192885423883,0.0028404143962071087
411,0.002742464877486347,0.004488732093602357,0.019344084639842742,0.00030654790875394086,4.053456301795031e-07,0.000676506366261807,0.9896562484404794,0.0022501478456605946,0.0012042923909259926
412,0.0019992272097287124,5.952783438505118e-06,2.198619886045916e-06,0.004617560864859404,0.0006612215462256447,0.9991935788890566,0.0005142600473152405,0.0009284254845016887,0.0009211859115416976
413,1.1334820414686716e-06,0.03366438234282374,0.9651754247892325,0.012055894071516152,0.00013215841148885778,3.876960612817595e-06,0.0022889358508137226,0.0010843053782674293,0.0018396726341098815
414,2.6818945361490754e-06,0.16542123998927155,0.8329870757223846,0.00035642568716629544,0.008890071929312722,3.9827832351613925e-06,0.0003926851960542621,0.022119650062857727,0.0003649681589566502
415,0.0008161873086895798,0.013032872507808593,0.0006828174446937785,3.717490659073827e-05,0.0016256184610863075,0.0005075865091039079,0.12056306688497781,0.5141567341257061,0.00015104370370611038
416,0.0031473012678421173,0.0043120484305439934,2.6781658989332656e-05,7.013954202917736e-07,0.02188985057616228,0.0006287786670082895,0.007977965062843017,0.9944606047412916,0.0003310533850106518
417,0.09216717616187826,0.00011326330014124614,4.58089504001705e-05,8.993622054852327e-07,0.0007503251448313019,0.008384176215740217,0.007636920967301686,0.8424213044903166,0.04637571564520458
418,0.0055306144103387305,1.3879949688725788e-05,5.680736204144697e-07,0.0038863910131622624,0.0014354090114270847,0.9979951439056881,0.0012093432668586525,0.0025221847769579093,0.00036981813075844243
419,0.001401923390261039,3.2585471315003443e-06,2.9395231315738963e-06,0.005667018205358444,0.00036761276085358154,0.9988026968885749,0.0008060559548562337,0.0012562331471275552,0.0004961914620372964
420,0.0005996769478385993,0.07002157010259477,0.00318231413074303,0.005115698524497277,4.985322903072915e-06,0.002974509114600734,0.562344082772253,0.00012583078887988915,0.010083098480008885
421,2.0734078392334784e-06,0.5441198788551364,0.31620812013096067,0.022755186880242938,0.001997800951303327,6.178031445245125e-06,0.0019205062476823178,0.0015768660417246354,0.0004189647085149939
422,0.0032247894341267823,1.7672211188134278e-05,2.9340785157892235e-06,0.002141939734972323,0.0012643049269771614,0.9983751846024275,0.000914298868273156,0.0006792093881474743,0.0013525917464725053
423,3.858717126967381e-05,0.9723723349886839,0.010421238353788628,0.03578655608174156,0.0002851296894805178,0.00046803978050622764,0.0009044039630866967,1.836111304826293e-05,0.012369019615429416
424,0.007214363154094594,8.579188274624873e-06,8.728011624435008e-06,0.0015502337814833848,0.0009149834600359842,0.995732579298062,0.0013266879372406497,0.0009357898249143561,0.0021210406538022322
425,0.0017404749581325177,3.0099590555329185e-07,7.322978239245883e-05,0.006824821942255467,0.00015208170404562097,0.9977494975337817,0.00306579494038974,0.0018587128152657338,0.00031596140294790727
426,1.657254849901553e-06,0.897444636168989,0.0769417272849983,0.0028923296248764517,0.02990407552131687,5.737938928276015e-06,0.004159707814275822,0.007563718633666502,0.0001767314416064084
427,0.00010125905376959773,0.9896383276333185,0.0006303672397213149,0.006858000942997948,0.022887365977439688,0.00045583742910206476,0.0004917235822164182,9.646130012405889e-05,0.004358995569207411
428,4.1453530839759984e-05,0.5421816768647252,0.3746456878112256,0.04604183039322088,0.001702109428269475,1.5256903381525802e-05,0.012914227159128563,0.0002232234652076022,0.00018841424774361992
429,0.0031239432827932507,3.7516913343105525e-06,0.0004604600555291695,0.0008278615999165358,0.00030746010901743913,0.9775995289796653,0.0031461815791422056,0.002447613366840701,0.0011360191291902428
430,0.005851858181737293,5.071331909395871e-08,0.06835699704563869,7.609695717802203e-08,0.0011452087822725317,0.001884733547260574,0.023587620550605978,0.9757787243624914,0.13074158085116058
431,4.514199122694436e-06,0.9938276201314382,0.007618638829292406,0.008413094027002719,0.0013608358079626507,2.300301733178178e-05,0.0025250861128371647,0.000362528167529812,0.0016132450841728693
432,0.2491361456620936,0.000868732781709532,0.000917136220481881,1.1433377480174472e-06,0.0036820959057301834,0.015489566595978905,0.0037463485959539993,0.003964158787748744,0.6431170991518588
433,1.5695306938016403e-05,0.12617941217880485,0.2518145411897391,0.4857053719569937,4.3474561323063196e-05,0.00044642185195027325,0.002982657799770058,1.9893514039594034e-05,0.0009568989185618892
434,0.00213562145536626,0.00010576382790928498,8.402246633345388e-05,1.0300995514193553e-06,0.04932363487043906,0.0029362364839600245,0.0006623067770538027,0.9960722620765394,0.0002316872159360297
435,9.966606010032785e-06,0.6349780646260268,0.03045457694200853,0.0014153999391162272,0.557573989934928,5.741538769513881e-06,0.0005387942344038504,0.004521700390896375,0.000854389759782558
436,0.01892381773559674,7.620672588211831e-05,7.841100473338941e-05,1.122866770408483e-06,0.010972023056672133,0.0017396513211270063,0.005189981486831252,0.9941567729614774,0.002922852921467911
437,2.4307263499650023e-05,0.8831407431868193,0.12029436214360295,0.0016055175919956195,0.006303404413605775,1.9537017830402305e-05,0.0061968089374618415,0.0018334465374898012,0.00038665722078158615
438,0.005242035791993349,2.8577474370044077e-06,4.302272638112818e-06,0.002527726415490157,0.0008619866509134973,0.9972444916278426,0.006534574529155867,0.002756342479978504,0.00013454514511620095
439,0.0011349705241741922,3.225421987546704e-07,1.7032649224315135e-05,0.014941637683786166,0.00023971491987483318,0.9980864011777776,0.0006546687300939696,0.0023025767817388514,0.00022741457889157292
440,0.024738979158805324,0.0002281750379196702,0.00011749843652191168,3.449665793986726e-06,0.002358876833555595,0.11139528665535113,0.0009523850083711501,0.01629994671701123,0.864618724355523
441,0.038150235431254224,2.8701580535890405e-05,0.000258151216494831,1.238714588578137e-06,0.001135652276856584,0.11499985607114863,0.003447905660322192,0.05926871631861416,0.7890639316883866
442,0.0020065666255882314,1.789814195979037e-07,9.958998615806317e-05,0.008254380424288386,0.0001734091552707953,0.9968649282020985,0.002469753458282213,0.0021219387130888643,0.0004234348851931101
443,6.647790642347392e-06,0.24691556639787357,0.6665354810718447,0.13873063300993127,0.0001704616063550278,6.3925557919209415e-06,0.008224569085597688,0.0004645742848760376,0.00025853293101902117
444,0.0015338937415187938,0.00011975188009427845,0.011133600988113158,0.0002275475360923032,0.00526896850399409,0.22705449561946314,0.00018353563353445815,0.0003473093500914659,0.8477171672826339
445,0.001175496675539415,4.814477808336348e-06,2.201846847870763e-06,0.005185234563956304,0.00029354804388411496,0.9984189218742754,0.000966344722502427,0.000675094684543943,0.0014382227786559427
446,0.00019337335255956641,1.5664534408051214e-07,0.035910199777445494,0.413480796206379,0.0008814480027781146,0.50867904771347,0.0004529182084692797,9.671868468500931e-05,0.02694639366546631
447,1.6405295194002895e-05,0.9802795402110336,0.02066228280130175,0.048639646742179445,0.00016758050907167142,4.7978693409665265e-05,0.005129064781819877,4.800858775693469e-05,0.003957285868921249
448,2.724728695135494e-05,0.05477352397085652,0.8264933382727329,0.00044679815358016816,0.00016957849013065967,9.124314774427652e-05,0.011536014783968618,0.00022908067517656353,0.12855916500565948
449,0.00117086777654579,2.950240971820553e-07,2.3579080453044704e-05,0.015211786514429521,0.0002673269766411965,0.9985519696370873,0.000546621066533667,0.0020379402546120517,0.0002034634609338988
450,6.69442672557625e-05,0.4937098008162882,0.33820849554659876,0.04757021751993158,0.0062012246364731936,8.1705397281289e-06,0.013475946330238145,0.00023779460843809612,0.0001464028263836574
451,0.6396484274004914,0.0013629626729134974,3.781573741799096e-06,2.8769748046825284e-06,0.001102090349526309,0.16059097458557028,0.00644794343818053,0.013984829484618145,0.1188415599391584
452,0.24755916729752314,0.0004891403310514088,2.097584948875228e-05,1.590278758053091e-07,0.001078678307131379,0.08802373799213192,0.0030485318482963196,0.17455871622961036,0.5915369428704039
453,0.042461697761840334,0.04663874981578632,0.005564939091428419,4.3003380546336665e-06,5.4840136863762894e-05,2.242017065422392e-05,0.8677329590742822,0.10807414877461043,0.0003823977276641811
454,0.05603719853646386,0.0002295673856319458,4.717047046850084e-05,1.2899193353685932e-06,0.0020837591494150065,0.004833711888595728,0.015453724454136992,0.9328419813642178,0.011423668843363039
455,0.00255009991763612,8.960213892436518e-05,0.0007906626819767202,0.0011367261003285257,0.014402844454012055,0.8092178173095922,0.0005505541826005638,0.0005662476408846043,0.003882640457975951
456,1.630469906138092e-05,0.547986600863029,0.3150040796260677,0.1334048224973149,0.0006110820837756112,1.3124569611480217e-05,0.0029690961704737194,0.0001954298372811769,0.0006226397192386581
457,0.02603901788624296,7.272958839578374e-05,3.726252018809286e-05,2.2462128107611416e-06,0.006894473613851001,0.0009168273431510252,0.0057252777845383535,0.9843844239070386,0.006244885119269038
458,0.004186901801500255,5.9599141356693056e-06,6.721185542741393e-06,0.0013540778635251181,0.0007032314231561178,0.9978706329238173,0.0024135100599856287,0.0010525836576984263,0.0013783629223185954
459,0.006021366594082587,0.00027490636478362464,2.6672012636623828e-05,8.415230454533893e-07,0.03505688254086037,0.001186825146989675,0.0012210519481562596,0.9990963209565604,0.0008623706845188492
460,4.2014362360949685e-05,0.9242732663842355,0.008510400778248226,0.14242452512489864,0.00014762197571770687,5.411403769113522e-05,0.0022537004429075418,6.217586497599325e-05,0.008726423091425326
461,0.00010550285179660398,0.8985903070914297,0.0029497044443186236,0.16312685188738782,8.432836761989711e-05,0.00048673986451158605,0.0018705891390903356,6.8553853524485555e-06,0.03609326838880127
462,9.691685124617095e-06,0.5191924682737873,0.4422525292313105,0.00585127645378183,0.0005981094270161017,1.2699671840205386e-05,0.0036078204061321998,0.0001447741089438704,0.007892192015846037
463,0.0012456401162811957,1.504520676871734e-07,4.068406736019657e-05,0.014548831846371058,0.00019568145565824013,0.9977257045793831,0.0010606410972820624,0.0032007394288577195,0.00018988872164678018
464,6.893267806441122e-07,0.09624854704335227,0.24700716780095802,0.17094021517004743,9.527364412972923e-05,9.247958335486004e-05,0.0007434748609240854,8.38855973473823e-05,0.0019207047879367996
465,0.002257034036533625,3.1394517136307133e-06,8.217081521440134e-06,0.004547880747835156,0.0007528454056380046,0.9987250997239157,0.0006872325726991946,0.0006414053188641374,0.0014514743652992619
466,1.898100465270164e-05,0.6710857382798122,0.19907770273512326,0.05004203898068158,0.0035049022457706944,5.451795975455592e-06,0.005895624781002392,0.001192150392111415,0.00015510715355601106
467,1.1325186020446902e-05,0.40126510619846295,0.542840462670155,0.06831814937887218,2.6786327536841508e-05,3.88479616285371e-05,0.022631715389238558,7.510153781781639e-05,0.0014065017342562607
468,7.124537075561917e-06,0.9971882812242255,0.002080587715722133,0.0064594533399591585,0.007031027737663047,2.8654935077256762e-05,0.0018121461930002615,0.0004375703793756449,0.001067041623269836
469,7.21016299624127e-06,0.6436564961367018,0.2707604692517523,0.03547806769410277,0.004060221972981278,7.0076367273948905e-06,0.004488645547638255,0.0018631760777578943,7.207641601425586e-05
470,3.647893394535862e-05,0.0033162215774162535,0.004832906198446119,0.00036413186797372183,0.9913701699241766,0.0011061822821017834,7.023538874346363e-06,0.0259148899581968,0.0031674881546729173
471,0.2576229986601576,0.00047087192485932404,0.00011798817831175322,3.4772033900295223e-07,0.001834887627884661,0.037002026131450406,0.0023570969607744924,0.025603029205204155,0.6986428664370072
472,7.925212980515327e-06,0.5526621948072581,0.44395223804168094,0.0010600302960847366,0.01170190378432374,6.207230799581878e-06,0.015623586786060467,0.008411286452308335,0.00021171161220429876
473,0.006526329284165901,0.0008945262650179872,1.1473022527499064e-05,2.196712138907409e-07,0.14258129351913557,0.0015876554466045078,0.003016764545927605,0.994724850886869,0.00045979291849770773
474,5.6277323650316335e-05,0.7580000055087922,0.15130462912833076,0.0012365088059717502,0.003021882653127776,2.4158434983935517e-05,0.033556730032388855,0.0029215209582457366,0.0008381128207852589
475,0.0010491052646142748,2.8532573886163646e-07,1.984882250561821e-05,0.01635692855812825,0.00019749651425902487,0.9979439287337066,0.0007450597051327089,0.0024543658173086513,0.000170798157200303
476,1.2005802855958865e-05,0.22297254840674616,0.7461332016973804,0.13987640077149227,0.00023545619406998072,1.1970406719982694e-05,0.004854318522100752,0.00023251050476398824,0.00037868465575728984
477,1.4137584032863297e-05,0.0510772866625182,0.7833877722504713,0.0923234292998691,0.0003344634574390612,1.934986908554399e-05,0.006469802201274484,0.00022224622064765447,0.0007639559417615352
478,6.391257020156188e-06,0.8474594047682324,0.10687102226293266,0.03893027516686308,0.001669059338968168,1.0100017277954261e-05,0.002734782953051725,0.000991537491430369,0.00012490240804732366
479,0.3706267971493583,0.00014150273341053107,0.00013395594796837616,8.003482075004702e-08,0.001029516973948079,0.02308774205866575,0.009862432192441466,0.10698646811404534,0.6997089700750989
480,7.183542426850736e-06,0.6141379575773184,0.24312350896851892,0.19225335649243133,0.0002492868139993414,8.839509928779216e-06,0.0021669792060333743,0.00023979331038088386,0.0008955145496314302
481,1.0761787536261442e-05,0.14026724712616612,0.009325360337067304,0.8154013606755339,5.332118669259161e-05,0.019728320826302787,0.0013185478600640506,8.698206772671238e-07,0.010177151775023085
482,0.0016387316406303047,9.877813179583813e-07,1.275772286782111e-05,0.0055787385966261736,0.0003219033385675811,0.9985116584059837,0.0014139646178088928,0.000839751250293058,0.0008995799301890277
483,6.498590860684032e-05,0.0049499396327230384,0.0023012950584926023,0.00022487027194095893,0.9938272663326417,0.0012208087531984295,4.088436946828346e-06,0.023217920755175866,0.004721521415162443
484,0.04294044071658969,1.3674872420660806e-05,0.0003389456219939713,8.609495751907352e-07,0.0028872665755458812,0.011878659639888347,0.027468558870173382,0.9336607725596919,0.02154898050014562
485,3.366490418488766e-06,0.5815874816507612,0.29124993391702625,0.01642371905992776,0.007857904350773316,5.162919006174322e-06,0.005139367161862219,0.0043785727650404675,5.941161333622734e-05
486,0.002345015805696092,0.15420650950555173,0.0055395673005173085,2.7493787258286338e-05,0.004813026629750356,0.00017591281581713026,0.00014506307504059732,0.0019675574057375477,0.9532368558802823
487,0.001515322729628379,7.831564492514956e-07,1.773916992015667e-05,0.007967357087927764,0.0002522032150927328,0.9988621168113321,0.000821161100671789,0.0016462588769969584,0.00042615685157150506
488,0.011262436532629079,0.023746837978822,0.006615086598416725,0.0004942333313988944,1.3556534109641469e-06,0.0005392534547393453,0.9629010860824935,0.0006733398959627237,0.0009540582126958949
489,1.2384869969486379e-05,0.7340393858652436,0.2041924164060825,0.022042786184709718,0.0022450731104105017,6.193569871221442e-06,0.018416909631979565,0.0009001239818720298,9.72464536807087e-05
490,0.012554076475031877,0.0007410730270611594,9.532065416980924e-06,3.787919470375651e-07,0.06277233574047962,0.0008840194405003087,0.0036225874926744893,0.9987556145563941,0.0010530317462289578
491,3.956718132045576e-05,0.003975416634073551,0.0031952183845765122,0.00032013191053327126,0.99126454739538,0.0012499661829880682,5.657188285995048e-06,0.027257320852181167,0.0035153395066205013
492,5.353578334822759e-06,0.9952624629777792,0.00547540924059265,0.002761385370358061,0.005087743912642112,2.2906638056724115e-05,0.004350019229405767,0.0005964167916856104,0.00116981617417047
493,1.4138528235422876e-05,0.10168792374924958,0.9096374527936634,0.0007096020677709566,0.0026999875852128795,1.5432569938208025e-05,0.044821879716373164,0.0014777784703309798,0.001454561917812033
494,2.4111805864453256e-05,0.0060684720557963945,0.9772278269519336,0.07072894020935237,2.4420639682596074e-05,1.3959069754204433e-05,0.1390795142625759,2.5607194010249978e-05,0.007843588664352854
495,2.9985114697458266e-05,0.8602335164029828,0.042087228709212166,0.11804089725297788,0.0001325317607318889,2.019405375254748e-05,0.0032874036086346604,0.00013848949107588882,0.0035617615582032754
496,0.006935185282246294,0.00035739691393757173,0.049239946142167,2.323319033917971e-06,0.018518086349861154,0.002006813543409981,0.00021996956822853698,0.00205086810629963,0.9968234290902391
497,0.009712395224185613,0.005334221659454401,0.033468050538124204,2.7037331378810672e-05,2.653300892045322e-07,6.952931126944784e-05,0.9992805960030057,0.017178859531730924,0.009613354677188322
498,2.080899384213176e-05,0.5425939761649256,0.2780325376288843,0.13131606507791987,0.000689381299134805,5.948096069788115e-06,0.005323200360528737,0.0006968135263596756,0.00027704569634195053
499,2.55397223314644e-06,0.17731240650749297,0.3484592103119232,0.52634540283322,9.746972619425035e-05,2.7533014141072847e-05,0.0016314781375291211,0.0002410837636948679,0.00017862518995768675
500,0.0017875608834299961,1.2178232923776869e-05,1.755361057632572e-05,0.003932658053907051,0.0008641916482536319,0.9965319913736796,0.0006151066740275259,0.0004807646518216247,0.002248987329804319
501,0.004161744681109406,3.8280428421735934e-07,0.016918206735320376,1.2408191530074227e-07,0.002730938520763369,0.001066427727258773,0.007422751221181588,0.9924361002037992,0.02825594530876519
502,0.4723894672622458,0.0009617070219440964,9.471114010418166e-06,2.4708085368462073e-06,0.0105400653471234,0.0014296077393447064,0.004251081791773096,0.8870500466811643,0.00024049312050259446
503,0.00012761277920328827,0.9623749689486956,0.04844999840228461,0.014522538653709552,8.987861646786637e-05,0.0003073871778948945,0.005370920560090415,5.063316274516244e-06,0.034496587626606054
504,0.04906500997712068,0.00012586083140485882,2.449888405762173e-05,2.575815764685893e-06,0.005488214093361105,0.0017894174947178823,0.0062527250107625425,0.9619930777107452,0.010179645948211625
505,1.24187420332444e-05,0.011644475837716757,0.9905371794230196,2.489453604312447e-05,0.0011621280830673196,6.917012822696674e-06,0.007094812958677616,0.00046324426211124923,0.1554666950894337
506,0.034620867292787134,0.00041132137786756463,0.004714483219980974,1.2936097512599084e-06,0.012512111640718443,0.004208906521039382,0.00013562787462804963,0.01046616909161684,0.9109412424085693
507,9.147979783729712e-05,0.8750331874508203,0.08223302059119782,0.00024178092271960074,0.0003879079357036724,3.3254181721714596e-07,0.006078751965694684,0.0027232481916457914,0.33517274572681177
508,1.9337168142880768e-06,0.2514024853906808,0.7670166666783947,0.016972412396183998,0.0001970720510283704,6.055134648013188e-06,0.002036328230765222,0.000579662257338313,0.002073804415321464
509,0.04783576133507508,0.0005162429325123902,7.658367560712644e-06,8.284430432781711e-07,0.020932862422684058,0.002625003816053658,0.012369718553735486,0.9718617872452622,0.005731573656592101
510,8.264848647749404e-05,0.7021589037427164,0.2088010749531471,0.01574926465065962,0.0019899427718217187,1.5416275277179733e-05,0.020891761632634374,0.0003625996865184743,0.00018285091772553416
511,0.05012655221808395,0.0006180051345256893,0.0010256296980848405,6.049609273216367e-07,0.011930432749682139,0.008675668858969799,0.000630840223136148,0.015719464643441004,0.9561843809111185
512,1.4501665584422485e-06,0.17696891531859266,0.6472974955203379,0.01436883213178117,0.024258187649318082,2.4910740056105136e-06,0.003628366335521173,0.017494763872048142,3.568900035738947e-05
513,0.0070789413378515315,5.36801545956242e-07,0.007822890846236183,9.955301901954924e-08,0.003734330367871178,0.003986666518740686,0.009981051309040492,0.9829644979149058,0.042903698460208334
514,0.007741330197019458,7.671993729754079e-07,0.010359795052228836,1.1561726488417746e-07,0.0014989576576900498,0.002273893672094525,0.010126600116636183,0.9827691344334858,0.041307049204210224
515,0.029154074308995376,6.135465869942139e-05,5.2741180625977813e-05,1.2038021560234338e-06,0.007502783056749655,0.0016303729720618223,0.007630000470843707,0.9801263268416931,0.010009947043027547
516,0.0024858270659786847,5.534310196281736e-05,0.00012192287196824944,0.0005183967712242942,0.0014245672101160423,0.9757872971255761,0.000611213273418143,0.0012237988979295013,0.004455409068413286
517,2.21969796328638e-06,0.9275031458918548,0.06374709459020475,0.0019398288289322048,0.016851289670415954,7.837430506127188e-06,0.003236602117505289,0.0022987460323906253,0.0010179454850652795
518,0.015006138991166464,0.0031611371641254303,0.022615198862343665,0.00010910567553558828,2.5836169146500816e-07,0.00012206612897044006,0.9988030593407787,0.005197265883182108,0.0014998296886241747
519,3.32349447146603e-05,0.8573829488103154,0.1529189565810562,0.0005122738548393377,0.012535152509385219,3.590614169878181e-06,0.004852573953340937,0.004716776122921436,0.000684184965800188
520,1.3309209549008233e-05,0.6472793447347467,0.01809539104829547,0.2600934356719431,7.125450711013038e-05,0.0015575392781874307,0.0025296681040900154,3.680816314667478e-06,0.010156220448138204
521,0.06424445895968425,0.00031863183033188316,0.0008199589903963277,2.960512738833906e-07,0.010522832576012938,0.012512910720910231,0.0011399713065328135,0.0401783399993383,0.8430869615629413
522,3.805275297275627e-05,0.8590374216089423,0.03479312633728563,0.013204523883199211,0.00702203146105665,7.679011128016197e-05,0.001752883564981984,0.0005713899541377234,0.0002103833224052647
523,0.0006113702323390443,6.466017793608185e-07,9.027876663771949e-05,0.04265400146649215,0.0011387805519121035,0.9960750905521241,0.00020487357118904528,0.00040329188365224335,0.0006177925666508556
524,0.002214526833846182,2.715253039551117e-07,8.62419851768387e-05,0.007380446387437929,0.0001309124532686626,0.994954773529349,0.0034969301605620117,0.0028818368582254833,0.0004306562589200469
525,0.02252065644037403,0.014993294726160133,0.00844101312023766,7.0487084260474015e-06,0.0017712507567551729,0.0008820228752922275,0.0008126489016070478,0.0005226909309698585,0.9850191917879786
526,0.00010102868860715071,0.021530507946059648,0.005837880580778136,6.946101327783573e-05,0.016405671624192143,0.00010142071723428102,0.01106370464396415,0.5751565778324422,3.529255743714799e-05
527,0.23312467044530386,9.324625313952733e-05,1.9275148740920142e-05,5.939502720741194e-06,0.0019545358023313137,0.0031462486359405063,0.015587831099196545,0.6670913169614758,0.04196231105373834
528,3.408379521366633e-05,0.8739124304715582,0.1428089509172546,0.0013764436169348027,0.004303538028018508,1.3795201168306279e-05,0.016992647133125906,0.001713706826684681,0.0005451131059408969
529,2.8402408101704774e-05,0.9224944836592063,0.07186731080464583,0.028964760721799897,0.0009133113405294336,2.5033941192793426e-05,0.009460190880120008,0.00042753974036465977,0.0001431839534451375
530,2.1894497255160387e-06,0.12429197870882482,0.776618230443999,0.01015294622271188,0.008506389694628963,3.40087908676134e-06,0.010902993713327595,0.006880130886527994,7.516853305736326e-05
531,3.882372111766284e-05,0.003330471595548344,0.004011591265372709,0.00031387989019017774,0.9916864134871473,0.001306186251769065,6.6999236546573616e-06,0.026908333818576016,0.003459541082502146
532,5.615347407154084e-05,0.6024732999594553,0.16317609466489938,0.005983634276775849,0.0020023421407854916,8.577030023034619e-06,0.09481974804747624,0.0013098274401306808,7.897406135392828e-05
533,1.689925021500479e-06,0.19484172846691517,0.7635892339303245,0.015481811035105653,0.00019363724212374345,7.8440225708472e-06,0.0011572982123156557,0.0002516968872730919,0.005370698636402536
534,0.008904309146868851,1.3475055597425796e-05,1.7314709485152446e-06,0.0008961506331726634,0.0007548147449852479,0.8827716379585975,0.0020942969325409588,0.009882412513211938,0.23445545981776028
535,5.2263327252669005e-05,0.9120273077377595,0.05888340328415995,0.04450507324223625,0.0009697217290823312,7.435817557240088e-06,0.00685476526571853,0.0001766768460613169,0.0021160254134180777
536,0.006549290795927066,0.00048151567280558014,5.4844289313258474e-08,0.0015234953902885883,0.003793121789122302,0.8848753246547321,0.0003377571612139709,0.07787887555495847,0.002342304928712528
537,1.757382895583372e-05,0.07472956466772465,0.0716190618981324,0.6757466264757648,4.213893674980678e-05,0.002248103526074451,0.0021058227013047016,4.392148165358643e-06,0.0025576617332382645
538,0.0900094581240256,0.0002971925047561478,2.1418180874550855e-05,1.820996331952691e-06,0.013261626794935946,0.000967294238415751,0.006968216326372795,0.9838672348039101,0.0012012232659753463
539,2.444279131155206e-05,0.3472596287695472,0.5802578787129248,0.00043230953535470303,0.007814913663333777,1.4074094854218577e-05,0.017017273407030135,0.0021824883668996645,0.0012208631525516028
540,0.0015488081379420883,2.2789862190775348e-07,2.7070906733348202e-05,0.013008313482704922,0.0002133106933539234,0.9972546838180978,0.0013190567011598891,0.0037940502664236633,0.00019960755668009487
541,0.0011081890343486963,2.8642652368521164e-06,3.924437771439745e-06,0.005584161726407155,0.00021146486440111432,0.9978568015089492,0.001525195310948556,0.0007707877761126493,0.001202413110809715
542,0.003379319233802717,9.84327004045789e-05,8.88843036536275e-08,0.002649413543490819,0.00234341882054226,0.9991993348825104,0.0005030114826043514,0.0009590744088917267,0.00037941852041629043
543,0.0003896652981396657,2.117698167567935e-06,0.004735708360405215,2.2108389197424853e-06,0.005231239441627778,0.018851904277782407,0.00818789277341832,0.9676620064653457,0.000258617610661257
544,0.002450852510331696,1.1691190275070372e-05,7.365993569601758e-07,0.005534077325883371,0.0005530908108249921,0.9984777334923428,0.00042001344872707184,0.0017420245211556857,0.0021297227604339533
545,0.0009448495721194988,1.7640378349428648e-07,3.079228026368089e-05,0.02002432616606181,0.00016922364369070862,0.9977580128195931,0.0006626509651865463,0.0025120628563223063,0.00020565921897504626
546,1.0351457630217808e-05,0.05426891449683969,0.027356254968100516,0.8148996579354895,6.330675099749318e-05,0.013811262610809562,0.0015151880657450522,5.739132472029485e-07,0.014869488038503397
547,0.9466544809434271,0.0005633661096639954,2.974725396063503e-05,1.5024355474496058e-07,0.0010206007591171814,0.022574849217532167,0.020509005273048154,0.012424016580033663,0.061314181366774904
548,0.002142831342027418,1.307172129585891e-06,1.1419260526241844e-05,0.006788067159675553,0.0005216509114430477,0.9985323241717813,0.0007547810829192475,0.0009958807789800083,0.000882382631942938
549,3.564937564240019e-06,0.11616081165986397,0.9617363904469841,0.0035807642068490446,5.200222270333543e-05,7.88020483004058e-06,0.003686462025991475,0.0009665485603631969,0.0015732396474671022
550,6.950427427040152e-06,0.7532576610018805,0.15811858915708873,0.05174286437415026,0.0038312700147479987,6.449991845979302e-06,0.0029459044515517613,0.0019175172781650963,8.020142878082073e-05
551,0.0018458368898256086,5.458442254635869e-07,2.67268807462055e-05,0.006950979151740318,0.00034701525334144,0.9987305152243646,0.0009685118598359984,0.0013935130123183031,0.0004514934899111539
552,8.89483868914273e-06,0.9502179685784362,0.03251161743085082,0.00609319454007527,0.006987047016990881,9.43139929639008e-06,0.0038537560274128973,0.0006549908783378712,0.0013184861606382148
553,8.777264072764926e-06,0.22046429520529987,0.5043237114684723,0.08046747221470313,0.00017374426992198294,2.017758493021371e-05,0.002376149964096497,7.527655157050795e-05,0.00939770922933276
554,0.001821091657079911,1.988108143880624e-07,0.00016500118047360689,0.007595220058982891,0.00027256842709794707,0.997062791505764,0.0012749278404773489,0.0022375248646437774,0.0003444614993633255
555,0.0013576296485110048,3.9843838926952995e-07,3.405755291511224e-05,0.00922577099623574,0.00014796182548289764,0.9975193384192083,0.0023300934887619056,0.0013799321697855597,0.000484916518391303
556,0.0017225999066334916,0.0005790851721976788,0.0015706341166170884,0.0026738847194250153,2.1883444669220532e-07,0.0023573682009626526,0.9954793214580262,0.0017531737908051525,0.0020776083579663756
557,0.0051792893427986784,4.1505388833012434e-07,0.00012694686559919325,0.0024729427754876347,0.00011426344271875886,0.9698125031483441,0.009645736825109205,0.012517503331002903,0.0010827049235519934
558,4.071329199542288e-06,0.8380358799483207,0.03007782337663895,0.12933756433033292,0.00013874985263136495,0.00010519669950058953,0.0016287983688160698,3.8341810567838996e-05,0.004183636363224334
559,7.129984527772082e-05,0.4590898645126425,0.3155282057861342,0.02739424457738196,0.003443119695091015,7.297771392195158e-06,0.024022534265151156,0.00038413932390764596,0.00017321923875663651
560,2.7155040932943077e-05,0.9730897282660668,0.03149995910334085,0.03564328717851319,0.00016149594964435368,6.398176458139629e-05,0.004434361595264341,4.4627819303985134e-05,0.008954098563419107
561,0.005612741402067731,1.7299317066951776e-07,0.00011660289469372918,0.0033754622029757092,0.00011390524700409972,0.9797943588012167,0.01268939204280728,0.009268438068285334,0.0014644791183632516
562,1.1289722938456544e-05,0.9107444743992853,0.05210571735009125,0.12270363547738336,0.00026001434092813905,1.2081247233031946e-05,0.002398499183161008,0.00013725727628247092,0.002891242585891991
563,0.022348486856859848,0.011778371103889861,0.010393069821742975,0.00017186085298929419,5.799211077505586e-07,3.661936921524516e-05,0.9947652700752436,0.0074897011470546285,0.010030480151149327
564,2.0612251919471962e-05,0.5496726557918387,0.30827902411298813,0.0007891703821877084,0.008093076739088052,1.919152230791812e-05,0.007616946765735294,0.0019813137548275405,0.0007184819826170666
565,0.3294229222150738,0.00036805863728413713,4.5010207465542695e-05,1.3499874951604807e-07,0.0012534256138260495,0.03996955818335805,0.005191365640451763,0.1439203161706195,0.6152941867205006
566,0.00273178581970927,2.011507186427566e-06,1.6446113039250145e-05,0.004078645159508414,0.0006605069244971531,0.9982716067623748,0.0008396914353824197,0.000993565236067278,0.0010508884066943243
567,3.1514399882361595e-05,0.9197021337221749,0.06937120908913741,0.0004929740130137841,0.013190224292939763,1.8346973486599796e-06,0.0028354009467943374,0.012645517685597157,0.0008406682951207213
568,9.158747766700896e-07,0.739258651043921,0.24743594323883794,0.0036134236500544406,0.004707122014299662,3.7840191797979558e-06,0.00584654905253077,0.005794521377717605,0.000269442083786974
569,0.001995569996190966,9.154400615774726e-08,0.0001723719007773474,0.010233202169535112,0.00015062565219079265,0.9972333421556074,0.0024179026484258555,0.0027365223862879412,0.0002441787042665743
570,0.013708851670183092,0.00013942375067389507,5.0915159669906436e-05,5.630620842876847e-07,0.031169731364764877,0.0007066944648314249,0.007463809252368009,0.9981554771557711,0.0013315414328516956
571,4.037297501124413e-05,0.0028359065262061364,0.0033282518839452555,0.00030685249819677857,0.9922489565491646,0.0017105090414603688,5.158291933271797e-06,0.030096229004499434,0.0034168517192816644
572,7.198462967150064e-06,0.6942288177517887,0.30884156149793285,0.0008327726672107599,0.012109130588586026,4.406120665852409e-06,0.01420381461542846,0.009856970767237237,0.00019090898165511854
573,2.737495832747523e-06,0.9860896324520115,0.017903885102441165,0.004973352169733485,0.0053024490697957186,1.2627458592651485e-05,0.002290999620904596,0.0013750423633629976,0.0009574319426231102
574,0.002735158606019609,2.9815261760936677e-06,4.297468458772797e-06,0.005797372781026113,0.000623464082007826,0.9985225295073189,0.0008200753739386248,0.0011195629517380384,0.0008604015238126667
575,0.0005557552502173674,0.9997305046566582,0.0002324881096098581,0.004218644892453309,0.000524273522091081,3.976724680778764e-06,0.0014418064111438441,0.0002869576113683732,0.10288943760578927
576,0.0032349794868229646,3.5479551371910265e-07,6.317692739678394e-05,0.002724611934541039,0.00017829452270188659,0.9916284514977053,0.006562244948136411,0.00328348650815597,0.0011541036805332965
577,7.564409974787117e-07,0.10712059066171707,0.7227243731653965,0.03330305375712075,8.746540269259648e-05,2.626641154321457e-05,0.001123236345403833,0.0003488307122790238,0.001505969978392003
578,0.002336142180895794,3.478105273815071e-06,5.789955532103024e-06,0.00455337243328143,0.0007885931033236166,0.9986063236260467,0.0005653732412207184,0.0017985876927374498,0.0005562634449717341
579,0.001042274087585948,2.7265550256480633e-08,7.270861938723281e-05,0.0407126706089854,0.00011586868578536718,0.96410118899315,0.002082822360607514,0.009432585927387624,0.0009584843973663011
580,0.11892268430413154,0.0017220779394900023,0.005754885983219881,3.976646184537197e-06,6.725885066862182e-05,8.724290029915522e-05,0.5908282042398358,0.21524577102969175,0.0011897455209564144
581,0.017503435931636342,0.004432713210493541,0.0014842415307279927,4.128415194350287e-06,0.007560060822450906,0.01074767978053222,4.312450041785004e-05,0.0027630858753062175,0.9848574794814405
582,6.590666582169868e-05,0.7113002375026005,0.1623750016391292,0.03491369870143212,4.224330974515895e-05,0.0007311022161273796,0.015212705342452703,2.3293113356146723e-06,0.0411108815518125
583,1.147061421501288e-05,0.20250457015692266,0.7132649282247845,0.06837831769944881,0.0003272947141875894,5.381642199321936e-06,0.0074736494486234125,0.00036766218922044437,0.0009529256200633749
584,1.643025884147632e-06,0.30104583733831647,0.6039515944563749,0.04809277468924888,8.362615093485003e-05,1.7237187508063578e-05,0.003276631979765516,0.00044616254735107424,0.0005690238309808712
585,7.90161626718021e-06,0.15768961114879354,0.7447645067849971,0.25330914079697603,0.000245383086530002,6.063952694458541e-06,0.0033534428095306113,0.0004993211011004786,0.0002143513975160189
586,0.012885721970014257,1.6909843027635605e-05,0.0006604872486449222,4.6534473928288385e-07,0.011870235740932912,0.03853312624603604,0.058222869246594235,0.8800230050726863,0.0022677958095779793
587,1.1782937386933335e-06,0.2339537785538753,0.25183345864894907,0.11891390929374905,0.0001005544069029062,6.360016910011615e-05,0.0008641040652689911,0.0001226587847685716,0.001700710181472361
588,0.011056583651826886,0.00011778132549209923,0.025015267387535067,5.982647822735731e-06,0.014604975305819345,0.003418534497623497,0.00011782218634371207,0.0031690292455992626,0.9920292088846709
589,0.03904789163542367,0.0012553456887075985,0.005683370022387097,8.669668762729112e-06,0.015044753427827845,0.006262034110326455,4.7497343180847105e-05,0.000708095575800326,0.9758316367020161
590,0.0014597527110120907,2.852990507967533e-06,0.0007809157781704621,7.864307140826779e-06,0.006968440845824017,0.1572364047375978,0.0043074906658649185,0.8886262193341621,0.00035376200256699087
591,1.3762565340498898e-05,0.8388562204606039,0.16309261223870855,0.0006787156530756566,0.015989000975907684,5.711585918084551e-06,0.005718986420317356,0.006777212809327825,0.00026168467551155184
592,0.02706506335003943,7.703687346549576e-05,3.368583190483081e-05,2.2129782409589015e-06,0.016218782365333716,0.0009204177635576415,0.004410107718436794,0.9859156672776566,0.0055279851086101756
593,3.2738687184726397e-05,0.7191716619126748,0.32259482954944496,0.0021549185096200567,0.0019376930736164878,2.8981938319186448e-05,0.0352255353598715,0.0007106216035326933,0.0006899788125246176
594,0.0020154075517881264,7.111753922674551e-07,1.586020105472856e-05,0.004290910511607145,0.00036172883484408255,0.9978237631550396,0.0018304049216702459,0.0026454305175048973,0.0005576631559203583
595,0.000859053591752331,0.04149413887550246,0.02076016369480192,0.004064066632231618,3.0401566629672365e-06,0.0010395014925092413,0.2842140372180719,0.0009738380114141795,0.0038845577916022445
596,2.880848771412924e-06,0.3620147223680332,0.5517823065284019,0.060815422338608684,0.00021248372736381308,8.921000788684468e-06,0.0022148483579333095,0.0005768669805449881,0.0003906204576927303
597,0.01816527388625321,0.001548430077316555,8.84498667585109e-06,2.8494681398374295e-07,0.015212168423161606,0.004518148192676668,0.001969168745501547,0.9363959666328378,0.07414989591748807
598,0.0024713432302866556,3.609922928221025e-06,2.4498529453287237e-06,0.006326485276474909,0.0004513603951706453,0.9980982027886508,0.0009557608239335252,0.0025352988285899103,0.0005175203225892755
599,0.020463681089838683,0.0805278432232291,0.002977098687995686,8.723803444346657e-05,0.00048317234534414345,0.0002679553052851635,0.00648453994964443,0.0012414840255065382,0.8148460235648715
600,0.0021851703663626353,3.998816036716932e-06,1.6808763028067206e-06,0.008085484643963643,0.0007678411324333725,0.9987136207700038,0.000446629223901696,0.002252226106622621,0.00019487786894497932
601,5.054649479562987e-05,0.8937696233770537,0.08213342587619848,0.0009646431901330756,0.007816529594497213,1.1934782906026336e-05,0.004251103035360852,0.0020094007649055427,0.00081982265352093
602,9.519115791729422e-07,0.8172732706423109,0.1338520773337586,0.004156374446836857,0.013540711078998362,4.438031737974026e-06,0.004973287418644566,0.013575309416488884,9.92092846264432e-05
603,0.0020624046474198325,6.655934409511679e-06,2.0281320880601707e-06,0.004417851997557964,0.0005765335083574447,0.9989817553980228,0.0008991630628101803,0.001200408039130584,0.0004433204690332854
604,2.1364046621682288e-05,0.012027980228813767,0.9774833189485213,0.044296975082100794,3.27598536845513e-05,1.990948822837407e-05,0.12099775114861591,4.911822426653169e-05,0.002851755604691375
605,0.00954021691307042,1.2898484080655942e-06,0.00015586267638338885,5.878242475316578e-06,0.000361426497843309,0.4350839744493457,0.007988312133405348,0.17231897587025222,0.21039097576348625
606,0.0012095322807907521,4.820913393641195e-06,2.1827562149271287e-06,0.0050125571528567055,0.00030997246184508767,0.9985975928957486,0.000904257485205751,0.0006990289559987324,0.0013466524930834988
607,0.00026697686971207394,0.4887158814925197,0.18432251208125547,0.006503685930824421,0.00015033234576970346,0.00018870590148408264,0.16452138899442884,5.795679749680082e-05,0.0022804013024516527
608,0.0002468456244857267,0.9796626263885008,0.04050009794073115,0.008348870763138094,0.00010292789520293558,5.826685815467509e-05,0.00741873983011086,2.211644532366654e-05,0.031856899627723846
609,4.581742083922553e-06,0.24501088334772014,0.6527503346462403,0.16792888032779751,0.00016560667676825816,7.34512076568285e-06,0.003002619604389323,0.0005491969611157435,0.0002730517353597033
610,0.0016056560123700262,0.006674147345397256,0.003903506364129266,4.910363740297993e-06,0.00010439547486287544,0.00042406329571523043,0.7893657908525774,0.46383970098545874,0.0011516868496830718
611,0.022412234107103808,6.194300040955781e-06,0.030046669827215725,1.511413274272877e-07,0.0003881531014081053,0.0009614136486115549,0.0690090353438997,0.7590169537021946,0.09816859417661021
612,5.174328369293831e-06,0.4417080462184311,0.43969455123634754,0.10187986933305072,0.0003199198804412519,7.510573473829548e-06,0.002634528910680883,0.000554132112635737,0.00028272361492023964
613,1.0741270527034962e-05,0.3123913237524827,0.5074366513115501,0.12894504967870415,0.00027339598597574724,5.134291029890878e-06,0.010206493322898623,0.00037559930554855966,0.0002754334814896289
614,0.07202709640436714,3.202766993864774e-05,0.00010784789762261037,7.704404983454495e-07,0.0005871028530727063,0.011855451638875246,0.03641028314630271,0.7822658959708535,0.06597427669434347
615,7.529529976699233e-06,0.6629013434995135,0.2941538100253391,0.058357926551544474,0.0004970147531128367,1.0562187244057083e-05,0.0046825576776036194,0.0006036108905286572,0.00014371968642852367
616,2.174457287625694e-06,0.3261439569016005,0.09746977319751,0.6101090872818405,0.00013154083617671967,5.64555394701823e-05,0.0009312484424379954,0.00012027138726636032,0.00035049891689117434
617,0.0018007355153100047,5.516156662624616e-07,2.9696851979485508e-05,0.007041046401381886,0.00026794422850975885,0.9985468789878232,0.0011485880650044756,0.0017162267202087281,0.0004160051909553979
618,0.0022099328348515863,1.429850539470197e-07,0.0001417988172069062,0.010039434294340132,0.00017815109616776362,0.9961189172642251,0.002249097969532212,0.0026563207064867985,0.0003416839774066716
619,1.0925062118579182e-05,0.6462213546029236,0.31583397923855894,0.0009803853286474073,0.010137247054721132,8.545243067140663e-06,0.011661588265105187,0.006131460628348579,0.00032457937244515856
620,7.753586645154268e-05,0.7663571568408242,0.017255431606930553,0.1449337546738788,5.685077384441895e-05,0.00023061085640048716,0.0043502209311477875,1.1803772197570644e-05,0.021519671327464726
621,0.0028796842456245654,1.0853493900902421e-05,0.010702623471295594,1.7879741805859924e-07,0.058300521663478266,0.001294600554021758,0.001551326416402008,0.7788842525091771,0.4144897450415179
622,0.0008698026457485014,9.93820898714384e-06,0.0001711829200390836,0.015057712403699717,0.00026939501503001024,0.9811760013778786,0.0015207493738604468,0.00039514402837486116,0.0008150588724580795
623,4.505452061360273e-06,0.11904411206465773,0.8176170941106419,0.14724153731483988,0.00019512238130534927,6.695737203452133e-06,0.0029433974456214776,0.0005480087557919834,0.00023458865151829064
624,0.0011060343876727154,2.785941316051986e-07,1.9872916477138726e-05,0.01944783456705039,0.00023358219136966125,0.9980581965743273,0.0004887705965940164,0.0025063112942690768,0.00021786430101148092
625,0.011480189013742478,0.003071536647629914,0.003922835422383601,9.214735562591703e-06,0.01458616262286538,0.006486326250910238,2.2519124634424044e-05,0.0015980046382152375,0.9891461869810825
626,0.0062031293932530585,0.0025886258574156313,0.00897075575621661,0.00028884744455387766,5.135448936021112e-07,0.0010689579584763937,0.9880428236205752,0.0056936504937591175,0.0011265281927290564
627,0.0010906840484115848,4.1139641305258296e-07,1.5834206096843775e-05,0.015541600349984367,0.00018925108060988122,0.998025154063389,0.0006197372382478186,0.002179147258061109,0.0003018629550438614
628,0.0035957487493621628,1.0362464063217375e-05,9.288600879162707e-07,0.002628035001059684,0.0003811525699273131,0.9957593878422172,0.001825499538714457,0.0026410290053054957,0.005468299736998914
629,9.303321465301765e-06,0.07141088493162813,0.08545821686642366,0.3990604874305655,0.00015924307502023733,0.0004699409228723544,0.009716322180847042,5.558279285619852e-05,0.00014830519084812633
630,0.002060139199722431,3.786364585596162e-07,3.5595875938596925e-05,0.006255253423445062,0.0002049174920875848,0.9976255530431531,0.0027121432417720566,0.0015622982514816208,0.0006782491313911252
631,7.5389528504926445e-06,0.9926510521051656,0.007163226954407824,0.015417578009595343,0.0028260903843292324,1.734955775350773e-05,0.0026760062994840112,0.00047031383767570005,0.0005757721641235455
632,0.0002056360179946174,0.8017171006343351,0.00862793160948882,0.0157294595977461,0.0007300972905638347,0.003934832866036134,0.0072758536416561125,6.74873401106996e-06,0.012984284725602537
633,0.0011912150919963602,3.2481256163456345e-07,1.6799557452576836e-05,0.015056554254459103,0.00013835908498908305,0.9972300654882269,0.000914073315768945,0.0043534301753289425,0.0002870603372123922
634,5.129815893938274e-05,0.006759640224717427,0.0029063195101949736,0.0002889798649915483,0.9909613959711536,0.0008651621789743814,5.818325863659816e-06,0.021930558750911152,0.003864626803861142
635,9.99794054674342e-06,0.5244230527015413,0.3594892935399751,0.15973695318643236,0.0003990030227330152,7.794789099471123e-06,0.0033197515241863195,0.0004193946780598475,0.0003515663465341722
636,3.629175152381132e-05,0.5084563292211897,0.010273329763992114,0.4925887786878394,6.611837445481518e-05,0.0025737885559386554,0.0031384229937846337,1.2352530870433001e-06,0.01005638841319959
637,0.10516782236397486,8.632983187757452e-05,0.00010247077560951279,1.1930730438901853e-06,0.005561844020505904,0.0018458141211542504,0.018103123869494288,0.9624444165989923,0.0032249013453139884
638,2.018302517885489e-05,0.5329084250182834,0.6137782537090767,0.03724408131065487,9.265026496054136e-05,1.69562233220133e-05,0.021207276309438854,0.0001650229415933744,0.0005607231003639838
639,3.633515928236656e-05,0.9061585517627799,0.054103444868380784,0.05953079959548891,0.001856700690134165,9.188909345247006e-06,0.004135222103620444,0.00040983983415056265,0.000594822014156202
640,6.004116463145333e-06,0.3503533759010154,0.5914055197383001,0.10165231587764491,0.00031556147873424144,8.947113283912383e-06,0.0027512551949597933,0.0004734313195654595,0.00027057560833731493
641,0.016367102778387814,0.0010565049342268701,0.004368270959601917,3.2917489547246397e-06,0.009432416958659573,0.007248056708117043,0.00011798552669629975,0.0024699354622655777,0.9914207938063384
642,0.0016423926909225359,3.7850907620589725e-07,1.5162746048751468e-05,0.03578607527198514,0.0017837809973273307,0.9900815427117481,0.0003732964836754247,0.007931149052356245,4.2908826748363125e-05
643,1.95852529504414e-05,0.45422710027739177,0.29309027449163966,0.17190547865717035,0.00031140316217112546,3.3140399876759105e-06,0.004893481066802405,0.001517553302139483,0.0005802903665766615
644,0.0012431103556551823,2.8204474340413266e-07,0.00017950216545240636,0.01411482508331043,0.00015542898971244185,0.9956876181189398,0.00196437647438059,0.0017372204134578836,0.00020716968237551647
645,0.0006619066695118281,0.01901659217603666,0.0031422033496614587,7.222533733387407e-05,0.25506004939992427,0.13770020953700665,0.00019203625696776115,0.0003710953049902105,0.1695059498466942
646,4.276881985018557e-06,0.6652548048880923,0.19904121289134397,0.01124589951834988,0.01979757003668523,4.385841852827657e-06,0.004479144931275141,0.004333401493470075,0.00012373751396160126
647,0.008319563015543811,1.50082815012013e-05,0.0008157340896373403,2.0741108175690214e-07,0.004008883239947112,0.0004528392890863351,0.061578229952219066,0.9886484639637013,0.009370794018994207
648,0.011127872921413286,0.0002892159909399543,0.0013274099229803496,1.0933420907271336e-05,0.004339149798152168,0.04983049827409832,0.00017037218827195747,0.003746276425994187,0.9400409609959958
649,0.00708806180994364,0.0005667166585650961,0.0013499699631776435,2.6727394244495218e-05,0.005370561912506044,0.03477137072962077,5.790255750421634e-05,0.0008877862055646973,0.9873387199520862
650,0.0970499008160769,0.0007534489555552441,4.939829126375312e-06,5.3140134049665105e-06,0.004556161589317633,0.0021585370283385133,0.004555127143411224,0.8963061575051898,0.010846077497565075
651,7.563206969496918e-05,0.008535344641526976,0.001897685903890902,0.00020722263219055838,0.9928413165879452,0.0010116126493481346,4.227534199691921e-06,0.02140947171013911,0.004838135162427747
652,0.0018173321173762253,3.893625951163771e-06,1.5799198643007242e-06,0.007071015119341039,0.0003826177993047094,0.9979795488218612,0.0005974856156943239,0.002104941641259201,0.001168468292384605
653,1.9214844713871194e-05,0.5889066577097014,0.31799893141285807,0.06499676066807131,0.0013341457475622902,7.005032960905389e-06,0.009516945261464566,0.0004636768324070127,0.00012492727525119897
654,1.096853766139475e-05,0.5063560761478316,0.4541459738280028,0.0009672261752258562,0.00640359704888372,7.37098560221815e-06,0.02814152499518414,0.005122361838099426,0.00044384806852764043
655,2.4236611814407696e-05,0.6777329334585961,0.223621061869969,0.09451974654797753,0.0015220418332552621,7.729080479934467e-06,0.005546318424700991,0.0004931514997779974,0.00012560549224320257
656,0.0013467788013080723,2.63281398979909e-07,2.1288662349793465e-05,0.017940420290424468,0.00019334474522494273,0.9971858995706945,0.0007253516591747997,0.0025535137929126876,0.00042945545572190295
657,0.30277787974428844,0.0005032403425429093,1.329359929768378e-05,4.2132798317844476e-06,0.0009469464794317907,0.005362870565177469,0.016579234495594123,0.664560616480897,0.028921318037787025
658,0.001574520376502672,7.379827223414166e-07,1.6703286887080968e-05,0.004803298133734606,0.00019052043243932625,0.9935460698779482,0.009171292692967396,0.0030207642125470763,0.00028658656507850105
659,0.003568279630673918,0.0002640726237803543,3.524482050106648e-05,1.2765625124728727e-07,0.04695783945825052,0.0014428610320861876,0.001075697107270553,0.9991570498134629,0.001055738163314791
660,0.039332218259483444,0.004033179631047997,0.00043354421880759477,3.7407936056112522e-06,0.010308078201000558,0.01899134095931452,0.000245866561304281,0.003635411818035428,0.976890079771093
661,0.2555583284067127,0.0005432668917395601,9.156577839395714e-06,9.447069381163966e-07,0.0025724473344230746,0.05803170324758088,0.21588516016902035,0.5933833493874241,0.02457785529646023
662,0.00017331153515890048,0.00011726099774463931,0.0006729245209480627,0.1950765645074855,1.7720500023245647e-06,0.3990179238657619,0.06594447686249229,0.0004183398705596246,3.536468090829711e-05
663,0.004181835976723627,5.98763234259373e-05,9.390154127372747e-05,6.710153333492976e-07,0.043718572442516895,0.0008739994958247151,0.0012951337709090484,0.998569289535935,0.0009000072897981674
664,0.004581863338486079,0.00017437408274868037,0.01698848809080274,2.2212270488359053e-05,0.0044610890077139455,0.05082057602081194,0.000516271554532175,0.002222665531186333,0.9346761936349809
665,0.0017020145726533897,9.227393888778349e-07,9.528513319913845e-06,0.011049848419284553,0.0003321140239674627,0.9985518526883735,0.0006334953180132319,0.0024744329962605696,0.0002150520598124745
666,1.2798267260990692e-05,0.1376203531614046,0.8635214824090647,0.010829113934443182,0.00014713135077454558,1.2932403647720831e-05,0.008741502427066934,8.657481794310733e-05,0.015821586929689043
667,0.00011884988299399593,8.008810048850391e-05,0.020691787747535117,9.389947278942939e-07,0.06955635738186501,0.0005890704587696558,5.180194966722586e-05,0.8558555476188993,0.025367872469019264
668,0.00018191385913372,0.002039131055801623,0.9057733066772898,0.01673504167039533,0.000567853394345251,0.00012602430606233116,0.027730785713221857,6.154698835093241e-05,0.020089122932147464
669,1.1610837907292266e-05,0.16099129509344465,0.7986751223419074,0.0008480983550924193,0.0054877414351171775,2.446550924408165e-05,0.03145382796637431,0.0019611091420469644,0.0006671218423408408
670,8.197653787108964e-05,0.7964170888769968,0.05425623271205874,0.0431104353537865,0.00015483727698540676,0.0006936165685194444,0.0021403043789683524,7.669521465335194e-06,0.021215137317135285
671,0.000817344904206804,3.5073252684571377e-07,2.20417594338924e-05,0.022448685359349844,0.00015092391633589038,0.997297502814539,0.000721974365393821,0.0018426618153190438,0.00018041270080734637
672,0.0008311487201674752,0.911190264150856,0.017753803702854443,0.020665050282371197,5.479412095927288e-05,2.100246154636931e-05,0.008255409662136016,4.547868482818197e-05,0.13182579868487176
673,0.08425786152657506,9.698472026365758e-06,0.0003572999543874497,8.005561155877594e-07,0.0019472554347399543,0.0044154238493824705,0.008436483385943595,0.8502613627814356,0.08397647041704015
674,0.00594136184413283,4.100732700824537e-05,0.00010863300165482266,0.0002421235790917585,0.0011904967662096275,0.9654823324190654,0.0012843428668597614,0.0029844357594122936,0.0034264929798334593
675,0.0022535190549302334,3.9831251300852484e-07,1.5769098025270133e-05,0.005454347797967395,0.00021911405979523193,0.9959789323719747,0.004933264210730597,0.003493686138182083,0.000387057737778233
676,0.015326607490045475,0.040003489168364215,0.01454632867386696,4.365472579565365e-05,1.018425387035744e-06,0.00021931639360344535,0.9532031252295711,0.0060670785418339805,0.0018347305230214388
677,1.847656005531307e-06,0.9719054386676259,0.04843029668406509,0.0017760921845598426,0.004109175223007605,1.2675277778671662e-05,0.005948159615142471,0.0021881599432065292,0.0006682816450104751
678,0.0005353129560998674,1.3229774587014484e-07,8.544813816595005e-05,0.036419059821540374,0.0001247532965607517,0.9921818695363159,0.0011598817573885115,0.0011459921595630806,0.000500292682476424
679,0.12200617133691763,0.006716100417769407,1.4900222510546439e-06,1.1910519857562047e-05,0.0017730711312592465,0.0032747319961677047,0.0038333459374623553,0.9015314641578757,0.003543719865500271
680,4.172225921091451e-05,0.4698293441620241,0.3238184871374219,0.09148099879493247,0.0006571752499176961,3.7928396914827203e-06,0.0082637486912456,0.0009600311552799306,0.0005254114808878974
681,3.0256540078335603e-05,0.7976222248341059,0.04978556627240178,0.005175539080710248,0.002197366584628908,5.075221310140671e-05,0.012579333227195032,0.0010256523366027658,0.00036058420620698357
682,0.5620124194591783,0.05522857038237938,0.0015276634339072164,3.856333080861654e-06,8.477552025175954e-06,5.6234580118129245e-05,0.9436191446253087,0.003683337730865775,0.006305071712509553
683,2.5832937794077704e-06,0.7673118931086903,0.08080734235940358,0.09969926735483484,0.00016827425777361958,3.8674465535354206e-05,0.0011698740986050315,0.0001649396260869348,0.0013464244761095506
684,0.0010121009111168828,1.3016049949565642e-07,3.9400486284797256e-05,0.012746006759282565,0.00013724540925537677,0.9969268521738442,0.0015841194776331318,0.003093107124838278,0.00024291628380996606
685,1.4069755379684078e-06,0.4481829614768477,0.5939946979682654,0.0016004436510249284,0.0024021303219286666,1.020058921372146e-05,0.001418250648604325,0.0011324600355863519,0.004315799245754235
686,2.4592525928607463e-06,0.9100612687613459,0.05640072933573345,0.006695677807250628,0.019456651322153778,5.048604015417475e-06,0.003759310736880546,0.0036102034466312977,0.0002700149484166748
687,0.0014588958774905119,4.592126010806502e-06,1.7996518706904271e-06,0.003928735387680647,0.00031174692358452587,0.9981793174912702,0.0015955713354977928,0.0006257178107536893,0.002632810374207192
688,0.0023011653750475945,1.8030840290375472e-06,0.0001412119073232023,0.0018222648479614962,0.00042605520491312445,0.9924044787563931,0.0014115657984757812,0.0017595274074032464,0.0012023950733823984
689,0.07580808116017784,0.07887953695993855,0.000856985199563652,0.00014275541767547556,0.005348441974176384,0.0030421299726812873,0.0023723471136574037,6.897584327328496e-05,0.8938416241707867
690,2.204130042834915e-06,0.5992441942762091,0.5081803405909741,0.006774641050528973,0.00015973531690849645,1.0899861123078414e-05,0.0021315834526696303,0.000275279230431194,0.005631929962514261
691,1.6932734525043595e-05,0.8846030736445533,0.08315881356213703,0.0938517205438433,0.0004081513111631061,2.045563959983416e-05,0.0020114516418561807,7.141771491026269e-05,0.004122762220462331
692,2.2627001789376646e-05,0.7649020139941572,0.1439019839514344,0.05326965050032193,0.0017152594072950946,6.999039612845148e-06,0.011640855077053872,0.0003922872698484631,0.00012339616720926123
693,0.0006050479955546985,0.00038599726495292566,0.018953450674293423,0.008800173099915695,3.8910234449581316e-07,0.001078771010488508,0.9818797869679123,0.0006333762626494311,0.002659202916898788
694,0.0016001655523933571,4.446739394274916e-07,1.2467350786044173e-05,0.012688325683598557,0.0004306382106592875,0.9980178867857152,0.0008505325125030288,0.0023404595558787883,0.00011821366042800439
695,0.010398535316297064,3.7435798765306566e-05,0.0011463740571803153,4.951612325569497e-06,0.0002744707577565093,0.012466730113159376,0.3671325623904936,0.7622376022755555,0.006044769172093792
696,0.00010130945812605437,0.0008678917870987173,0.02901335137132455,3.095690042300615e-06,0.2282989800171537,0.00013916852936824185,1.4005208284022105e-05,0.3639136236730123,0.7036613624931578
697,0.0019627824639869926,7.366042572355579e-06,4.470454748425343e-06,0.0033021656863193756,0.00018925722374934942,0.9957672659984415,0.004991180456995429,0.000696304336835407,0.002421423213501274
698,2.6224462317926382e-05,0.4182850536656372,0.7139330134559958,0.037136567089695816,3.138159619854523e-05,5.889684722268349e-05,0.0360889388247134,4.321739164467823e-05,0.0020639911956492466
699,0.001955620170082038,1.7303454898377502e-07,2.6822018529358937e-05,0.013929218425438063,0.0001361227989325494,0.9946525929209078,0.0017901230888713758,0.006775178835647728,0.0005162519619116601
700,0.004045237631224656,2.9077628309773036e-06,9.430963274816312e-07,0.0036801017374766,0.00017837192676920863,0.9847681218007869,0.006794314989961391,0.00918468662574445,0.007908094762178196
701,7.418151106869638e-07,0.009889191656489738,0.9273066384524732,0.10448610848881273,3.534499751853726e-05,3.033300721803303e-05,0.002412737908529677,0.0002356843841608266,0.0006312819887000228
702,3.4124328108972564e-06,0.9923037484956306,0.010241495557858771,0.0025352589716031307,0.008628625557382433,1.3419717843375731e-05,0.0027496178554872997,0.0013118161096533501,0.0009594014805566478
703,0.01238615886626631,0.00043540049481538426,1.9212196049942012e-05,1.1438740668015506e-06,0.025748235230013093,0.000941869019332216,0.004964039965682729,0.9940088926320326,0.0014486677849735253
704,2.2807658548713634e-06,0.08464074670110686,0.9475177675951028,0.008543473762113118,0.0002546534225743184,9.041612470018253e-06,0.001577824613013832,0.0006139374309636024,0.001375666520575334
705,3.1037637730955156e-05,0.5961104882517163,0.3092328958031639,0.07383623927755771,0.0007898141932401696,9.844814316563407e-06,0.007642072585185624,0.00042733849963214363,0.0002828206643756802
706,6.238218021998248e-06,0.8973416562010766,0.03623918950889268,0.0015722301429524435,0.013942022644768017,3.689580520097617e-05,0.0034885424376277286,0.0014793158140460007,0.0018167188288664023
707,1.2381479284080083e-05,0.9189822067103413,0.017152749340556734,0.0005977323010558908,0.27963693669961115,1.285373888564166e-05,0.0016651247403295308,0.0030270314970196844,0.0011449492321278757
708,0.028669675672573253,0.0029657633113309998,3.717416797710129e-06,2.810470309644253e-06,0.007840371643361179,0.008185923375810639,0.0011383756567879529,0.9845541255840494,0.0010473909772752276
709,1.8984441146030834e-05,0.6566511526878203,0.014639634323393103,0.0007140910865064924,0.6629389506182177,1.5049771378599248e-05,0.0003047250869168049,0.005196582405024119,0.001031437136305153
710,8.428132192577358e-06,0.057314531821605764,0.969276795197351,4.3970137524896135e-05,0.005934934134921972,1.488478610608599e-05,0.013570756279765235,0.00037075769779426783,0.031991143078554586
711,0.015422824464418443,0.0014837925477617611,0.007936459224628913,9.340023585410032e-06,0.016412703909593637,0.0070924962645326824,4.468359402770619e-05,0.0008459529959387161,0.9887633816889778
712,4.858852765569289e-06,0.37136975853556714,0.5408284081242488,0.14816132236971222,6.818105134274068e-05,1.6903081223074413e-05,0.004762190147277702,0.00036031418733361095,0.00036462924476140504
713,0.19500814178907355,5.566843175167869e-06,0.001855704223482889,3.2562606353270405e-07,0.0016662125612604925,0.0038739469160125628,0.04035944740981399,0.6809339810994351,0.021660106328016446
714,5.930580804196454e-05,0.9505436724694059,0.03153890782570796,0.01299286672663799,8.749238564371439e-05,0.0002603929455509738,0.012990844199770585,1.8099659382329788e-05,0.024131502978235343
715,6.559381002206622e-07,0.04838598544937907,0.06001857805479046,0.8021695669387419,8.10575169616389e-05,0.0004294985935295672,0.0005752725550219628,3.2337065552027265e-05,0.0005229591840123498
716,0.014881304011928697,6.348379783594015e-07,7.508439378233234e-06,0.0018633775069318488,8.900506889875701e-05,0.9124427785211771,0.030402421084096038,0.05571829330361979,0.00924290628515676
717,3.9024028090991906e-06,0.37529729002092205,0.5869494045056673,0.04845112655466216,0.00032811680740245066,6.936108014680545e-06,0.00447283782837275,0.0009050792960887483,0.0002288063420702092
718,0.0005271712800507318,9.390222724947767e-06,0.010615640670596498,2.1184274765081076e-07,0.00199426097260042,0.00010242449462196069,0.015701734236829232,0.9973390362214746,0.0022052667938000175
719,5.933012326128593e-05,0.3758695784102735,0.3096309468586699,0.059840465648920545,3.906010734210719e-05,0.0006177356163168146,0.018054871542383225,2.511701528724521e-06,0.03490933122684011
720,0.00044410871241499383,0.9621302846245771,0.03038657076808977,0.013792753101533134,0.00023359850275582708,4.542934676189661e-06,0.002609446271860355,0.0008452067081603627,0.008380183228358765
721,0.056428442766097625,0.00021901506252999553,1.3254193724754568e-05,2.5945481045213173e-06,0.009387449836144328,0.002154188882054966,0.005137399560569566,0.9581781428406027,0.008899529711705342
722,0.003135230450917411,4.457023093978108e-07,7.543840619052256e-05,0.0033421412677417735,0.0002617249055008205,0.9966994994489831,0.0031957881438602425,0.0017107895206136836,0.0007118870873768028
723,2.6650013013697393e-05,0.6171777759505357,0.32046822068666075,0.0006521726940522827,0.00846418349820696,1.0361692118849045e-05,0.011100025791527092,0.002171514365815617,0.0008852924219429238
724,0.03048523421240968,0.0005613537828556049,6.8117102616435005e-06,4.708698050443828e-07,0.059581619504008906,0.0013505840638812952,0.006780125167386556,0.9951948862356803,0.0026425478517845724
725,0.0036031922157263143,2.1182437540565841e-07,0.00019057822428473876,0.004993665512398781,0.00018693382238676195,0.9937443090639035,0.00301615461279279,0.005303645281027106,0.0003037266565829014
726,0.09397782376389711,0.0010431476266291417,0.0004886151915695371,1.458697471391293e-06,0.0032292030462618775,0.018699211420172945,0.00033716919645354105,0.00416973296121095,0.9400368758974043
727,0.015797986834206454,2.3801678532507737e-07,1.3029477767247153e-05,0.004835914163012044,0.0011331185638148189,0.9745713668482019,0.003754057145928668,0.021733659498470264,0.0019114951725611982
728,0.002376939705578529,0.0003036297985942844,1.761497990545602e-07,0.002541962068556159,0.003556762040823072,0.9930731958577034,0.00040304070483811313,0.003278487764972171,0.000809577979808452
729,2.9012153544262162e-06,0.8655267586853854,0.12928184258259287,0.021379418213977097,0.00030539800019740944,1.5101201993838461e-05,0.004224168727869661,0.000518920667069823,0.0006627499850458955
730,0.006823046392343886,1.0970850191722535e-05,0.000605169478780714,1.8853174745846835e-07,0.002907429418632861,0.001279893258236423,0.0021730474949387037,0.9914590358235348,0.015174862766263147
731,5.365608798479161e-05,0.005055071449104949,0.0025170906159403933,0.00027079757883768414,0.9929154129285624,0.0011835221539557353,4.5169712996723115e-06,0.02350958211544358,0.004155357713113916
732,0.00036101536004938415,0.709815147201805,0.005553976446730821,0.0014822105412616836,0.002070701959623088,0.010220744144314318,0.0030647530287937147,4.9376304907911124e-05,0.04876270192422114
733,0.001176546184392526,3.905584639023477e-05,0.0002629995230771901,9.521855951295476e-08,0.031467381093837406,0.0009334452469961872,0.0005103121308123699,0.9994960586599569,0.0010891895571260052
734,2.735479025305248e-06,0.024458841802917648,0.9665733117419985,0.014909184301729347,1.5515358100341677e-05,2.748590523613242e-05,0.023528126470978107,0.00011155033427745278,0.002439235719482834
735,2.010654658488707e-05,0.9365000092342352,0.07017739588233592,0.005098714170267193,0.002973197680555598,2.6035851407766345e-05,0.015768315072425272,0.0011826854204922167,0.0003984568775756018
736,4.143753100392297e-06,0.2981007876246769,0.4935705273227414,0.2684273283208977,0.00014159369561545225,1.021342431985071e-05,0.002682693637067402,0.0004400850319507213,0.00019980974756203887
737,1.7243891776902499e-06,0.3414167547239375,0.48090731488641936,0.04772766113196363,0.00012303459778732382,1.6057034261496305e-05,0.0014242484048207626,0.00028391913153624966,0.0014443169837869993
738,3.1458354444679423e-06,0.5369130230371267,0.02785028902569363,0.5400279515729307,0.0002674941509155825,9.065865932240669e-05,0.001090962203218399,7.350410300822347e-05,0.00041011921496349256
739,0.016116880814829645,0.0007562946652535456,0.00029588968780215244,2.3035678269090763e-05,0.0027243315267807214,0.24753411024701605,0.002187303150669147,0.007691472188676653,0.4311969510223424
740,1.2146187802182651e-05,0.25785502714646275,0.6297252490824892,0.1816790275147957,0.00025982644516775986,8.385481149284953e-06,0.0038578890819110975,0.000366898336287562,0.00044324148868179705
741,0.0013656942660801772,2.404012802345576e-07,2.5571186234846185e-05,0.013529354827783292,0.00022027824411079808,0.9978294126792249,0.0009030570140774207,0.002989741656440124,0.0002492734490032712
742,9.942553150254937e-07,0.006898065444206978,0.20533687053700422,0.9399845002795861,6.0427568803580506e-05,0.00019037487277654043,0.0026128303719057857,3.932044740971755e-05,0.00012371827108034885
743,5.61234029661354e-06,0.6359924067822216,0.3060470707336493,0.018533694413658524,0.001125866640767251,1.4776641500667903e-05,0.0007248535476440263,0.00033738306954889704,0.0013217554120095298
744,1.9637376660912475e-06,0.1666441278595876,0.7526787437386192,0.06537472279557001,0.00012762517606624757,8.735953711358016e-06,0.0017126688124706453,0.00046636426211977373,0.0006739773096079692
745,0.046566800526091495,8.104097709545662e-05,6.423244959351448e-05,2.1304650405632333e-06,0.0032127908533271425,0.002144950135079451,0.0035979822136639507,0.9251843806161479,0.021841771155907533
746,0.002762545741616364,4.317307525657753e-05,0.00020587243823671822,1.7916422794914383e-07,0.024526700602207897,0.0009427607004574006,0.0009865339539821968,0.9992710319374999,0.0019588797852545274
747,0.00011043973793578625,0.9934862236791823,0.006503102451537222,0.008386340992935113,0.002788121950009724,4.40396233870324e-05,0.008567850349283887,0.00016578488703705908,0.001580911831505548
748,0.0014076440050672199,1.0006215846817376e-06,6.1787265919512614e-06,0.013306687209235463,0.00047743009029921113,0.99867850590094,0.0003461694397205258,0.001811781828249949,0.00025141603742525145
749,0.0067333813289094935,0.0028744099331931,0.01909495801636449,1.0073367293729527e-05,0.0034722392828902267,0.002279307293186424,0.0003902002060303928,0.0006249152232443599,0.9943506109890549
750,1.2437268705232315e-05,0.926865346531121,0.05918465387527461,0.008389845615570981,0.00028335656240538443,9.486821571853926e-06,0.002708617102819606,0.0005501787457149409,0.022157330166977223
751,2.675828440924478e-05,0.779390884671175,0.25162153844935187,0.009972024669121851,5.9881770235832375e-05,7.877537626042932e-05,0.062031332751390986,1.782238941156846e-05,0.012778686677039191
752,0.0021556318312638753,3.964023441447637e-06,7.889869213095074e-06,0.004232480742540781,0.000715018804506889,0.998331222336105,0.0008169454003074151,0.0005737095567722702,0.0022951220402493543
753,0.027015058189515922,0.01003498826048135,0.007862487491678618,1.768065365441883e-05,4.5471106437072935e-07,6.165183323237097e-05,0.9977587146166248,0.02493684127080634,0.01775047488476571
754,2.2854446828522423e-05,0.9525492364497103,0.02388277448171557,0.05998189761842398,0.00018998100595811698,0.00025323964167371107,0.0021132135269491107,1.9992036719242238e-05,0.008375020028863549
755,0.029210089987812285,0.2853914032333297,0.0012867165044914864,0.00013910627477710388,0.0008552919997392876,0.000714061538876886,0.00792074566963267,0.00011868305532508105,0.8993656589077715
756,0.0022837649487793656,9.221901795683572e-08,0.000205766030226311,0.00896681387608974,0.00027214225995176135,0.9976922871645548,0.0015396758130777597,0.0023926857068329766,0.0002527744148586617
757,5.95175411733639e-06,0.8915877015725009,0.11447033157105757,0.021219017325445868,0.0007792193810596372,1.4044402081504483e-05,0.001435931075491288,0.0004884127052716527,0.000695489454375143
758,0.001941560299420665,3.7362147123946375e-07,3.4087479639846226e-05,0.00793891296227053,0.0002658035361085998,0.9985431646535119,0.001234333877116499,0.0017306636438381093,0.00042324620061997886
759,0.0011138706399747768,3.8860311876107954e-07,1.5834252156834236e-05,0.017838811047448513,0.000245243074610935,0.9984776751293453,0.0003873888796082842,0.002852779000205439,0.00017277012001795243
760,1.0964804074938675e-05,0.8043898987971937,0.1699704431473139,0.0007856848156179234,0.018379787871813335,7.519812943585049e-06,0.004931618480206231,0.007186543750913446,0.00020482661305780005
761,0.009688592429623647,1.6084853155172154e-05,3.234220908887347e-07,0.0022440496004499898,0.0007863218184413181,0.9941463032965765,0.004172433817306896,0.009866918582816013,0.0018324847321414938
762,0.0016930015703978398,2.294378460636339e-06,5.140902518982445e-06,0.0066524810608477435,0.0004452871503172644,0.9990212832358324,0.00048770023421642575,0.0012073185421400804,0.0007976705020204735
763,0.17557250420343062,0.00025878873218523245,0.0002387745999465177,2.2679175813448424e-06,0.0017300642850256278,0.049529291313884796,0.0007389094052780285,0.005303213524037935,0.6172600662049156
764,0.0004926878339313143,0.033954524354256006,0.00872108163352295,0.00013819590295245247,0.061098164987098746,0.08794556616222714,0.0002940644752045494,0.00016877043568221012,0.17689849162926038
765,0.03739682326803604,0.0013822772674934316,4.305276923499251e-05,7.841881802290555e-05,0.0033882542634725643,0.13516821392894132,0.001134488876778333,0.0015319008438079028,0.7817874418549745
766,0.0002977604549247774,0.04079809938318243,0.010083241562817329,0.00014508172327424288,0.07748126346094122,0.04814683284817051,0.0003284760054936664,0.00028941166674094164,0.1181850388632239
767,0.0021733414589981664,5.30593758783277e-06,1.9961456023629103e-06,0.006288669694686837,0.0012527473276834895,0.9983258283314549,0.0003023805088434888,0.001660197772833861,0.001056916880169634
768,3.984637581718673e-05,0.16386494930255627,0.005762840581415213,0.8082643072619486,5.9736975223981775e-05,0.0003711395396853747,0.0010130003502942016,2.5025986962958414e-05,0.003041603772579429
769,0.006869105614277544,4.93020990130076e-06,1.4534707423430806e-06,0.004681951769989408,0.0003781053759314487,0.8330760747230079,0.00342227375323648,0.3078929050843532,0.0007663123918797902
770,2.968279304974968e-06,0.058554859362144024,0.013999149963647147,0.7409437531305937,4.0923741554584666e-05,0.020852871136383018,0.0007883981670597984,1.1466279313491793e-06,0.01148336665728325
771,0.0006321831483497218,0.0006796853124841208,0.03015358339459973,6.030559081953026e-06,9.07438515193258e-05,0.0001922463514646444,0.6937529868140975,0.618160633714932,0.00047314122175486133
772,0.002636816226628307,0.00043495068739703814,0.023279059296970956,2.652759914331057e-05,0.004807560677326549,0.01439427033878804,0.00022170884109140392,0.0008007875714907992,0.9899076732007543
773,0.003668722501140616,3.6467965256847866e-07,0.00011172965647966367,0.004027743520651091,0.00020120571561374234,0.9941848248362233,0.004222622239307348,0.0030318209770060747,0.0007620777763808571
774,4.8832354214381944e-06,0.9674887719660916,0.012364676532066122,0.12154273826054274,0.00034787790657744193,4.2661466629409494e-05,0.0011834246253327792,0.00012984637283425528,0.001316759146099747
775,4.325130680894255e-06,0.9890930254101691,0.011989785789805153,0.008396348611154193,0.002405372285353748,1.681203244464536e-05,0.002551124937881366,0.0005131217776542912,0.0010917664604693852
776,0.0006442274273639679,0.0007390048245204459,0.4447580731884014,0.0026100630545065895,0.00011659170004068445,0.000994336932860787,0.03620215863070482,0.0006283527876754468,0.012965394748325
777,0.00047756710762230026,0.9739158742216437,0.007789950596972016,0.02124179014263127,0.0001020482799013962,1.4379536393270293e-05,0.0029200096462901406,0.0001200086505596577,0.03726728623334893
778,3.3839430990054846e-06,0.04017585987670032,0.9550463693231224,0.0024175302057211317,0.0005455357766608546,3.258487176529236e-05,0.04879836645331245,0.0015124589997712829,0.0008858177346276849
779,0.0021054794263403115,5.195646480104684e-06,0.0012693052917004826,1.350147774824394e-07,0.009274379330806982,0.000748154112049748,0.001817126995053743,0.9983881078280656,0.007535346138605557
780,0.00024056021853757013,8.236428408855415e-05,0.0017498883682103238,0.05105081277542019,2.4472584806337545e-07,0.018591152841960883,0.9512768636619092,0.00043128706361098365,0.0003890822205840469
781,0.0019294925825635062,8.87230455157907e-05,0.052030832788849214,3.352621785833279e-05,0.008852907117579974,0.007326297498212054,0.0003168750229144981,0.0030201351215638113,0.9845355088718069
782,0.003944664881887616,0.0001643321230265225,5.7411983637790045e-05,9.132314547469039e-07,0.024960605779704756,0.0019036740320063999,0.0012076033993291915,0.9983176388585954,0.0006245408728790903
783,1.1895203715744203e-05,0.11955417869719318,0.39401491689727397,0.3185091768691731,2.4816983331650248e-05,0.0003584020145007773,0.011819529822048612,1.4890315083425842e-05,0.0017422146909690341
784,3.5867566104371804e-06,0.22561833401922327,0.09917958980711802,0.6734873747458996,5.207403653538859e-05,0.0004927263029434384,0.002299838555601205,5.3065553659998396e-05,0.0001649926268427464
785,2.347569239426878e-05,0.3445348939792382,0.748108128681329,0.058983020035230475,4.7310017328364796e-05,4.722481377457661e-05,0.018357490952361093,7.403459606423604e-05,0.0009558130647462665
786,0.01606986197590985,0.008332344204372712,0.01747884617729746,0.00011237055884964557,4.3080029148703427e-07,3.612997804969845e-05,0.9970504664788787,0.015398473924547823,0.009261059099110512
787,0.0026510184833962746,0.03223469050435525,2.8575260084223614e-05,3.3028094471638916e-06,0.005325305026176021,0.00047221746108171684,0.014013624642239547,0.9749161069063187,0.00024448380897913394
788,0.010559403544003533,0.00015410511170006345,0.008306512291592983,1.1806013756084864e-06,0.005138521044543158,0.00623799686957265,0.0009378772705166404,0.026105544888707144,0.8872942699491918
789,0.010607929913259222,0.00015347915882862445,3.5722915039266615e-05,1.4407280841930094e-06,0.03523017206118122,0.0007831147870645284,0.002024681032133178,0.9985384410648821,0.0010220521852478837
790,3.186927791531952e-06,0.45563312870715433,0.3977290298207735,0.03761042159418974,0.0010495468403980584,4.125505591540479e-06,0.004776380679040867,0.001216786152326551,0.00035523257822490695
791,0.0013119889693883728,1.8683009040261225e-07,5.2976096274917064e-05,0.010582654399380362,0.00013171203268015023,0.997552405582762,0.0018263197112039214,0.002265526982565531,0.00030600622281153463
792,0.0013175668503941035,3.6700277273102627e-07,1.8165262986542648e-05,0.01535479269659407,0.00022991673407563216,0.9981776545257052,0.0006304084179078941,0.0034193690011356075,0.00016970735431346573
793,1.7114121308944056e-05,0.40452466872957227,0.4361179982824994,0.13893088045511548,0.001028452592506768,1.02210843741448e-05,0.0032624330071188284,0.0005429406847735998,0.0001497793405761317
794,7.762166294495157e-06,0.4958607167595358,0.4601781135257822,0.0010285122634983497,0.008033019481412983,8.531534889864579e-06,0.02003918969544453,0.008515050805902653,0.000276686860461072
795,2.922811684713443e-05,0.6006217163751062,0.31353756523202947,0.02785555156592893,0.003170235076730742,6.125800376045593e-06,0.022505990066296507,0.0005510298890923035,0.00011582530332983474
796,0.002314198706507118,2.320139921021425e-06,3.2474356000812415e-05,0.00480445758788599,0.0008082854586905876,0.9971194234730583,0.0007031021374743924,0.0006841537877583678,0.0015915056402816265
797,0.006973206487930507,1.5938256548331492e-06,0.0030123864577412678,5.648300351989804e-07,0.0025071687573722315,0.029279093161542362,0.015798343537411375,0.9544155290893419,0.017405226131359842
798,1.351343527982548e-05,0.7096467599952218,0.18426865566611117,0.07011150169667363,0.0021960446263890373,6.138368779922817e-06,0.004877628441861546,0.0010039035613808478,0.00011687592264708579
799,0.010221348874296113,0.0010750864624957722,0.0048431051939955404,5.8087060950661174e-06,0.007666880940326621,0.008432299068129093,0.00012284005274413004,0.0014820321228057377,0.9944715006048341
800,5.456642403030875e-05,0.01026610489449395,0.002983519344268904,0.00030136614451294194,0.9882300157969311,0.0005693338210245295,9.112360275806259e-06,0.017361447950615776,0.004207288347482197
801,1.5252998878085575e-06,0.44120631325232695,0.34350825744725516,0.03327009099642393,0.005890079002215929,3.726804726143227e-06,0.0019937253287446543,0.007718151050872096,7.719688752190201e-05
802,0.0026417908630771442,1.0676205844561447e-05,9.609191013551365e-07,0.00467150048397415,0.0008507254562499194,0.9988893607637382,0.0006466645954216214,0.0013828439174442572,0.0005129165300685786
803,2.56148273534579e-05,0.29228449929516725,0.4512873056728692,0.14733119942849346,5.3203803112924524e-05,0.00017590305714555038,0.005463518920193007,2.698323088017407e-05,0.0018518328742005913
804,3.986942246334455e-06,0.02429799036889366,0.027602114910977468,0.9659269386778455,8.088402040167801e-05,0.0005485193949393269,0.0009074826997102771,3.0254668344481638e-05,0.0005043365561091986
805,1.224337080616432e-05,0.3657629565020478,0.46238675061261447,0.0006889502664923621,0.016478783159019787,1.4166517799350536e-05,0.010788308992653633,0.006010649573928101,0.00034311212309794646
806,0.00011494534428014352,0.24541663885815526,0.024695840578694766,0.328195319208415,3.0795694027964296e-05,0.0002500177079415632,0.004371807763015542,1.2973827510154544e-05,0.018067097390170882
807,5.3847460406008644e-06,0.676438194728003,0.24114659642863898,0.06133537050378063,0.0006047403465100048,7.326400876720628e-06,0.003461260660150087,0.000781149077130579,0.00022371673909446724
808,5.187979737429168e-06,0.8260182652079415,0.23864849251305187,0.004415453752913316,0.00469845159169104,8.449846339997738e-06,0.01738228359457825,0.005607635504111218,6.0815506556156436e-05
809,0.002071399794691031,6.91018112774901e-05,0.009336312749724945,0.00030710922285155347,0.005851952434575993,0.08505359819129767,6.839272259204439e-05,0.0003458511806389715,0.9591974612132858
810,0.0020435620622210006,2.4344240179986e-06,5.70642812939797e-06,0.005413610277458603,0.00046446747243150465,0.9988532940437458,0.0008291681791182015,0.0007841763276214184,0.0011326840367559719
811,4.0658783437821076e-05,0.9010833811166222,0.046358029267661874,0.04661688700073985,0.00029916519336939157,1.109026190657043e-05,0.003825395270723048,0.00014595436284764937,0.013963884287797957
812,2.4441146352784813e-05,0.29901836703773216,0.7329701323498256,0.0516933303509042,3.089956108430082e-05,3.806216571063225e-05,0.03292194142918447,5.1367682553726265e-05,0.00204216834928068
813,1.0525628375297862e-05,0.47151339850145946,0.5443949958363195,0.0013189852106553059,0.0058349482887789525,1.1704252256831763e-05,0.02341858298964008,0.00404007967490569,0.0002993922571338765
814,7.075591819992756e-05,0.008712544609630606,0.0021328991125565914,0.00021922039118281092,0.9920527904927546,0.0009437666961734285,4.727395948553687e-06,0.0218042040810138,0.004447541422974709
815,0.8728768558856513,0.06010931618624139,0.0004753379571910933,6.513986323354736e-06,7.1681327990359295e-06,6.916215455162212e-05,0.9414179038495086,0.002544652534561084,0.0022543107620704235
816,6.623092181843659e-06,0.3542850396663581,0.618393816013432,0.000920463552079475,0.007661834444078827,1.0558559236705326e-05,0.026825819201489652,0.005533846988994123,0.00028348148470633055
817,0.008494479429810319,0.0009877209741489712,0.00804905848850331,3.951475585761086e-06,0.006818646588769831,0.009377733215807557,0.0002131996815778079,0.001178908924075504,0.9958321098816907
818,0.010297941832168601,0.0015411247365576639,0.0035122398353759567,1.2511854503506368e-05,0.007341992579693009,0.014279628329538888,4.9741753832030744e-05,0.0007795413131674777,0.9906975153893416
819,1.6594697036226126e-05,0.006505031288437407,0.9828000248850035,3.8934556993925094e-05,0.004741254148280494,4.940295506614495e-06,0.027856266956692924,0.009795888059869877,0.027720823133112558
820,0.01845266085891252,0.002610818328192905,0.027956967656552752,8.054754163558111e-07,5.559118567418498e-05,3.59239695885367e-05,0.5893091025613243,0.018117256364834775,0.3197004745699397
821,0.0018267319612581903,1.632517296839131e-07,8.776538340486261e-05,0.009501489686842191,0.00018073302410490227,0.9982774371922208,0.0014570688233951673,0.0031715262581990143,0.00020334375793626134
822,0.0041532372050018486,5.5707741999820705e-06,9.91161919217232e-07,0.003894269367168113,0.000508181929843786,0.99621921794688,0.0013550560496936185,0.0034074949895154106,0.005206204128056756
823,0.031012032266589412,0.0010309691096277236,0.0048875695981315985,3.013068143310066e-06,0.009748699147248947,0.008633383735148586,0.00013144686414987667,0.0024793365995580967,0.9613252078923029
824,0.0020036444609499394,1.939105400175815e-06,4.229082396376701e-06,0.012797943476555591,0.00043934263489626117,0.9831227092132617,0.0007368250986307147,0.061449546242489286,0.0001296594010909403
825,0.22252324129452603,0.00028590041139525387,0.0007221134485163521,2.0133020054822872e-06,0.0020071505323080393,0.022502404380074992,0.0009004677948803863,0.003934444797152554,0.5495598389711893
826,3.084644051330945e-05,0.3246048761195453,0.6040905688196109,0.05445666424979821,0.0010344670137984245,5.936808026789023e-06,0.016203712611369187,0.00038868788420837994,0.00021048645696325995
827,7.523865118233461e-06,0.3909061886699743,0.3465489819111593,0.20898483797029704,0.00019090713235105306,1.860727433425141e-05,0.0024583422493140343,0.00022411141961019613,0.0005458397016426078
828,1.2320582915622603e-06,0.016368947600120132,0.9686368971803503,0.03990194447649909,0.00014912779998468747,3.3061321129708078e-06,0.0019223905474194457,0.0019524400750225226,0.0006628899598688568
829,0.0015671337915661155,3.625606628044921e-07,1.7731452678805543e-05,0.009937481983146385,0.000167908939603185,0.9970287189399485,0.001761291102915034,0.0029798562009359137,0.000534566077664845
830,1.4742304391505376e-05,0.8730717616299846,0.04341939902119875,0.11997013801391561,0.0005313241931995423,1.12788315191698e-05,0.0014643129559259991,0.00031727578391533916,0.0032520499578355035
831,1.0399374916345763e-05,0.9014738566084924,0.10344976590750575,0.04302000436645659,0.000257588926339032,4.085892065834019e-05,0.003332716210121968,0.00014624580559775897,0.0013838954870377621
832,1.660965495908302e-05,0.5033142108467646,0.33794721084145846,0.13908224966148625,0.0005813752260118078,1.0370841461989643e-05,0.0038849978483942835,0.00031639215658765433,0.00038476131678889493
833,0.0006760487380512372,1.5747029769033287e-07,0.00215972017474599,6.928893835843298e-05,0.0011422829380588373,0.4738873555057196,0.006676864334842625,0.6448494413859577,0.000522492273569525
834,8.633725809178845e-06,0.9985215850575689,0.001598077377901495,0.013251864459888362,0.0037838182985136886,3.175908940460948e-05,0.0013753940212626122,0.0003827803644528799,0.0007615684611989633
835,3.8427371169878534e-05,0.5188389595967269,0.2070746494496179,0.07441615643450607,0.00030917050619936405,0.00023643782352096113,0.0012915625533526907,3.5901509626937216e-05,0.0025124077562737324
836,6.809220147156912e-06,0.9525181100167566,0.01879182175909337,0.0010773587655669194,0.03288444075966854,3.672716242808359e-05,0.004809761273270395,0.0014769547516085698,0.0011517118433394778
837,0.01874975606823427,0.0003153492767939631,0.04836941566208051,3.0910909357802963e-06,0.015715244470254623,0.00289288191532225,0.00029873875575097363,0.0007565244581854368,0.997432810206372
838,5.746624843430323e-06,0.18845031778445745,0.6385794402656075,0.021471967139533015,0.01287529613365254,3.2432753681921125e-06,0.008455393546618591,0.003616106824013972,5.607609682496939e-05
839,0.014029124560142147,0.0017452625164332259,0.0022195099084897194,8.19492043558895e-06,0.00732329335276257,0.02065411124010432,4.9018699962998896e-05,0.0015306121821697086,0.9859134933830966
840,3.6387930197643795e-06,0.9206706401170066,0.08726307641228963,0.020568325249390444,0.0003115268725706638,1.808538623455125e-05,0.001391073378779431,0.00025092819486392874,0.00265250552778229
841,1.322063500747314e-05,0.7353471991575392,0.17352227391884112,0.05788333273108365,0.0031121436595501167,6.630656973210446e-06,0.004687782853391364,0.0011271143695927078,8.952597427529231e-05
842,4.772640715463181e-06,0.8364819664841969,0.11668093192826212,0.060205874607900146,0.0006966119431773704,1.1380784992618023e-05,0.0027280336189545464,0.0004510566895876893,0.0006018082356546933
843,2.029426503566193e-06,0.9890910334547742,0.015050835573540373,0.004931984337948548,0.00428863352244221,1.5803346168676804e-05,0.0021338234278544723,0.0016704851112805746,0.0008826272243270941
844,3.7187262100558047e-06,0.7113542473606799,0.06922443377757917,0.20039103985809986,0.00022355633578839213,4.057782361882602e-05,0.00114471436848873,0.00017125907188056427,0.0008013538846133358
845,9.058901322578181e-06,0.2381854171148597,0.6712435601385298,0.21319444718722044,0.0003690666699184766,8.540639675136702e-06,0.0030978942481784794,0.00045723994826731614,0.00015408956524638927
846,0.00232977384339868,1.5716474217478205e-06,1.2522633456283218e-05,0.005465859430683432,0.0005543727622012288,0.9985205036567786,0.0007486139306395841,0.0010622017608708009,0.0009683714279955626
847,0.016492991780666794,0.001679291886372895,6.2272881983312935e-06,2.426429645710467e-07,0.21859533297135203,0.0028440200316417054,0.004591733964514951,0.9950450690338174,0.0002758745377726934
848,1.0372733131697033e-05,0.43850397780709754,0.21479163122457906,0.0009475936049957324,0.024765606287808935,3.389094323294611e-05,0.0036932006286371443,0.006838367206999873,0.00023946895044551302
849,0.0004442117844546893,2.879679889878474e-07,0.003198396834742659,0.010271143664726461,0.0004538881611057298,0.9888430579498523,0.0004559341240577871,0.0004928968892114325,0.0017419727552801282
850,4.985555332530008e-06,0.0011783596353381488,0.4540501269277598,0.9286576187439538,8.055902684648597e-06,0.010620343240319022,0.008162118148624938,1.1275730778267006e-06,0.0021138843328374585
851,0.11116210026197015,0.0006851522234980889,0.0005102797319897473,3.9570741945332665e-06,0.0033873344699086663,0.03909954534138908,0.0003017184557975837,0.002900067972612575,0.8018904190111935
852,0.0012491224774043002,4.403432351925826e-06,1.9676594969786647e-06,0.007025082597422748,0.0003419199390419646,0.9987402532956101,0.0005054325233725649,0.0012874891983009392,0.0007872187456987344
853,4.3888157603734626e-06,0.9516397767013598,0.03838198220399264,0.016826942386967206,0.006442763476696824,7.980723495758976e-06,0.0024343252165127754,0.0020127735875979653,0.00020001806730830462
854,9.016408932735525e-05,0.9336485916217311,0.06682544282079492,0.0016536225923504905,0.0036195738728198442,3.359162752855032e-05,0.006020277598171036,0.00046481113241842803,0.0008619615139351069
855,4.452297904035231e-05,0.5595978674387084,0.20693437955710103,0.024592637077901713,0.006614123775260301,1.3251880263826897e-05,0.008659504501722558,0.0007556784845353983,0.00010771800862050547
856,1.0941888715068882e-05,0.0023099897195203232,0.2235434158908336,0.9367166222068635,1.4840500457934202e-05,0.00213688302489489,0.0070337182173369605,5.823148700952814e-06,0.0032069231261419246
857,1.59385712865804e-06,0.24076057060633205,0.560277422188838,0.05661650051479516,0.00015308776326099455,1.3643907579039282e-05,0.0013243811760887117,0.00035103433231567066,0.0009333296343183513
858,9.45836544945401e-06,0.2082820654334596,0.7025505048737933,0.09478847802608012,0.00047316010693072673,7.975797881463152e-06,0.007439474790646839,0.00041926535479978346,0.00017576530513746972
859,1.0847174718800705e-05,0.06987214112818171,0.9003980677555774,0.17767273898288552,0.00010914561975915799,1.2730262179801895e-05,0.007363561841277065,0.00021239085982816807,0.00046021040700012996
860,0.003255098952686786,2.8014198701384483e-07,0.022878324432095892,5.1628322267355766e-08,0.0037826547500361437,0.0008919339890053454,0.00932669255620218,0.9958283875225378,0.03088356876210822
861,1.3964768529962458e-05,0.02337613843977647,0.40360799346218224,0.008099437576090095,0.11738267930281333,3.8714383569351264e-05,0.0012801617617345584,0.005503888540039433,9.638540218459775e-05
862,4.9913586026021555e-05,0.45323694579236073,0.6138103247906178,0.00859556685355818,0.00012719471389618033,2.4235135148536443e-05,0.012950761736206911,3.878840888970949e-05,0.03136412897881365
863,0.22748601271272467,0.0015587580481087049,2.9127657214559044e-06,4.656842854997351e-07,0.0016225093477206228,0.10803375063777322,0.00557413967469197,0.1528939619633354,0.5500607232962625
864,5.7734408070902075e-05,0.004242702654022698,0.0022879569275407424,0.00024334456599582206,0.9946088117699383,0.0015723013244668502,3.7651915949912985e-06,0.02388992566505001,0.004453836337861387
865,0.005552757729839298,0.00016055488124891762,4.4070003625487785e-05,5.871162565295022e-07,0.022731734573443355,0.0013375986304290989,0.0018615875795549308,0.9986954200675604,0.0015080337605936536
866,0.000626656844817279,0.6833453891161635,0.052862552578991126,0.0013190891808494683,0.0002401638301530506,0.00012421866321951272,0.029206736456297136,8.991984102230305e-05,0.53798451720618
867,0.003427102116620808,0.011647847419817043,0.06010592612959078,6.261080233613142e-05,1.1113049308307057e-06,0.0004439714811356583,0.97875102808138,0.002785904175472215,0.0006838314203738341
868,1.6242795841040886e-05,0.6561628878509982,0.23369748669841592,0.0006724799303465673,0.023001499629088384,1.1257760046887088e-05,0.005467442203493887,0.004069149380126358,0.0002947096869006488
869,4.042163857072848e-06,0.8508692976601175,0.009211779368791253,0.3488279973504338,0.0003657568311490396,0.00017428847364892654,0.0005200749867878539,5.991586691902808e-05,0.001131673659645836
870,3.103397011399766e-05,0.9677633467604478,0.0378063507626112,0.04114135079627287,0.0001961418452708205,3.6989105072960025e-05,0.003279967575571832,6.264333601340688e-05,0.005219205307782343
871,0.01147029559786974,0.0009003469787002534,0.012125656111008395,8.26550654571399e-06,0.016652099737217204,0.0032698372628381833,8.164257943117795e-05,0.0008003121847914218,0.9968872080907869
872,1.8451283313041376e-05,0.7005159280989603,0.31232322277049923,0.0007269449050345769,0.009798629942213793,8.174964495743868e-06,0.008522303502194285,0.0030896588185424304,0.0004793945896736051
873,9.951271056032268e-05,0.2443908021595727,0.30136362032152664,0.004315445828007308,3.730944311717945e-05,0.0001589777760300465,0.015823085956585353,2.6024969915922846e-05,0.5345176536639074
874,0.0025213862555810225,4.0602156161014883e-07,4.4141751082272565e-05,0.006375975817951739,0.0003194721656413963,0.997868108744449,0.0013048897126173916,0.0022739512640755593,0.0004959673739748897
875,0.002486531846273229,2.1455200269214073e-07,0.00018791789375094146,0.005862960473590942,0.00023269416237767547,0.9952749700336546,0.00195380578389941,0.0032345810750937466,0.000365370568432598
876,0.0009337884580766498,1.9412676758049774e-06,5.459404786367612e-06,0.00790131249833662,0.000268527502400449,0.9983481314926139,0.0006709677526242008,0.0010082807118873193,0.0008811775595934783
877,0.018246553313634103,4.262996480397953e-06,0.0022145176775600476,2.1810282063623984e-07,0.0016540218320983664,0.0014474564177389508,0.015203655319925534,0.9689862731015715,0.03652208688795499
878,0.0022074602403511154,1.214699627610319e-07,8.342811826986264e-05,0.008923709491171654,0.00017556925739723158,0.9971001910200746,0.002393825736245619,0.0028671957327486464,0.00039325104394958947
879,1.1379254979661795e-05,0.0019557758110220528,0.10322526697123814,0.738962618371147,5.488025488335759e-06,0.03513504377226382,0.01563574659252589,6.480028604286398e-06,0.0004267776618772451
880,0.01990511299209702,2.626800217684923e-05,2.592275016810871e-07,0.0020477626078998766,0.0002469792505376026,0.9398423104371056,0.004902402894248804,0.026413769616214937,0.03244131848803103
881,1.5845216701957893e-05,0.9045018383385608,0.050646675812386126,0.07772727035969546,0.0010598411024336592,1.4328835240988268e-05,0.0035932809459290876,0.00019836735221869775,0.00055117942786693
882,0.001956711982843807,4.638450525914351e-06,3.1962258151181375e-06,0.004678809292041055,0.0005533322208679758,0.9989805543565483,0.0006549501726749819,0.0007118611403673659,0.0015036748386887222
883,0.019660322845224763,0.01177826479924957,0.015818086878249277,1.1291080552111853e-05,4.981171821717692e-07,4.462838011337478e-05,0.9971742979663165,0.016534175248942,0.020017841554254373
884,6.00751879696627e-05,0.3293773028395796,0.4634787008846228,0.0007237012798036339,0.001964965799728566,1.0419642840772002e-05,0.0074168777124660745,0.0015185923259624812,0.006518615620451656
885,3.1593806867313205e-05,0.9273334296225465,0.021944713733226963,0.09654456386992677,0.00012377383589878623,0.00017975292609795972,0.0026684224512642705,2.122021154723934e-05,0.007664824214012182
886,0.3822346744000116,0.018098497840913264,1.9051697086558132e-05,9.149914711955004e-06,0.009951683025338713,0.015539074045816339,0.0015754278521281796,0.003911886024366983,0.818598805818854
887,9.827003574355795e-07,0.8579950390016233,0.1421660204101208,0.0009342910538027488,0.029995065041298046,4.09755379884453e-06,0.002734079469630429,0.007011804328630001,0.0007157847486798136
888,2.819986304635334e-05,0.8343080246632681,0.04381230617176119,0.0008549985657792595,0.3878375360063751,2.045130896938559e-06,0.0012553541855556624,0.003204925675943576,0.0006528891632663165
889,0.00246478502846334,1.2691374390555675e-06,0.005276236310658595,1.296610193521346e-07,0.006297700146426592,0.0005288543016236714,0.002809667305401989,0.9979699817413636,0.010185689079316034
890,0.7602852191944064,0.007059161220704077,2.050053620845442e-06,9.76280079912784e-07,0.0017668327351705573,0.06882011473624644,0.014453599607148971,0.042703533775073695,0.11067814686181367
891,3.4063624825496547e-06,0.18171422919776306,0.7467432989680037,0.19431585145280636,0.00011467531250008424,8.417173689992831e-06,0.00251137520688115,0.000464474506368569,0.00027382854180989707
892,0.0022506635087525067,4.0704425075827495e-06,1.7494991427499475e-06,0.008356181954834311,0.0006973315485644463,0.9986014490676742,0.0004822007717146885,0.0023641847039528336,0.00019565551769334767
893,1.9748790772139056e-06,0.25265878691724386,0.7749064804540763,0.017230912914217713,0.00016097297920458428,6.613408548745557e-06,0.002803816134893993,0.0006951399001738686,0.0013543298869068254
894,0.13492730120566646,0.032740117148081276,6.380391619354163e-07,6.819245076371518e-06,0.005070876723919562,0.017506625798264,0.0009218366939110189,0.8470653961569774,0.0025607924859542656
895,0.0013930855196329305,0.00038123494773826497,0.0016209770248531584,0.003219299210064654,1.8512728825329877e-07,0.0019487432109025586,0.996211815954314,0.002692727037320597,0.0027628492427378393
896,0.001681461874264806,1.4640703580214839e-06,6.042626489810285e-06,0.010051123781463642,0.0003684022319986334,0.9987175618604915,0.0005966148596637439,0.002887572983071277,0.00016384938962067655
897,1.3873187281982446e-05,0.025273803715638837,0.07118156204098947,0.7830192872786774,3.7721522870012695e-05,0.017467078499712487,0.0036290470023423883,5.073674758771436e-07,0.01188389668249967
898,0.1257690023596327,0.00867706190894732,6.369560675051086e-07,1.5321131574834467e-05,0.004885654065151695,0.01009620691205843,0.0005615002912268567,0.9238183343620563,0.002265845142946515
899,0.005968391274582821,3.0781105231979016e-06,0.00014955388189231015,4.261808608622051e-06,0.002183315822105436,0.07062542601274505,0.11515105544386507,0.9012602982548723,0.007097812560545804
900,0.0024796094511098403,3.105099461961453e-06,2.4518795316734096e-06,0.007458096293525573,0.0006452280757232087,0.99851347336738,0.0006260126956826686,0.002507689835695565,0.0002538464431712537
901,0.0008980980103010565,9.146838865138424e-08,0.00011250088640941649,0.011169159097081204,0.00010599639153919437,0.9970935144159279,0.0027367333870171647,0.0017871693816909127,0.00028265149867035677
902,6.856385261497016e-06,0.054440380396084384,0.9076043797224325,0.21177054798833173,0.00013236660058287442,8.044005595825725e-06,0.005530009903975431,0.00029838373956052105,0.000300754058587142
903,1.481259606851841e-05,0.03613268412816347,0.003065853898476271,0.00075107960179831,0.9502082104525924,0.00044823077428084266,1.338243077103253e-05,0.028170406132812766,0.001923297991111476
904,1.7819106042330167e-05,0.6586821134705316,0.016015283666635308,0.0007867924255189156,0.6238128483718872,9.846274279800337e-06,0.0003135050448498984,0.0061512039443356245,0.0010606011965538233
905,1.2391260417118876e-05,0.4267041425034883,0.4265496278651537,0.13297459863751704,0.0003125617007713316,5.790947021727665e-06,0.006779775142201197,0.0005678616126316374,0.00033391941407781393
906,9.835424095537192e-05,0.9357993969682448,0.08906580998300775,0.02479189404541513,0.00012649845036503753,6.67961011491018e-06,0.0039951211534592955,0.00029701190789335627,0.002802584712875744
907,8.051862866788813e-06,0.9922782972636158,0.00412017090743898,0.04307439892335844,0.0004834733925097553,0.00016243885528107588,0.0011641379919809878,8.421203703007073e-05,0.002154238894819112
908,0.00012314511357870304,0.07676913189338123,0.06737019856127141,0.001235087645509722,0.0006858121064256684,0.009244687597511259,0.0015389985255587792,8.913906392568084e-05,0.12248465581538821
909,1.3145729465172988e-05,0.04486819022526272,0.06831912251126504,0.000541938906417178,0.5130157798284111,5.4252053988263175e-05,0.00043393446412011536,0.03500400376952202,0.00042862013025229533
910,0.003376646007694661,0.0003293208275585218,5.407320698807211e-05,1.024241125850289e-06,0.19830825900801274,0.2844604319716106,0.001849003665375068,0.7191923430694158,0.0002707875613009494
911,0.007360648799480467,0.0033074515088980854,2.568231334038916e-06,2.1946847797993647e-07,0.15970496461772424,0.002598590004499219,0.0018576127741332482,0.9982104487469678,0.0002682528392440824
912,3.482160503519259e-06,0.9540813415963784,0.03562119217735416,0.010208146735136212,0.00074460764059567,2.9411583961631147e-05,0.0016907662201295357,0.0002281542344049513,0.002405670845315886
913,3.838742138753899e-05,0.003232249364813205,0.0036209041290891694,0.00032743064473152574,0.9910561093496232,0.0014089148106902834,5.749694056448789e-06,0.029867539291166558,0.003149591226255323
914,1.0513012340723552e-05,0.7027178789517129,0.29152730497246654,0.0012379151760749472,0.007785741746224309,9.420006985502125e-06,0.013694557692316957,0.0053085563269617215,0.00027803608958466337
915,0.0011284707765557719,3.823936070847997e-06,3.068237533523179e-06,0.005699502047897787,0.00027409443762001635,0.9983822313111802,0.0010062628543640786,0.000740542405278931,0.0010698583104405423
916,0.028248079427229685,0.004819738266395425,0.00017737536751917524,6.830768056261714e-06,0.0008102576273315133,7.2270906677988e-05,0.08913251894938158,0.898883881628811,0.0021029996013623097
917,1.0284277431451571e-05,0.6132525742228929,0.2657884417350976,0.08983667869433168,0.001026901043538782,6.605584482524096e-06,0.0040988397904584105,0.0007647751678899181,0.00012985728193503672
918,0.6474738523331863,0.0005092720335190424,0.000709936863511002,5.23958551118431e-07,0.0025454521983674064,0.007092672140040947,0.0013972072334220269,0.0027135317255120887,0.4175962619078551
919,5.144495941598582e-05,0.01346103661174091,0.0026855567236630357,0.000246621820474398,0.986293406399027,0.001075925082959456,8.133592416345877e-06,0.022672931495375144,0.0034033733522886482
920,0.0007931334224800105,3.860325543982433e-06,0.00013186988979544125,0.02424992695726733,0.0008105118037922164,0.7838213551494679,0.0003576035695486339,0.0012139336666781226,0.3170631379124491
921,4.608668906840939e-06,0.670712906570198,0.20573870323797344,0.03854622178570147,0.0030092228982936636,5.8598330210469074e-06,0.004005854711374518,0.0018942465656467164,9.78758417177349e-05
922,1.595518102057394e-05,0.34500081061115306,0.501357454390396,0.12005350707514688,0.000489219693147711,6.198921151663572e-06,0.009638706728803648,0.0003709231779875666,0.0002397265473278071
923,0.0011749787802784245,1.041990751210434e-07,8.75360948322521e-05,0.018270198256349564,0.00015542026895670424,0.997784122772075,0.0009351066032262463,0.0030831138430267783,0.00015642701549622347
924,0.0001430806174874663,0.9955966089814368,0.003566501873684477,0.01478505720288189,0.00021391342751307676,1.196871708213337e-05,0.004197439663453694,9.560856208863902e-05,0.045086188594265934
925,1.9114728438622208e-06,0.03873925163762595,0.9499852058324082,0.052386158690562505,0.00012349902426136302,9.249052241044765e-06,0.001048550109462372,0.0004962619740192146,0.0008247184282565416
926,0.0010741650495108316,0.004434772972104987,0.0005749830610234661,0.011783788975688641,3.0774500973595137e-06,0.061858918711561524,0.35835755402526653,0.001998609857038155,8.852541705275971e-05
927,5.38135956874919e-06,0.9646463648831218,0.03161436283440969,0.007125031287003619,0.010078408840367996,8.776644457140268e-06,0.004436785177346938,0.0012975613976204353,0.0004962567068089271
928,0.020835439620125705,2.5701771191400118e-05,3.1490555405916056e-07,0.0013026959097757545,0.00034084865672008363,0.9332608298700481,0.018789728152089038,0.009246525572141444,0.06531834508684665
929,8.129776461871813e-06,0.9892476811325988,0.010063865565895174,0.004633981526596027,0.009704808874277463,2.5997724612913494e-05,0.003214316421048095,0.0006132518189806694,0.0010411175319873542
930,0.02074524792693607,4.040825930657849e-05,0.00015952669947712726,3.1192278178114043e-07,0.04019043465563532,0.0034534173934997817,0.006781852108359959,0.977033335039878,0.009037630665628594
931,0.007976234300894726,0.4409390812798639,0.007941010581054722,0.00012093079958073267,0.0003112288128571214,0.00015502919586041268,0.01386922325870718,0.00011018975132443967,0.9428421622387464
932,0.003100569420002373,4.526181774979875e-06,0.0028891571145716645,5.986388853781328e-08,0.006984433185512692,0.003286152650927223,0.0020127975439044694,0.9856899814541831,0.05087121985917236
933,2.3869878793766176e-05,0.8237351527728555,0.061163397423822354,0.028138195263124572,0.00166244168516826,1.549941296737457e-05,0.010074485713808997,0.0015833874260885274,4.094806877873142e-05
934,0.002869396812597997,0.004129469186216452,0.07942465955237414,9.013558486518355e-05,4.0060892177007025e-07,0.0005799407239221233,0.9944151688899966,0.002021301159166685,0.0007040959685562475
935,0.06290254877304906,0.00011750428265559121,0.0016815536014290501,5.095355661041415e-06,7.928505640173155e-05,0.008682957826301728,0.6628851105385416,0.13229296802301968,0.012047486362767075
936,7.849112775556335e-06,0.5023311628675066,0.5120180452777794,0.0006947045966045497,0.011008798299306628,4.463897968692291e-06,0.030702152913474116,0.007318137464557304,0.0002089403158094459
937,3.725548765004089e-05,0.2023642098651611,0.7527744816341216,0.0008163954577008589,0.003390639255217066,2.497698832878561e-05,0.05209088821516834,0.0010576357564715424,0.0023045601662559823
938,2.110376871997074e-06,0.0012006802363201923,0.26808526485491674,0.966035352635002,8.033005439259419e-06,0.007369915387267101,0.00393841732078567,1.8876378369700473e-06,0.0011274165113103998
939,0.00037449981263205933,0.0006907139876995267,0.238194265229713,0.0006951257073181995,0.007983857681120456,0.09819102297563087,0.0004558780998526568,0.0002365155285910365,0.02050672017443952
940,0.35239072517112113,0.0014463824258086782,0.0032055865125908438,4.9470112170004385e-06,0.008522390501945159,0.0033939850384311757,0.00023745552260346855,0.00046129127557541916,0.7617254621934286
941,5.00398614770615e-06,0.9210642665098522,0.05203793906985997,0.046019728586577685,0.00026490702388538487,2.9843069601673463e-05,0.0018243380673627597,0.00011367542848422168,0.002268163897948302
942,0.005267058420816325,3.059003721357738e-07,0.00048650961587896153,0.0014756583427602684,0.0001713790037572132,0.9816758627072127,0.007184664720495573,0.007365370311945089,0.0006508018231376433
943,4.3317897056011354e-05,0.0030125078289573123,0.0031496241778195717,0.000293293032478698,0.9930463824477017,0.0016344964137399243,5.015464969573153e-06,0.02743810431367537,0.0037105159406251704
944,0.006999307107937128,0.0005389080119824647,0.0028378800434110934,9.044256648828544e-06,0.00586124717788042,0.034752473300095815,0.00021187069069085517,0.0027842265983874944,0.9768152143132945
945,8.477776917909336e-05,0.5482663171191013,0.1935105703833302,0.0064567268020067166,0.0005178222019101578,1.1216020907299401e-05,0.03263017958643365,0.0006911941665871896,0.00023161452219852256
946,0.2200865770376146,0.00102912231399763,7.084547503266001e-06,1.3730759121571207e-05,0.0016753228488450823,0.26482456247773234,0.0013190412191014232,0.00603065508164134,0.36922924996164425
947,3.0280694676680537e-05,0.6764048836724564,0.20886709856788463,0.07688513275567099,0.0025362000381070745,9.841742687697814e-06,0.006238832404921523,0.0003549226412815882,0.00011336892442871476
948,9.886047282001805e-06,0.9859253255266802,0.015146293293937301,0.023459585498390598,0.0006220312993123916,2.3882977063919673e-05,0.0038610277322706516,0.0001274081077850634,0.002064146731342726
949,1.3862397605945911e-05,0.5172230179751043,0.38420945487686575,0.13082231975094333,0.0008094279645161234,9.575896933512441e-06,0.0036438205937318253,0.0004815979472019358,0.00010565885767319563
950,0.0001999234544016539,0.951849437730996,0.10487400649953253,0.006233804809974335,8.581093350388512e-05,0.00043062035326991695,0.008709967136496697,3.119870146562069e-06,0.062017670840562304
951,6.49140219448845e-05,0.9387836125443322,0.03870012180335456,0.00035481764276213914,0.0002216293253274649,8.612342216020024e-07,0.006246193407074443,0.0038290934674921635,0.3345372658254179
952,3.817553955535927e-05,0.6714448477805003,0.25969538572235246,0.025669915093810603,0.002640490296490964,1.0588482134671416e-05,0.018523429607907975,0.00034233130867306034,0.00013219910342888414
953,4.963304098053406e-06,0.6651597207492801,0.38490575008618244,0.010259721242525215,0.0033826329974345703,8.472985003296899e-06,0.011474740166768745,0.004150120594552747,5.8908046027672436e-05
954,9.668248592029121e-06,0.564011277844366,0.42160026812243884,0.0008807000522179221,0.005833474885070278,8.392354095688511e-06,0.017335032568938664,0.005082154521732606,0.0004823289509140085
955,1.6013189322753808e-05,0.18193974411999442,0.5609046265822355,0.062459774791468956,0.0009587302295841052,1.0321598299022179e-05,0.007392398041074861,0.000497014341755488,0.0002358194493530339
956,2.7576049331538862e-05,0.04506741824778237,0.9275716338115567,0.039468163734474995,1.3058898868385747e-05,0.00011581421829844274,0.12260030524505923,1.5573324379708825e-05,0.005774663888111593
957,0.07858316615879424,0.00012705455868843293,5.346760716250236e-05,6.0452079698412525e-06,0.0005719629523867003,0.01216116363987754,0.07947905964438623,0.6084020571585897,0.0299267239279503
958,1.124505208850361e-05,0.06167745182291272,0.11581839876668892,0.6568006201809422,3.991937062946312e-05,0.0030318425951529927,0.0040440303569550095,2.6522104122899884e-06,0.00378119365341227
959,1.1312191772220948e-05,0.7493639381559293,0.16782733456963034,0.07773569198327214,0.0018258566071837857,7.834804935821739e-06,0.003785865606394286,0.0008681625787052386,7.773048419036753e-05
960,1.763553058335738e-05,0.13869214854329956,0.01732484749753872,0.00035348616175928205,0.8208279423564705,0.00011571091812063037,0.0001433649899377118,0.011672348693293559,0.0016749913199636678
961,1.22754423865294e-05,0.39960296983507754,0.5396527403291854,0.0008173850097519471,0.006111686354839626,1.3481643546909429e-05,0.022992673618437647,0.005737092087158894,0.00041410559313535627
962,0.07243473392897998,0.0010458698046851892,0.0018701817850039684,1.4766293316267563e-06,0.003024371943569487,0.009681822551711117,0.000707762581167886,0.002951497651885252,0.9376999637056983
963,3.48395817711547e-05,0.4702940147345653,0.014206999524712102,0.3255767840143445,4.8068049191757365e-05,0.0030226722022728006,0.004957240510323402,1.9722804181420615e-06,0.03589338534874992
964,1.4822160354021238e-05,0.6707036705559977,0.2183927603551901,0.050470928918966845,0.00031160859339847446,6.4671171919974e-06,0.00907184597480116,0.0003026133921437673,0.0023515859137576063
965,0.0035560623002933948,0.7579673824122007,0.21476304024610698,0.00767102231715964,5.314072486004658e-05,1.838537594479148e-05,0.12403760283641563,5.797832094267171e-06,0.040387615569251016
966,0.09146865623767388,3.3334409592400845e-05,0.0001388868744179683,1.1983521969947536e-06,0.0022769670474459144,0.0038164027690683723,0.020497210279202174,0.9009951225766286,0.03319425559772108
967,1.4547619991745106e-05,0.00959301561304957,0.27341211710334706,0.7762848831632868,3.219012304874207e-05,0.009854069239132585,0.004209815333064102,8.256530947487919e-07,0.006591367988126192
968,3.8840257387934284e-05,0.27698587402379476,0.5903618776008978,0.0453869789854118,0.0023654677839904862,7.597254962689634e-06,0.011224587211626618,0.000315624550539521,0.00018563797675208562
969,0.016801047512405416,0.00013710437324251484,4.168914754888971e-05,1.0128175408406984e-06,0.012879219947306017,0.08560534787899159,0.0105545971720054,0.746702736757126,0.009659755760433897
970,3.089203041566835e-05,0.002935764726432424,0.8150217048251609,0.0007124187250044787,0.0017791584596444003,0.0005795260582108344,0.02470707109537508,0.0008043822536572679,0.005967991134019106
971,0.0023137722940278845,1.2298320525713817e-07,2.881963424884099e-05,0.009330377308730212,5.14464414301316e-05,0.9685946756029484,0.016313141763784976,0.011517061745618154,0.0021774101350744484
972,0.0022070470986273144,2.514797117594866e-06,7.012540712660969e-06,0.004379967192442688,0.0005254722959677486,0.9988262113623407,0.0007955912448096473,0.0010357029064665525,0.0010249071728519507
973,9.770987021140975e-06,0.10442992240319143,0.8809655224405483,0.0005093148446990191,0.0028623703680793226,1.2960837471755064e-05,0.10988692079852902,0.0013525035428583756,0.001148065497332998
974,0.006608744002646819,1.6796843400464324e-06,0.004283489815717182,0.00041823562151541854,0.0006992760738278337,0.8279637234380077,0.0026510419024459034,0.00597239091504634,0.00260349486444348
975,1.2036841945328785e-05,0.9130425520186894,0.16147075885372364,0.050524138724707644,8.597423014744285e-05,8.22261597691319e-05,0.005317542796812364,0.00011414918057210902,0.0007582831930104235
976,0.0017003930650030031,2.1206504692418487e-06,3.4828370772722733e-06,0.010652212748088941,0.0007982333432218641,0.998539364254884,0.00029031441122473294,0.0009203047043006232,0.0008399292760201995
977,0.002080489566611964,3.3472675678961497e-06,4.955475280650768e-06,0.00450711419391624,0.0005909611248945849,0.9990444058829712,0.0006572532341863886,0.0008626401295521363,0.0011514583727440916
978,0.0015168120144252871,1.761734791801207e-06,5.356179202401319e-06,0.005854505424481882,0.0003486619738613918,0.9987279246714931,0.0010005478296164709,0.0014999608464425177,0.00047677012490406474
979,0.0012144954173619322,5.973935968187618e-07,1.0324343166698903e-05,0.015216986655843017,0.00025807332802395933,0.9982439838713958,0.00048169469396333196,0.002366408741685593,0.00023933020962480376
980,0.001431623229156558,1.693411225488796e-07,7.835778312270616e-05,0.009831532826303647,0.00017337569384769645,0.9986015830921234,0.0013509585795960432,0.002530742180881171,0.00017545255401878957
981,0.0014113711686149135,0.3209989428529757,6.245744028747274e-05,0.002670283998398233,1.9098609623376305e-05,0.004409938936270522,0.39751671191093835,0.009456702484164687,0.00013278260921202945
982,0.011298415488700822,0.07720928824344124,0.0177309942119002,1.4532032706185222e-05,0.0006106366704789892,0.00021417510136418862,0.002487935671227014,0.00027009618971501344,0.9796439742337337
983,4.639559005822972e-05,0.38352811649152735,0.5157425834127842,0.03783532204652945,0.0026443162706459252,4.632467907929543e-06,0.02120602391169191,0.0006338435218695163,0.00016413490458147025
984,9.993127988010502e-06,0.27059245427994516,0.04165804647718105,0.32078146317042255,4.27937791150368e-05,0.005907479624648178,0.002657884316446856,1.7051290816097775e-06,0.018836956452890567
985,0.09572038937355912,4.9765878025351985e-05,6.99361060265501e-05,1.1386958782171361e-06,0.0027513211941210007,0.00921414804819642,0.010238987604422076,0.8939765758950388,0.04176082723968862
986,2.2210919494089396e-06,0.9644640098834563,0.020154351822230507,0.005896864401048954,0.027012486037475383,5.872005522920725e-06,0.0021689218325781105,0.002887279912649875,0.00046622413327047007
987,0.001481524811871768,2.941740338157837e-06,2.4317759683031737e-06,0.007684472719365191,0.00032777141889269893,0.9983527629387626,0.0006046603601430818,0.0017571168841677336,0.0008548559489223144
988,0.14585957035252592,0.0002308756013569776,0.0003422017632592622,2.2153698505771138e-07,0.000758303412950253,0.019248918345521664,0.013177106585749198,0.048460559245508204,0.694007762654937
989,4.866053862367234e-06,0.9847034273384231,0.011884341903737895,0.033820069098888225,0.0007353773429177744,2.307303590302133e-05,0.001574283767290433,0.00023574601633228337,0.0014563413287394724
990,0.15162322291966038,0.0007155419609806994,0.0001346916024296477,3.750344360561407e-05,0.0017548463741315714,0.010939554918823723,0.0017685336640458136,0.03472451909575471,0.4255194856657026
991,0.0011811018465753599,6.92378055574986e-07,1.3972297619578163e-05,0.010991508801870534,0.00023847868903535671,0.9988209381572571,0.0005531223288896339,0.0016440649775894905,0.0003866209666939302
992,0.0040775664206703695,1.1614844057527189e-06,0.005794665101642761,1.3746759198068455e-07,0.004010984328213363,0.004909285892344822,0.00315588117484405,0.989808204518004,0.028819346722629736
993,0.017856076578429043,3.296394146413186e-05,0.00019031936737343128,2.3240264254740565e-06,0.013078162366539834,0.21275985178013904,0.02059703972998761,0.6786169824438909,0.0011952155564565615
994,0.004164943230486346,3.1972236989426006e-06,1.1837628358156978e-06,0.006048993936906687,0.0002313529704103757,0.9916206456786946,0.002111682860247898,0.012606050474607538,0.002912857151189918
995,0.17488386870935307,0.09088573898687816,0.0011437650441793602,2.3988604262857878e-05,0.0019957531974670486,0.001070075932143575,0.0020273527597723675,0.0001174270936622464,0.8416949436742535
996,0.0012269646277999582,2.638934146617533e-06,6.113292895063255e-06,0.014983640008313735,0.0008068224774834551,0.9980136649946706,0.00022400295024605779,0.0006243932660415735,0.0014964422958337195
997,0.001068292103358575,1.4037690001032781e-07,4.6819578893081644e-05,0.020907927768664337,0.00016502271883889172,0.9980549639276115,0.0005743280285941012,0.0031990594541468375,0.0001719541803195093
998,0.0077904363766783885,0.037883739725195674,0.008080455691250826,6.770469214692105e-06,0.0002759533424631455,0.00010433185991655267,0.013872723444776656,0.0015459158305324114,0.9688609383283568
999,0.003431813393989366,6.290387771323109e-06,1.6303656407948667e-06,0.005391745639811384,0.0011800479189904573,0.9989901611160068,0.0005862998225384659,0.0022072174726381357,0.00020046631303551778
1000,1.0378477186498458e-05,0.535098483297274,0.4312819167861648,0.000666999894862652,0.007443475260137667,7.121633726249958e-06,0.02532199119502324,0.008150027118373728,0.0002612300492429834
1001,1.2453440983694291e-05,0.6207303755058309,0.2683898396250365,0.04770472891447331,0.00036877252529971433,1.0258849671616047e-05,0.002784213591285332,0.00019118607479881968,0.005526983417561773
1002,5.919321390461243e-06,0.08103344467860098,0.8659085792564228,0.15073568078947974,0.00014660051511988656,4.458119718944e-06,0.009845310200788777,0.00038388479547931504,0.00029521761325361165
1003,1.1685542100743727e-05,0.45804032466229117,0.05101047172248845,0.00047860513322780217,0.47583456126915086,2.0864529104632905e-05,0.0006678365648035773,0.005153144131800721,0.001378969819908516
1004,5.519609983787217e-06,0.6770508906339577,0.2832213395805867,0.001995579274959231,0.013431624259612333,8.38354986470633e-06,0.0075686821584913955,0.009521357115472083,0.00012041033502614528
1005,0.0008161435897505083,2.238580576909648e-07,3.213045491086307e-05,0.01641869073575382,0.0001389373123554706,0.9984279598681605,0.0007302650640250323,0.0025369666695975197,0.00013579509411537733
1006,4.838299407521101e-05,0.010583382383267084,0.0028005062565041317,0.00031186423484844106,0.9884590628515758,0.0006426982873082444,7.414682205170596e-06,0.019448673103325407,0.0038267770712984302
1007,6.218681567084435e-05,0.9814987003059993,0.019759589980106018,0.025620935781501056,0.00020132209275750408,3.311037074892157e-05,0.004176655842718795,3.931697749253149e-05,0.015876689210577395
1008,9.041436651044097e-06,0.45695988515626856,0.4661524114043321,0.01898656269319852,0.0024966690306748346,4.740888514908072e-06,0.025863503546068995,0.0014418694706145605,0.0001166547941658532
1009,4.168462225056211e-05,0.0029924384262124838,0.0036390119296867466,0.0003202508312180057,0.992250582198401,0.0011112817958502815,5.8031690405428635e-06,0.02826604613515708,0.0038586980267231786
1010,3.787784846718584e-05,0.05138459513505221,0.010461050958110325,0.000461891460387957,0.9463840197445387,8.930721454354412e-05,3.7606372700137556e-05,0.011450440746029227,0.0019375090483595785
1011,2.5871917209825716e-05,0.07034151604816667,0.5870003470819156,0.00028682234410036924,0.00357354070274286,5.212618916020841e-05,0.04407685763176219,0.004002981055384721,0.0009555885625290949
1012,1.5074554099402242e-06,0.9177540625508643,0.033034932182315714,0.0030555435612343545,0.06689153187289658,5.152979044056625e-06,0.0021935836308458693,0.006695127972246898,0.0003417194791932956
1013,8.626921758101458e-06,0.30400202501387413,0.46553532599464825,0.00785799267628144,0.01842404459495947,1.1524824979254654e-05,0.008689159071420418,0.0033040459411275494,5.95386444136526e-05
1014,0.000505887700833704,0.0166034052372744,1.7515184999929436e-05,0.05031844825766368,1.4338122339414594e-05,0.4622212267352738,0.13976655015669787,0.00024219890496322954,1.1039878342762184e-05
1015,0.0007552534174375232,1.7686163787105075e-06,1.808474635402616e-05,0.12625259228524063,0.023450802532284487,0.9470086565186826,7.69569764348547e-05,0.0026102221460367167,5.983372430360501e-05
1016,5.520140842713231e-06,0.6326846862115071,0.03734098536900914,0.33962345033770563,8.020511762624321e-05,0.00014685208073565034,0.0027659490239891624,0.0002761516404234653,0.00020780386822704362
1017,2.108373666595469e-05,0.9733591830692856,0.021196381497857537,0.046487067240554826,0.00010776990765936408,0.00024749132965260905,0.005211551379326881,1.5626619081884087e-05,0.005871710974466674
1018,1.4169719121218016e-06,0.3367245960992503,0.6288651205773395,0.013924918317496746,0.00011861980156891119,1.2516886398401768e-05,0.0015685951422558155,0.0003160686863350304,0.003041288814557537
1019,5.118825068917242e-06,0.30822725482330793,0.5914764161578283,0.14813809446929244,0.00021986612290548992,7.21108427104974e-06,0.004265506518885315,0.0005964522516762141,0.00019104566850644178
1020,1.83773726362871e-05,0.7351102001243544,0.15645181405645378,0.10760523824849981,0.0016510730016466562,1.1281705032519036e-05,0.002600904141179452,0.0005982760180787823,0.0001620106140951507
1021,3.053935679614425e-05,0.9388621410901127,0.06562160761106033,0.0009430082457108222,0.011979457083612187,6.912368474928332e-06,0.003298926666547347,0.0033850682504918293,0.0003565337914769275
1022,0.03623137450592128,0.03818114793060469,8.795955808282271e-05,5.41542540262578e-05,0.011795468839999585,0.0279239431704179,9.758342592496837e-05,0.0005022777293677065,0.9820546755801817
1023,4.2131826370873654e-05,0.9325586678110661,0.10754953284510366,0.0016650824936543815,0.0010635518971710567,5.2327832684911036e-05,0.0128964415422483,8.297067987496545e-05,0.007188656843789962
1024,7.552592170850685e-05,0.15551309783524236,0.01132340016406081,0.00012899160272181333,0.176149153122238,1.558324840390655e-05,0.0004427913678995263,0.14606040576014828,0.0012733641393369536
1025,0.045357383669200106,0.0007136612240940819,1.7039180317754531e-06,6.685928271840293e-05,0.0015570519012489624,0.033690317351088635,0.0023782633601815927,0.8596693810389071,0.0016580015129528732
1026,8.757727522564613e-06,0.39996037896209874,0.42547875669557644,0.13364944473690754,3.780790794403894e-05,7.040888324346486e-05,0.011526918136027986,0.00010068172826413024,0.0006158068767692849
1027,3.876564191687899e-06,0.7404864532987041,0.22222629389453477,0.07805000315835006,0.00018410331828802576,1.6610085958024602e-05,0.0018819467590228223,0.00037906876729441305,0.0006247355171901799
1028,0.03585376384436844,6.741703503577198e-05,1.165538913537348e-05,0.00011261732218575393,0.00048483085798732973,0.13638885068109197,0.018083677499037578,0.027334544407827246,0.38467828159209055
1029,0.0011168430688714309,8.09132886431558e-06,1.6240073248137843e-06,0.004935637096270485,0.00030613666354442447,0.9983201623869777,0.000980285795827934,0.0005304082109313015,0.0017684150949292693
1030,3.7595151878024886e-06,0.6016180313184009,0.3566170441019794,0.022447577003291176,0.0006266307319201646,7.284923850652263e-06,0.00315232830803669,0.0006487181926445443,0.0005885357870456003
1031,3.325465161032521e-05,0.4675744588631754,0.4855629301753261,0.0043084293731758564,0.0006684577443499666,8.991209954334059e-05,0.011327689715540733,0.00024105366295310287,0.0015076886813292277
1032,0.0011126918198231734,4.602696714444022e-06,2.8136525460882234e-06,0.00580982731528688,0.00027237769815922436,0.9983077228782,0.0009789504854814614,0.0006860418680214713,0.0011699830568606103
1033,0.00047192503106676694,0.9925131381110961,0.006812650198094397,0.004993282505217058,0.00021482403058297855,8.004971288405836e-05,0.0024563036064872697,1.625143089882708e-05,0.12775034583571687
1034,2.1339593576104684e-05,0.4100845172611323,0.4272754256871215,0.07867183291400477,0.0005827885488628546,1.1865861220340159e-05,0.00680080310163867,0.0005945609026137571,0.0001882238964507882
1035,0.0026208292578481086,3.5590280744774205e-06,3.3948647959538796e-06,0.004814681648673578,0.0007631985351721247,0.9989911995220679,0.0010185058968802238,0.0019840113797843593,0.00016258643962089944
1036,0.0017770785315091066,1.9153882611594776e-07,4.446284402678622e-05,0.008915129548707728,8.62928530911327e-05,0.9935214449526596,0.005098666974181983,0.006337251420067735,0.0005912787813219802
1037,2.159199572300169e-05,0.5911748982478204,0.18694004728809502,0.0002988684356546391,0.005797868682719228,6.378043124979398e-06,0.043397138096676086,0.017780695141507874,0.00019822741403659628
1038,1.7869412865950156e-05,0.26334460914974417,0.6402322592089849,0.07543194267623388,0.0009285240307858124,9.09184362074353e-06,0.00878779232921764,0.0003875802211856912,0.00015919658808848761
1039,0.00143009327963547,3.2567692087743014e-07,4.4627754945749203e-05,0.008263610502196634,0.0001746133049703952,0.9984093108430734,0.0016124565581153306,0.0016797530915319617,0.0003298715249497294
1040,0.001517222806151101,3.4589904256852906e-07,1.6788718464937594e-05,0.014071720227226484,0.00022815863717045413,0.9975304116857621,0.0008958501206126793,0.0036275293413231785,0.00022755762596565768
1041,2.0380779420104382e-06,0.4734196666551693,0.31712650251571095,0.044524675421732184,0.00018026391901605047,1.4424870715797932e-05,0.003193455905053525,0.0005046789297667284,0.0005348402418177456
1042,0.21690271420129614,0.000283934465922578,1.3402848404901925e-05,1.7086582642599706e-06,0.002584839636603972,0.012776552559862337,0.011351510292920248,0.7804175109257575,0.03828285580856266
1043,0.00813109148820625,0.0013888682650485388,0.0009207915166776266,0.00022937450283397982,0.008699724127133301,0.06149849159538589,0.0001318154210763107,0.00025865781558948855,0.9656420262216279
1044,4.26087149522962e-05,0.4206218036416504,0.4443633981788027,0.0006154038910891158,0.003046166410420357,1.7946273340044105e-05,0.03448056477555633,0.002335945379360763,0.002215244231547295
1045,0.0017020312774688445,6.409375647495027e-06,3.290417049907863e-06,0.006338118781839127,0.0004953578698777367,0.9981737019629289,0.0007336595104265845,0.0005300866997208949,0.0021891312089338524
1046,0.00012691924456240046,0.66609400994472,0.060002234315517676,0.0010598808116705997,8.158223178170683e-05,4.207387129541126e-05,0.10453178757113847,0.0016282599935700183,0.0003023290312191165
1047,0.029544523536559307,9.144323949629599e-05,6.709249258050427e-05,6.789991487778677e-07,0.0021076154019075708,0.0036484510317902146,0.002371181741074097,0.9662383378898197,0.01765780424395126
1048,0.00010385080733307197,0.952768583639482,0.004433144663384423,0.06851429084945984,9.727237436247063e-05,8.831248208961198e-05,0.0041695414423405285,2.7548417483920685e-05,0.04728095532095862
1049,5.905706379187593e-05,0.5831705331401283,0.2883596488740646,0.03746219907909133,0.003442031132590056,9.593630152936458e-06,0.01755963008492424,0.0002597815953209209,0.000162768103819034
1050,1.0529386903261232e-05,0.3271500636257927,0.49744502463462875,0.025135139789763308,0.010445495542539457,4.749233513192536e-06,0.008567749309399575,0.0018840553207062874,6.039921034986687e-05
1051,0.0026188661069747785,8.678681822907172e-05,2.291226376389131e-07,0.0028237734268069105,0.002206841621287004,0.9978162086323074,0.0005252479446578673,0.0016251634191603655,0.0007007784908408942
1052,0.0004250488330757613,6.575948027904497e-07,0.014800402094186479,3.0903202914398396e-07,0.007043421735752582,0.0013923122170609041,0.0021987205009089297,0.9979364313423232,0.0011455542383675963
1053,0.015980982222552047,0.0005733528721832537,0.00014267069763985624,1.2418947321352609e-05,0.0021930906683156164,0.8830364876988501,0.003164669940835698,0.006394657476873775,0.006558944183480737
1054,0.016102851768515874,1.698853670081729e-05,3.05600422340383e-07,0.0022797470277166093,0.0003275527135863302,0.9831320293315781,0.005108536879689198,0.011118332407612149,0.01805639628946429
1055,0.012369601946020792,5.46271708368518e-07,1.6186788548946447e-05,0.0033237505736878107,0.0003199450304646186,0.9587177335795763,0.003166007682825709,0.04465889258377605,0.0019114222035719391
1056,0.0009749172754047806,8.628481564628556e-06,0.0010569377443560685,1.2928780080764475e-07,0.015098965324762728,0.0006608692580792902,0.0005591375440628736,0.9995375500879662,0.0020748638802165357
1057,5.247258432220569e-06,0.5399461231284309,0.37345241674122237,0.11327786503799024,0.00017787893496454106,9.005866371132348e-06,0.003917175650994443,0.0003509127816331391,0.0005210727528633819
1058,2.9202840906422517e-05,0.888680954822881,0.08931573673894898,0.05045891984881584,7.808616961424508e-05,0.00014549571541781694,0.006778553505805319,2.68282242026778e-05,0.0056227975225283
1059,4.64073102549333e-05,0.9173386505694755,0.09876360998086131,0.01717074971276365,0.0002223039277915906,0.00012586851682820624,0.008567329343798627,1.6653100205312487e-05,0.014708961459962309
1060,0.39895018590533105,0.0003764265882944715,6.724624473698296e-05,7.240593698452356e-07,0.0015624342337984957,0.004600148222800107,0.037159985644561265,0.3897795582746178,0.020927437531576748
1061,0.0008961521190838506,1.5401243999525166e-07,2.794886213991115e-05,0.015260805213083109,9.731766207801274e-05,0.9961270931075851,0.0014451795598539763,0.004521398008233705,0.00030236133768519964
1062,3.1146602456581646e-06,0.7879201465197997,0.08781464722402496,0.0029359610898870834,0.10029992688535734,5.366563778411722e-06,0.000985029413428435,0.0033914521344932834,0.0005964290057597465
1063,0.00044422995747736706,0.9798308938483892,0.008782410620134986,0.010084281972222863,0.00015126001462719137,4.1688679419156967e-05,0.004145561471034573,3.343367887458947e-05,0.16202349997330992
1064,0.007678677670744765,0.013381102325346832,3.3881215066289786e-05,1.0253964183495742e-06,0.05112271280770711,0.0002997450442234622,0.03975830296464248,0.9807381848687416,5.912522350010406e-05
1065,0.0002953991967529118,0.9655274401454992,0.04739051713505072,0.003970119250338977,8.968633590941404e-05,8.000078343536458e-05,0.00720952310287437,1.3019653081848397e-05,0.17225828368681212
1066,0.0009671999630663997,0.0001430215498911021,1.3767131141276168e-05,0.011385885417273396,6.064594570691553e-05,0.8921354534272596,0.025323493753892593,0.00037591862615249215,0.0025456919621183296
1067,2.6699471922246188e-05,0.5883185199076968,0.26932292103784,0.09975972610326528,0.0013483727193966655,7.00854275831144e-06,0.005322017057815445,0.0006694646217329395,0.00017287435271981456
1068,0.004008112941096702,1.567369738033327e-06,0.0008196853460663804,0.0009699201704484346,0.000286328034866796,0.974463025520137,0.003799449629180276,0.003102098256097876,0.0007552592081439647
1069,0.13675356997034793,0.03850019791340767,1.1722133728048758e-05,2.1414220645775338e-05,0.0073622629992210085,0.0741559715250984,0.0005215423991087833,0.0024216420280427147,0.8517796724320932
1070,0.000991131587582617,1.941606152317209e-07,4.49451223981086e-05,0.014062245949105356,0.0001560434835944291,0.9980731043746143,0.0010918773092312842,0.0017116676680635986,0.0002664030053519858
1071,5.458002338709544e-05,0.11303609801390843,0.4959587177922988,0.005577635474872565,5.716783527900453e-05,2.379924345069677e-05,0.26229021589580137,0.0006445981016607157,0.0003936979619851756
1072,1.5069090508627519e-05,0.008715807309597961,0.9837644776232326,0.03641205555355651,6.515828140931317e-05,1.1848650765708417e-05,0.045796413896432187,8.632832194668192e-05,0.0027009681288709805
1073,0.014764761902280042,0.0006463137960169463,0.0027762670968557363,5.502481636488317e-06,0.0042198171506157975,0.016340665886919348,0.000248823041300411,0.0021819067955637073,0.9829731778286958
1074,2.0392670789485204e-05,0.9957641690114855,0.0035795706027920483,0.010095169499670133,0.00929494595559873,2.745280933319707e-05,0.0015880954651129378,0.0002759029495746906,0.0009156233549531116
1075,0.0010846770117920064,2.1303341839234993e-07,2.7588111457005583e-05,0.011561392872884471,0.00018066962856021397,0.997532877907621,0.001358551576780338,0.0027758264400811017,0.0001728026605092554
1076,3.280607844562546e-06,0.5877453312949802,0.42424772659441806,0.012631377940245492,0.0006161862128256869,8.023726686524236e-06,0.0018828081843427112,0.0006397505733189635,0.000829390444281491
1077,1.2137779765798386e-05,0.8198360148179623,0.09977613375705863,0.0008859136524609234,0.009917727830913225,0.00011455653961420085,0.008780781333152228,0.000739011886084776,0.002318097812634696
1078,0.0009398409234648979,6.641911520065147e-07,5.9564178653365594e-05,0.016727207134307375,7.272226002192997e-05,0.9870600436855951,0.006580156880039121,0.0017471969826232297,0.00015277448387525591
1079,0.005893275315880183,0.000819676313996507,8.355154659401785e-06,3.2556369831093635e-07,0.05750539479904479,0.0012322263831644265,0.0017362858474943307,0.9989313083015073,0.0007337049364554186
1080,0.0001294572160632184,0.9822459118714985,0.026063922072391853,0.013509663474905287,0.0001065043299598292,8.429952584823322e-05,0.00815768748372764,3.17419856758275e-05,0.02349357876159825
1081,2.4500866363614566e-05,0.8705773150116736,0.07793129033257053,0.05404588152343227,0.00045837074234256865,7.281309032201343e-06,0.004311404128953189,0.00034350502268952834,0.0041543609396479785
1082,0.002384251800401858,3.20651507664413e-06,2.967935409173221e-06,0.007018870844531366,0.0007591282142654657,0.9985092180636604,0.0007264596993399155,0.004653525399701176,8.026647840183785e-05
1083,2.3049654255121816e-06,0.12530216871396418,0.8534599657605252,0.011702892607918548,0.0002838714157034316,5.251243710900468e-06,0.0029740843825155237,0.0005500803179992489,0.001673261568983962
1084,0.00030205622026011243,0.002397220464578611,0.00945394398546786,5.889523149613891e-06,0.11093798181345732,0.00012850232719343322,1.8449823753044586e-05,0.2103854472146651,0.7954149773476963
1085,0.0012948017791834863,4.1450271279234226e-07,2.427802120662667e-05,0.01026003196132741,0.0002141368960524442,0.9986165388197409,0.0008311517648569163,0.0017139023192473204,0.0003691951499917134
1086,0.0026946245119531236,5.362291218167871e-06,3.8012437051187843e-06,0.0032224331979794772,0.0006345365465313964,0.9988220517238733,0.0009116303262315123,0.0007378123624687257,0.002126955287720116
1087,1.362187492107871e-06,0.012220330166169193,0.09658656065668014,0.9681455744131939,0.00010233737924324623,0.000368765031439898,0.0005973583350362462,2.4420945023822803e-05,0.00026486739477742696
1088,0.9657000248009364,7.195362114361067e-05,0.0003103715541433427,1.733912356606466e-06,0.0004712947342129799,0.004534001650376681,0.18482514693647434,0.042668117517944415,0.0031736026072412917
1089,0.0013279854040175385,1.455168995676261e-05,0.0005835042677143875,1.8973875023552164e-07,0.017122306256288394,0.0007253851551118403,0.0008248203696058281,0.9992714068322255,0.001621380164601663
1090,7.384962118237698e-06,0.9294622371077326,0.05500650201254505,0.014245950825263164,0.0032308615826954824,8.68130089996338e-06,0.005960439936198136,0.0006975876646788903,0.000527854738500331
1091,0.002595274124112566,3.868992572715926e-05,0.0003418690757403235,9.565059142628618e-08,0.032531965812882535,0.0011143805517624236,0.0012734860675606855,0.9990451379458166,0.0013459694930278274
1092,0.00119483133662076,1.2295118094138902e-06,1.086596580357681e-05,0.00841618523873143,0.00016880766630419464,0.9942723564341773,0.004690896905239603,0.0019794250850242246,0.00015752662480402496
1093,0.0003388033992424882,1.4866019926490861e-06,0.001056371535906753,0.07717365273012743,0.000907969630613436,0.9906557931478673,0.00016350477581229022,0.00010380597703931692,0.0023541372825534317
1094,0.0631873605723812,0.040728901789107035,9.330128721703903e-05,6.241803082281813e-05,0.013391940177015756,0.02473216956515078,0.0002566677551112444,0.0005451904624369994,0.9622972929674574
1095,0.0025614296036500254,7.358985340192608e-06,1.8108262703174536e-06,0.004879285115871912,0.0009685469490971058,0.9989439888384536,0.00038576758319852546,0.0009591631941272999,0.0012677551068464388
1096,0.02568509636328132,0.02310397558574938,0.0017889306876054088,5.893906350519237e-05,4.761667910368915e-07,0.00011128608329083292,0.9987450949158885,0.003762610080907882,0.007170844410963084
1097,0.0018884351256443967,2.1071987550542755e-06,4.332184496997029e-06,0.010575577935421588,0.00039798494261263594,0.9983418899133372,0.0005694053649346737,0.0022361431909093104,0.00028898201258123506
1098,5.26555566639036e-06,0.7288520336502249,0.12768977021226244,0.045333205387196124,0.0014208073651653375,1.9609224009503046e-05,0.002393030127481794,0.0014284105068091658,8.731304578458093e-05
1099,0.06459613717329382,5.124567362702906e-06,0.018278371714797407,5.1486517567463805e-08,0.002282130020778985,0.0013569244793124305,0.04081710426314588,0.35767746718254434,0.2263768758360157
1100,5.431937389461209e-06,0.013324767350916115,0.46437809501002525,0.6562791032073239,1.273328190839168e-05,0.0006675429712365962,0.016828838737896576,7.961837899507404e-06,0.0014610504268843185
1101,0.0013666694434766463,4.4248727491686224e-07,1.6568908406470696e-05,0.01271282633844212,0.00029156577374853977,0.9983606260019908,0.0007825736109348785,0.002686591428281376,0.00010548521425305903
1102,0.006584784634953875,9.74337213739083e-06,5.6965612612565196e-05,0.0004365706194762703,0.0005978731781649799,0.9864465383912799,0.0020098078404355043,0.004517447907462811,0.0015634993036357258
1103,8.107228391943926e-06,0.05080724000897422,0.93719453979304,0.0014527936884528943,0.0010974914933589383,3.721415065126824e-05,0.07862680660174057,0.0007549744843405655,0.0014295798675974627
1104,0.0030612377940442315,2.20936861009356e-07,8.563848658664853e-05,0.009529649376729584,8.951413951121418e-05,0.9893390252050117,0.007462525553384244,0.006774835232685287,0.0005571551495527756
1105,0.9301736196699895,0.003060896574619286,3.4022669051136262e-06,1.2284720065542485e-06,0.001460803827125052,0.07176607580859122,0.006742909861188102,0.006682421191625364,0.050200980493377845
1106,0.00023846268575702695,0.9522023469564667,0.045616426057278225,0.009647487861613051,0.00011409123149575017,7.85742426740519e-05,0.009011025270186625,1.5579375238742955e-05,0.10954105978338494
1107,3.502931669111988e-05,0.6699301297097014,0.20257698778274474,0.06389288007323882,0.0032321835361371004,8.86065266160142e-06,0.006662579432442756,0.00036420666466853414,0.00011300591472859106
1108,0.0020572466374575954,6.415894223175782e-07,3.8749009204011215e-05,0.0057987337032143,0.0004579097110520819,0.9983410453874006,0.0009219614174706996,0.0013359639613066399,0.000571737356507807
1109,0.002519833709291508,0.00107152745557195,6.139796451957217e-06,8.721051746551292e-07,0.10081437493665471,0.004944520009595901,0.0015625368005518793,0.9979461859490003,0.00011735106547202444
1110,5.9890404982986346e-05,0.011362724413257813,0.0029000937138916293,0.0002268948493887746,0.9874596692802273,0.0005801878182221207,9.381257220681182e-06,0.018852781372751485,0.004455261763103476
1111,0.0017663073859280132,1.0259772520157239e-05,8.791465774743398e-07,0.006467491968556425,0.0006303571109160182,0.9989906704587875,0.00026274517425752816,0.0010919363880052247,0.0014411554511911144
1112,0.002500902608718536,4.922953365604525e-06,3.199120562481881e-06,0.004961889353322074,0.0008647948685023434,0.9985657052668164,0.0004310624967905797,0.00185899821086374,0.0008321166455080319
1113,0.007316611608664462,2.98043050708929e-05,2.2073662692115963e-07,0.003101491901365432,0.000794570980219178,0.9953579440563949,0.0012600886918227518,0.003565186318167577,0.007157186434320547
1114,1.8055258796236183e-05,0.9739497532975872,0.020263295477257158,0.057933183825801704,0.0005995049594438167,6.33489536672811e-05,0.0017861378014057416,8.195322895146852e-05,0.0016230917419145204
1115,0.028989983912931377,4.980022000982583e-06,0.0005054983762884298,6.521998436350718e-07,0.004798481093780086,0.001386481095143324,0.017472893142821463,0.9677372401249027,0.029416485020610006
1116,3.1126114352293076e-05,0.0032225499379082362,0.00295681013242053,0.0004190353048946894,0.9915776714314155,0.0017027113395615147,4.637197409869868e-06,0.030138056887477494,0.0030993751797226445
1117,0.015751495452376228,0.0004428043236251072,0.00328455757981867,1.990493547211931e-06,0.013572603448780987,0.01206568247911087,0.0005653931139528083,0.012779620589978865,0.9232460130915935
1118,0.004970859603537999,0.0003559079694321919,2.3099019011995683e-05,7.015181883363001e-08,0.09176883230799136,0.0008547888404589762,0.0023825111359665643,0.9989086103635112,0.0010083926594098751
1119,0.0015718062656906902,7.976249567376855e-06,2.209381600924348e-06,0.004794505092267375,0.000516318412400839,0.998885540190375,0.0006598310404438494,0.0005110899040114219,0.0019877361989847774
1120,1.2166963732242668e-06,0.9129166043632415,0.05628665747694755,0.0012496993546256582,0.049875081255540764,4.058135842089765e-06,0.004950080261734743,0.008174034340993286,0.00038563879777577794
1121,0.6090510655413098,0.00011709849041669637,5.019248042511752e-05,7.934480745037033e-07,0.0009674624820188035,0.0886538773274052,0.0023824919333077952,0.010536473362528921,0.1280483751905222
1122,0.0005426222406751723,0.14411160617920357,0.3258083948143955,9.946017005254784e-05,6.208883193702568e-05,2.748373369775345e-05,0.03983409338582749,0.0001362908315764865,0.9646503128454221
1123,0.0037136147281467287,1.2260794213189528e-06,8.109838563692085e-05,0.0017885262309124063,0.00044147574331853984,0.9959757691117455,0.0020943007914004303,0.0021818386882973134,0.0006092312704033216
1124,7.933332355961822e-06,0.47306917773233254,0.41316652273357685,0.11971748014845905,4.584496924010281e-05,6.932131414133753e-05,0.012402510918517356,0.00012060582234200055,0.000325550746475511
1125,0.00023638179139791104,0.5458872811336761,0.0010450362024264652,1.8273464612277073e-05,0.007264430676828103,6.780328203988846e-06,0.0869213332113342,0.5999129656717058,4.011784650889798e-05
1126,0.019488347041082803,0.0023231397372773716,0.0036394525898102883,5.1982396992551904e-06,0.007120003789462233,0.008140702660630293,8.289949957321586e-05,0.0009529614782044,0.9912466438117826
1127,0.002200421995816417,6.071050905213168e-06,3.939832207992073e-06,0.0026235793011777585,0.0004504592251588887,0.9986041791680335,0.0017282561047608695,0.0006949447880597562,0.0015634908505148318
1128,0.08091023732645658,0.010998003774426056,4.473189884801073e-07,1.7178441296671386e-05,0.005936931506096909,0.016214880254561942,0.000540308329930016,0.9054846008602256,0.0024125231117569446
1129,1.1031541972882416e-05,0.525747675350254,0.38520293517002446,0.14255704315176185,0.000493049431406154,8.192699995653786e-06,0.0045935215761133,0.0005074945741886599,0.00011810204265851369
1130,0.0013376943269487918,2.7347383064079684e-06,2.718877067484384e-06,0.009170308990017546,0.0004422879258847853,0.9989052268005459,0.00035661381120157454,0.001408129551088616,0.0003851177332873769
1131,0.0016136423984982665,2.8188051500994554e-07,4.66249016243998e-05,0.008744344742879726,0.00015401944018582082,0.9979771971599486,0.001893033867729074,0.0021008560447894407,0.0003761410654967571
1132,2.2858772958457525e-05,0.6169989201960241,0.27995496764342065,0.0007409158406905607,0.009551337424844807,1.4814891240143397e-05,0.010350642267987101,0.003657461067744649,0.0006226643621330519
1133,1.1936188584141667e-05,0.36677579757601536,0.47004412622914166,0.152276964539756,0.0003566347377926858,8.379176753591456e-06,0.007216378206963902,0.00029253004788904336,0.00019264905615833593
1134,9.132753264077483e-06,0.9977901132177137,0.002508560193131119,0.007847462442691267,0.0020615088557232597,3.958308049349163e-05,0.00159406842304056,0.00019776304478126913,0.0015963593866231622
1135,1.3725785970191206e-05,0.9805620040860195,0.01021534519868249,0.006158904175138725,0.030524446821543535,2.1526930872659676e-05,0.0022634846558132367,0.0007098093253350738,0.000779935266232669
1136,1.0553819065307754e-05,0.8560305426852047,0.14704756767470353,0.019312795508464643,0.00015076109462596526,2.0119548933855146e-05,0.016284949094543155,9.469701656194548e-05,0.003436639526900819
1137,0.002953080126496016,3.226586434405206e-05,0.00023814510670615874,2.3377329687964933e-07,0.017075479446465872,0.0011181108291145449,0.0022958649708222155,0.9983981176114437,0.002022835528299788
1138,0.008915183149905788,0.00011790580865151596,3.973815960389425e-05,2.1274500606485e-06,0.018842879108066084,0.0008425921412101695,0.002073562061488447,0.9977662244850823,0.001405295250344081
1139,7.599613683973546e-05,0.9766678515468838,0.0055087155063826025,0.057516841892538015,0.0001805904718897696,0.0002110981448667091,0.0015869159728684244,1.057445761536721e-05,0.02064456435262518
1140,3.9283473342265655e-05,0.009440002011976539,0.004228309708105465,0.00033809304814970447,0.9843583142046255,0.0005947976247212463,1.0011490075359473e-05,0.022285366093668046,0.002947526531277408
1141,6.154535652695098e-05,0.0042357750223933404,0.0025118695132767157,0.0002486933636505426,0.9939577127400049,0.0013603239688427156,3.7076682267079648e-06,0.02432072106939863,0.004273428860833747
1142,2.018166338892058e-05,0.5579849517069944,0.09241828114322605,0.11139182520465865,0.00011846143890321655,9.627284749250372e-05,0.003553178841863549,3.1541718104375126e-05,0.016745019860222855
1143,6.2207924234586e-05,0.005183186729857027,0.001595163696808076,0.00024746934571019913,0.9949346606263558,0.001651979139678334,2.6421560277988035e-06,0.024577116503842367,0.004788469067078113
1144,4.7889524767964504e-05,0.9299506116604715,0.08756366624218273,0.012451719971463056,0.0013785985675231905,2.4269482032300022e-05,0.02909250911998534,0.00037004193763768623,0.00011476211973715782
1145,4.83274846070977e-05,0.004559293700501756,0.004076738054157611,0.00028482843265556637,0.9903807743385725,0.0008681069981809884,7.155855676555595e-06,0.02479112193714885,0.00353643909227642
1146,2.576699006991481e-05,0.8639653662041326,0.10243641090823932,0.05146394517584973,0.00023160441799352846,0.00011319676021227099,0.003639517249453262,1.6766603167786823e-05,0.010548267702467983
1147,0.0020427365305043083,6.942623132763269e-06,2.1186574354507566e-06,0.00496235103311781,0.0009086846592873882,0.9988179346051167,0.00036424909760209093,0.0014687371486667641,0.0009459688773758944
1148,0.017368131783482423,2.5902179843378048e-05,9.639822738252096e-05,0.00040168973944218326,4.137213681123796e-05,0.42381067071243966,0.11392577398803637,0.040453188684013486,0.004875088191398306
1149,4.1236209821604715e-05,0.2910749083062722,0.37389938545267104,0.017812404934695634,0.016167328142107248,1.2353429667453413e-05,0.010083821725523441,0.0006666138506341109,0.00011084730436254545
1150,0.16419800940808396,0.0002662790279395146,6.556581097037156e-05,3.332141928631588e-07,0.0014109643592827373,0.058984527433509085,0.0015163588292073508,0.0652722814853217,0.6565480213788394
1151,4.16824535279202e-05,0.4700662779013612,0.6595738502605103,0.028170369267028858,3.893968008933428e-05,5.5133830367144784e-05,0.02858238847610372,5.0573434480990945e-05,0.002215283612192736
1152,1.4629127572918158e-06,0.9670817425652198,0.022984953300914848,0.004670094862725907,0.01733439324154642,5.627937218599263e-06,0.0024166018042986984,0.004211562306373736,0.0003972887307156824
1153,1.3118462645336597e-05,0.4537253909819029,0.663573940735441,0.060704433684303526,5.9268031898430805e-05,1.868660625927628e-05,0.01848142283145669,0.00018224971981208656,0.0005192905915091791
1154,5.2194381984199705e-05,0.0062358133960974185,0.0021828783793430904,0.00026208189734200615,0.9924790927573593,0.001112331379890365,4.570521460402633e-06,0.023632272965421506,0.004401804992425952
1155,0.0014239891700770647,2.8422620426322945e-06,5.75990260188574e-06,0.004347304584420355,0.00023171088961375765,0.9975579720600081,0.003330853903553955,0.0008982938983994838,0.000653416569328448
1156,0.005035641064648243,0.12312278324018734,0.0029766500759525766,0.0002484594892092249,0.0011024811442047668,0.002120494552360676,0.003224294665582319,0.00020619346074259858,0.9466625644356533
1157,0.001886055830912292,2.978730007672565e-07,0.04041543732091676,3.229644259780605e-07,0.0028322379463366783,0.0221220742029936,0.008366895379156183,0.9685139723705012,0.004800682174294674
1158,3.803677497864959e-05,0.05882110795444644,0.0019128033230965714,0.00042658154937165205,0.9684058722443465,0.0004287657477027506,1.1906530504670604e-05,0.015002991786525985,0.0029501867711141366
1159,9.402617270123445e-06,0.196868223655832,0.7499782671751549,0.09715699295857903,0.0004547839911064101,7.776629525200475e-06,0.00461080670791776,0.0005110985338579487,0.00016188163333987393
1160,0.00037013762567899314,1.1870185128425898e-05,0.0012430193954587195,0.017258609853632218,9.601663591366732e-06,0.7197603608866192,0.05871731045683651,0.0014723668277525728,6.527945136082603e-05
1161,0.0030909607272587842,4.806982691282273e-08,0.05518706931226007,1.322740969042167e-07,0.0008507234223767897,0.0029324750905153434,0.024130848755025292,0.9746844287251557,0.10158346572487074
1162,1.414749912524885e-05,0.6907916170957834,0.3591051176457377,0.04688433292956102,4.028185450215869e-05,2.944109316818787e-05,0.026132997144763453,6.670702363098493e-05,0.0020917719424311003
1163,2.086797493846315e-05,0.9086040467760449,0.04609820968572498,0.045765934106800014,0.00023120631556612856,1.1197679207909636e-05,0.0028183991471244082,0.0002388154677213608,0.013074760455645493
1164,0.00030310120636354443,0.9426747868364003,0.05267250425274371,0.017081626811644938,6.764304683652316e-05,9.932958106772189e-05,0.01496278113332143,1.1190737730989502e-05,0.028222123253215655
1165,1.0029215116131107e-05,0.2192040294071546,0.7309622272438284,0.08074513894524342,0.0005950463836960124,9.385159538958386e-06,0.0026284895539439405,0.0006858103995235073,0.00018304654753491644
1166,4.851677233844931e-05,0.42367648275015735,0.45751254332379837,0.0004924075962159265,0.003231042887301388,1.2361678291567616e-05,0.03881358861019988,0.0033291145136870835,0.0014463335648756787
1167,1.5469026142583087e-05,0.845398029854074,0.14429910592843223,0.0007093529622361195,0.015006409845847269,6.373013433395424e-06,0.005697978716004753,0.0054556769741434955,0.00030359228689560844
1168,0.0031592690613078548,0.028989988523504793,0.03690488942196511,5.002963194466809e-05,0.0007562510512389637,0.0006432455364015244,0.002892044415269305,0.00023000856629707154,0.9776897083944688
1169,0.001481371453683245,1.6643125487803267e-07,3.589491532963495e-05,0.014781595245295882,0.00012650375300197585,0.9966926949787043,0.001299706208829237,0.005174690801787891,0.0003328411095279094
1170,0.0020708070408539856,1.1182836142368196e-07,0.0001733343739871176,0.007873093517550861,0.00019520155138743006,0.9975682505994408,0.002470172669447968,0.0018610413755424636,0.0002943224500452609
1171,0.006839942988784498,0.08216733218433053,4.695597590044316e-05,6.943626461001363e-05,0.05082182810069843,0.001455058154457188,0.00022672846108720766,0.03534700136471952,0.449317427686721
1172,0.13453975802792542,8.736302363935882e-05,2.6670506312687828e-05,2.489460608405548e-06,0.0004066539171007853,0.03066134564962027,0.021125752362251466,0.5978955459056685,0.07643787717856677
1173,0.0010401541984314297,8.863701361110576e-08,5.76455520331027e-05,0.020405815498896,0.0001339604859969504,0.9970208348427902,0.000998009960669368,0.003007115685085916,0.0002543677337594068
1174,1.899780660684836e-05,0.817306226749909,0.2703809029247278,0.03516449137186716,4.270296577885305e-05,3.658647022570639e-05,0.012319294615089143,0.0001012502066762387,0.0008707322098133827
1175,5.035210300301462e-06,0.9707756153606082,0.010661421608101409,0.004021157729102554,0.008023840389398197,5.041731864646944e-05,0.0014376326464875585,0.0010969416559145956,0.001567054506734098
1176,1.0122587562566695e-05,0.4613575430556256,0.4595340882112951,0.05603062336690145,0.0005896774130462346,6.846794688753379e-06,0.008528141275712806,0.0004969687523183209,0.00025309471146365507
1177,0.005999508231606764,6.119762266781435e-05,0.0004195254956644998,0.00013007379123968193,0.00020539453773710942,0.903588536096737,0.01092957031910405,0.003564968432500864,0.001743957059033983
1178,0.003004299784709207,3.678091040790219e-05,0.22583465784271245,9.281171816261955e-05,0.014125070528589858,0.000377650880889961,0.00018406723017639392,0.01258905981982803,0.7837491264122276
1179,3.91765112410579e-05,0.005107353717072914,0.0032728362409830485,0.00032269673725831855,0.9884500404518913,0.0010850147735146974,7.152925576413023e-06,0.02862216563581026,0.0031379383832273477
1180,0.005045380923373176,8.594075471800764e-07,1.4624213130927355e-05,0.00323493322266839,0.00023206621937958352,0.9892561620993514,0.004230197212965049,0.020399005328979012,0.0013465909844019015
1181,0.00019524645731441046,0.018351835391730773,0.2520472835543273,0.004013146944421855,1.5560506386863238e-05,1.0623190652088505e-05,0.6597771245401091,0.00658277431759088,0.0003462623792228088
1182,0.011655883756245834,3.4961810517019284e-05,0.00021068763677957954,5.808515975217615e-07,0.008522178777205569,0.0011133580664275963,0.012801317376402178,0.9930280227001819,0.004505769226273181
1183,0.003828624005296544,0.0011295196290249901,0.016191036850648963,0.000431228457725339,2.5274162288641054e-07,0.0006164438387787451,0.9973031576507124,0.0023508250556692188,0.0011463514109340228
1184,0.003732859219054274,9.941395539697133e-05,0.00018975502619307936,1.9766396103187206e-07,0.02339281457700481,0.0005612783434210804,0.002302876859448424,0.9974315464248692,0.0022476525077009136
1185,8.634892116886195e-05,0.8746256051527631,0.04678495152518156,0.001669570564174585,0.00039957533781169354,4.859869888696988e-05,0.16778700586675271,0.0008697935579393755,0.00013438110668043067
1186,0.01720963037772769,0.00013511868421659223,5.8749310041759786e-05,1.1819222987471915e-06,0.007836987691348588,0.0022836338099597826,0.005545067397640347,0.9927710137807114,0.0027767960531660326
1187,2.8407502922351635e-06,0.8280127771309242,0.33352247058395473,3.968071904408655e-05,0.04047024678974826,2.587546248357557e-06,0.0013182374130113258,0.004937761436229932,0.00429380359920712
1188,0.001884773781788672,3.838372806948799e-06,2.694487789527336e-06,0.006196215959094468,0.00048763693941115927,0.9979515923825681,0.001419143739084035,0.0014425355864097831,0.00029333195632626425
1189,0.0009305467483888206,1.649133747254998e-07,5.4593376185434065e-05,0.022620056663310607,0.000140944303070254,0.9979922352193723,0.0006320087562203814,0.0026746778226942316,0.00011443750779178761
1190,0.07585029912214993,0.010839374389422288,0.0025771993748267357,2.147014145998799e-05,9.854923712262268e-06,0.0006774973597367876,0.8486191166760022,0.014101251965354483,0.0013801254948476469
1191,7.151871980540973e-06,0.41826894150803207,0.5391604098032676,0.0009683681527458347,0.007397586310477446,9.631518121525111e-06,0.02784175695859653,0.007176302195243157,0.00022649651686156792
1192,0.0010757020312935797,2.15223706544001e-07,2.5612908132797214e-05,0.021739196384237675,0.00020077629926833513,0.9981827032632143,0.0003829626626012638,0.003475943408969361,0.00021675503525654715
1193,0.0016667129619318002,7.031795858094702e-07,9.615736361722656e-06,0.012086504624362098,0.00031407100611307545,0.9978460721047905,0.0008704730446164729,0.003449228844988937,0.0001261326724069385
1194,0.005556379394927762,0.12235498995283309,0.0002587733854810557,4.630071962214899e-06,0.0004894653813479797,0.0001528454407095991,0.6062981671828441,0.7935102147943351,0.0003480558908209503
1195,1.2900277328657137e-05,0.9381984045079834,0.05334520989943939,0.06499919180979458,0.00034980002583914126,1.738218878504466e-05,0.0029982211656456414,0.00011006528709776812,0.0028850692640866238
1196,5.7104612226596894e-05,0.595830017332386,0.10904245399450983,0.014834027634349494,0.0002986260939910681,6.851730394057647e-06,0.02322048331007132,0.0010104505215922186,0.03286733697759993
1197,0.0036373791447734546,2.35225027439902e-07,0.015486637704117142,6.953379072684614e-08,0.0053685685695753224,0.0030268804655117307,0.02697692035441356,0.9870954776344473,0.037720909042863286
1198,0.0006807825164825928,9.70962624239025e-05,0.03985648795578455,4.521347497858036e-06,0.4596760071903867,0.0004281928886684752,2.5075960665271473e-05,0.0455103815295517,0.963270315057008
1199,0.001207682730612623,8.647558517039563e-06,1.1997774414639218e-06,0.004079461878762437,0.0003947871832874539,0.9987735370372992,0.0008360557020797674,0.0005990888434725041,0.0016177732384534279
1200,0.026083034798526143,0.003047848583436172,0.0017267416038147364,1.3243931137492784e-05,0.01439985824216738,0.014458083983742367,0.00011365450448221569,0.0018779230030863848,0.9805101307678561
1201,1.2370423082048287e-05,0.2153239265172004,0.7554321852812771,0.09973160190175498,5.4438018927076414e-05,1.639268328155344e-05,0.017324922687422594,0.00014843608731522303,0.0008885376190286119
1202,2.6859146768665417e-06,0.032538479202445805,0.9678351071307573,0.04098207288413058,0.00010461401503778723,4.551823263997496e-06,0.0053293540201292695,0.0009016662831767349,0.0006168498228471
1203,0.0019322802508501239,0.00029367097222094383,0.024876322996801856,3.732483850714763e-05,0.004410414753769295,0.01862261068915037,0.0002264362127975562,0.0008405336219823246,0.9882391332120926
1204,1.3948853250014964e-05,0.6318493006967223,0.2992053401853275,0.10157025139997171,0.0009901083954072486,8.266595200603402e-06,0.004682084352339916,0.0006233335156592479,0.00010540549341766674
1205,0.0017604075117957734,4.2207429197920025e-06,1.213226754686487e-05,0.004104548998801342,0.0008387239166395148,0.9976690372961582,0.0005858728554339946,0.0004349695207881228,0.004603667727307789
1206,3.99676363207941e-05,0.008160155325724531,0.008512113262665167,0.000394557621153,0.9822290630317193,0.00032554054637739654,1.83233507253337e-05,0.018266395565635495,0.0027918265657429146
1207,2.2932012496839667e-05,0.876996686902446,0.12531226630603254,0.0009835412916756705,0.010112981585135109,9.809885152695264e-06,0.005380917098474205,0.00275216879524308,0.00035430880499585894
1208,1.676043359707737e-06,0.6684693738347015,0.1844199975015613,0.010094239116312098,0.026307092679539724,3.378714416888607e-06,0.0030191336640297112,0.007756754949973453,9.695551966662586e-05
1209,0.004439264694735496,3.1678091410220447e-07,0.00022320261875461654,0.0024221583837087646,0.0002625060126777182,0.9918382626645547,0.00351062629727855,0.004079384183262062,0.0006668191540229698
1210,4.423973447231179e-06,0.15966329552251368,0.7575878224443987,0.21904558389566214,0.00013099800426484578,7.485167550367222e-06,0.0032796747967627346,0.0004044754959737933,0.00027798961366002684
1211,0.005059629259896447,0.7285825038637671,0.014506801086850523,0.0005831295189321575,0.00011301236169935898,5.775750185708735e-05,0.0644436247466457,4.152434339992577e-05,0.7745991543238935
1212,0.0014592698525378773,4.533567505564486e-06,3.0732264813967226e-06,0.004075348434871703,0.000333992164340343,0.9988125097464211,0.0011636323959593692,0.0007215914922565389,0.0013977458845957358
1213,0.000971158995475622,8.422252264836531e-06,0.0010154377743120772,1.4871966289202656e-07,0.011541611664404658,0.0006960189925839049,0.000588074684844591,0.9994139782728443,0.00249495315781061
1214,0.000180194034318761,8.441379571072536e-05,0.00026637285894770194,0.081632058082283,0.006234423636860275,0.9857163756657408,2.9318305651610693e-05,8.045155363459548e-06,0.07385793154195769
1215,9.479773389468511e-07,0.22361918785255536,0.7465005954566547,0.003783319291581857,0.001272303942252057,3.588239047810344e-06,0.002447461609773573,0.001830175391177332,0.0017729869685151854
1216,0.0020282973021359713,4.584129984192241e-06,2.8216307765360186e-06,0.004893073632296369,0.0006195328955885451,0.9988504386112302,0.000614034842990942,0.0007211794528603773,0.001784435699613269
1217,6.190680077714353e-05,0.004127944111576421,0.002921785784831183,0.00022847459029137098,0.9930352737177947,0.001113054481542853,5.425999255911489e-06,0.022163589156227445,0.0045924901198725054
1218,5.0167290898068155e-06,0.8527529604300422,0.13692149724199973,0.0012929338308793018,0.008747437131561342,1.0253732886936516e-05,0.004229107482161669,0.003543886438449341,0.0014529946769501858
1219,0.002337562965036778,2.0460846394005664e-05,0.0004604923544027556,1.73434939817461e-07,0.015958120011342246,0.0007325262610670251,0.0018212624638532181,0.9991829080479195,0.0022030647850712344
1220,0.0031853649151571428,5.034982211519012e-06,8.684613325750293e-06,0.002283645295561114,0.00048554750409352047,0.9978694491856194,0.0017839428587772587,0.0007500208862860871,0.0016221076493545417
1221,1.943945150944811e-05,0.044801338478057284,0.7869860772627113,0.09155665951965312,1.1830774022446711e-05,0.0004740911172260834,0.03642943452120284,2.4671149406306837e-05,0.001740327904208751
1222,3.0320649480527694e-06,0.11627321161872949,0.7015162882738294,0.2711738407230976,0.0001433795116167677,9.633764781185562e-06,0.0018249011329590117,0.0004245061519934345,0.0001961475545019294
1223,0.0001894441246335568,0.7902656946802743,0.003208486591014259,0.1973818563639763,6.590130858693678e-05,0.00027023476524051,0.0025928029780798697,1.1517561594871072e-05,0.05302433033539892
1224,1.1036792559791756e-05,0.7528356500338125,0.31327511747892556,0.054360985468286105,7.15729522901278e-05,4.559930042940586e-05,0.011777695917522271,0.00024554933047680046,0.000300679413472005
1225,0.012168284696940241,0.00035938783706517777,0.003302582497126114,1.2050385674746884e-05,0.015554797580233525,0.008801617424461354,3.4070499870968495e-05,0.0025677725331465827,0.9880964597313785
1226,0.405480522307193,1.57268115255772e-05,0.0005901620546982368,7.818595296385765e-07,0.0023957990413418537,0.00493914773399561,0.03691410136279646,0.5908685946680715,0.0065058412294678085
1227,0.9658098119791187,0.012428644736107268,1.31748001609787e-06,1.3374432566547509e-06,0.0010153409119461373,0.04629010355559784,0.019469999271922944,0.008066255355906726,0.025349310582557048
1228,0.0010965583578971215,0.9660675626953651,0.0020304936843458343,0.004317432556043074,0.0002579856393103972,0.00016739753754283873,0.0035781500278204504,8.471578476090339e-05,0.43367342009315574
1229,0.0012975360078464624,1.4018111434865287e-06,5.21883050398563e-06,0.010974606149750937,0.0002975855816493568,0.9984253375107399,0.0005608479272739978,0.001916250956274421,0.00035266624933312057
1230,0.0013058549159507217,0.004318412026429306,0.005902807666081841,0.0010603545105143822,5.924253564187728e-07,0.008189410180658847,0.9625790161277311,0.00025650573526840353,0.00027983796961264496
1231,0.02836331650396785,1.400953930938088e-05,0.00013216973768787757,4.07062962272581e-05,0.0005910181815520782,0.45796252809499816,0.004799360118642139,0.07512410569165494,0.0663618657444782
1232,3.163946090179564e-05,0.7659573336964357,0.25499211438901237,0.014405651125574697,0.00022103918719068518,2.7461871515982747e-05,0.08180061693265732,0.00011829844840021106,0.0006433965948136008
1233,6.581514627603744e-06,0.9955033073552394,0.006413963697865195,0.016642600087045076,0.0008210479808351011,4.2457901117467235e-05,0.0019335035404018242,0.0002513162632980687,0.0016914044931057536
1234,4.283845494992104e-06,0.05496484200081802,0.9480590481809755,0.00044177625909129796,0.004028169265828308,1.1042039655043818e-05,0.03261598718051837,0.0037269528507998615,0.001187914293429076
1235,2.4520171374237364e-05,0.4240893106606646,0.6495551632769773,0.04116429517457988,3.188460649504813e-05,4.601604969268198e-05,0.033252874336689636,4.821573365409408e-05,0.0025730510126915876
1236,0.06178992069125545,0.004606401325307572,2.6445083810155967e-05,5.94464081297065e-06,0.00211854454747298,0.0014763802866848907,0.015624164985655014,0.6731318454476344,0.010771230342502396
1237,0.5462107745592852,0.00035280901310878667,6.935368066497494e-05,2.1454982144388927e-07,0.0009676732042138935,0.028322117240414123,0.0038745857216135084,0.022981257547527712,0.4509355340688071
1238,2.6010426502796544e-05,0.5755451133357995,0.41060014536012784,0.0005187669548639539,0.006434264980165821,8.325287619833185e-06,0.015386863615829997,0.00328507453904258,0.0012589899894922961
1239,0.001088385234380288,0.006379014250158926,0.17715330943302204,0.0002557732912813686,9.127891798409287e-07,0.0009447742359878525,0.9431605410991125,0.0014664200397949234,0.00035588810137977497
1240,0.001885546013736858,4.356001008001144e-06,3.792401848350965e-06,0.004757837896481932,0.0005018303776317346,0.9991679416268636,0.0006402045481639151,0.0011442346626520284,0.0007351488005841186
1241,7.463609058404085e-05,0.007337536560993303,0.0017006295676395523,0.00021782859218572398,0.9924407985327761,0.001125687965237776,4.735386215077718e-06,0.0200097058618267,0.005624389306568326
1242,1.3030264027342887e-05,0.6432816146456131,0.34534041219074196,0.0006243558598230815,0.007896871421934596,4.606736440117872e-06,0.026131668705368007,0.007191889259175943,0.00034490721768322825
1243,4.574746866352313e-06,0.551377597893406,0.055352420679544635,0.5307241342144178,0.0003921371719999948,4.848905902353509e-05,0.0010175275613950655,0.00022500028733976726,0.00011773520210207754
1244,0.002060545383836529,2.6073480948146274e-06,6.415587773099767e-06,0.003917406312875908,0.0003289323621725403,0.9958337651002426,0.0034897037809824083,0.0006579010440636807,0.00419443054315651
1245,0.0017789562383547452,2.553561256710742e-07,2.8176610337133463e-05,0.012329941194188973,0.0003770466738907646,0.997747252244443,0.0009933744526504603,0.0034731927179064985,0.00012108233394806003
1246,1.536535150720298e-05,0.6352301388724969,0.24171837925317222,0.03497687429241035,0.007328291653554358,7.3717297288810315e-06,0.0047563995027186615,0.001823878781604548,5.913584201091521e-05
1247,0.002885058701210726,0.021684186984520893,0.020802443785043496,1.415609174732853e-05,0.00015172852681946697,0.00031564078283217734,0.1799759486067797,0.004071880523535394,0.1591907607055434
1248,3.2827635098671748e-06,0.19862112810108476,0.6294653584864434,0.10045762917308834,0.0007204484620991329,2.9716422803167553e-06,0.004166914141039638,0.0023872487739516703,0.0001882054072831873
1249,2.903260557347149e-05,0.8506545113533119,0.17019883004091269,0.0005075602554008802,0.00968104714007347,2.074569848212695e-06,0.0060398649443946534,0.006269475902756371,0.0008246350459099016
1250,3.94269298002499e-06,0.1567860497380727,0.7715474434912316,0.12737601240600588,0.00021258739890796705,6.661823659382061e-06,0.002597013412125793,0.0006473621473918087,0.00023073408397948536
1251,2.452806491268478e-05,0.25476471021133856,0.6435325891736129,0.00039925805605100335,0.006215353963911355,2.4024974749154143e-05,0.018150651695861088,0.0025402356297946588,0.0010537982772805758
1252,1.5199390869845773e-06,0.9302873711438775,0.057691700955854595,0.0032900412198053276,0.013574605238139732,5.512181312760864e-06,0.003114827532750389,0.0046471268206693325,0.00033390105134514396
1253,0.05991958340285953,0.007331637225080264,1.6802628437883844e-05,9.687994991687467e-06,0.0036085128544974415,0.0016485364628017753,0.006776205155436616,0.6070701609704128,0.012424145221958971
1254,0.00016757021300167353,0.9549738836492725,0.01282557711448134,0.050193313498937506,9.339900054058132e-05,1.9804440029291564e-05,0.0019362054772027086,0.0001484621172912718,0.006744767048940216
1255,1.5202432087331241e-05,0.6137313931716634,0.3031377971819538,0.12384061642445834,0.0008739946816808916,7.771345367246927e-06,0.0044809715343595,0.0004870977829246971,0.00010842943823123742
1256,2.5760919841879075e-05,0.80761838918395,0.13032286410463112,0.03180370577108757,0.004090236067924976,9.607333178204133e-06,0.007726532952954618,0.0005602277990057344,0.0001377019474942103
1257,0.01005202500820831,0.0005963463702108357,8.93477117960696e-06,5.982339712422965e-07,0.05764865258942433,0.0010254867415311684,0.0033802451873375236,0.9981560381658879,0.0008861945729361918
1258,3.56836491845921e-05,0.7154169449000387,0.014537531513999788,0.0008261359673500706,0.0008833695988816833,2.850500537337543e-05,0.1336942063130529,0.03155760942033394,1.717809611886039e-05
1259,1.625920394940476e-05,0.8164319759542393,0.12795639016671145,0.07761638164181159,0.001390636387738263,8.336198050877154e-06,0.004957577394658572,0.0005631857222751443,9.304479601185563e-05
1260,1.8133451607426e-05,0.3912297276096517,0.482395010860586,0.0805863574944805,0.0008983105598147497,6.782162199903666e-06,0.011191338647694837,0.00033355550176779195,0.00016767298808618205
1261,0.005083308774483475,0.0004636699071938568,0.014329900922890432,2.7237226313238325e-05,0.025014008022277455,0.0032175476219101287,2.3282196272786416e-05,0.0017435830419925624,0.9922774015769724
1262,0.0018594921559154758,8.201864703278041e-07,1.9029290526075914e-05,0.006401252029327595,0.00031139616308822795,0.9985672299220203,0.0012091581580738274,0.0010786105764089462,0.0006174479268481752
1263,1.2561594350366104e-05,0.8852041789755304,0.2022451956456677,0.00024418034212797356,0.017242025818540885,4.254843436634858e-06,0.0004941861802306804,0.0029729990340571348,0.0014745368431312873
1264,0.00010265736725604043,0.08467895515872365,0.8472027135965313,0.011024231896129225,4.679386441520962e-05,1.82822338651367e-05,0.09150156402350607,9.080801250389651e-05,0.007531422575400182
1265,0.0009195410114966955,7.457221298977175e-06,0.0012351009594221366,1.3931276991860202e-07,0.013210923487433936,0.0006362789504373157,0.0006021865275581733,0.9994651228215344,0.002093401077166292
1266,0.0021302167385986674,3.0010182475675887e-07,1.4106667807558172e-05,0.01423550343738857,0.0005558939328407055,0.9969429178456463,0.0009033967584158016,0.0032108289221878797,0.00017451409931584758
1267,5.77378124490426e-06,0.9031758709075569,0.09183739568029718,0.023681023400992242,0.0008266221269200121,1.1517493954147724e-05,0.0021641843869616593,0.00039377710225692,0.0007372788377448174
1268,0.001327949612169842,5.462779915694832e-07,2.016892537369984e-05,0.010480760115162047,0.0003220661200531778,0.998976615265923,0.0005400229748463025,0.0016641080956515673,0.00029515147984151576
1269,0.0025781046751325747,2.9160483115889056e-07,3.876180637384537e-05,0.009879585262170008,0.0008263074398992016,0.9984352486975897,0.0008100217856710746,0.001704389329289186,0.0001762901239489118
1270,3.2172484614079703e-05,0.8169600638756374,0.15920110420411454,0.025054789800134297,5.292008726721719e-05,3.162636662774184e-05,0.00989595642362066,0.00012267596668411404,0.0011957719349893552
1271,3.316566031145778e-05,0.008126434486445467,0.006090835419113371,0.0003525723898507559,0.9792023444245842,0.0006292641314258299,1.6191113477972666e-05,0.02468463805164023,0.0023629987253394
1272,0.6054972565173458,0.000106389462037224,8.96948790200747e-05,2.011719322738413e-06,0.0003559570618992526,0.013583765973915215,0.12769772873980548,0.2220318883806844,0.0891057160091267
1273,0.00013288049069070293,7.104806026588961e-05,0.0011735593247134267,0.08511241127298362,0.00186278814002178,0.9479710232703853,0.00012820328550403723,6.184707186235017e-06,0.07103783615372469
1274,1.3272012756969215e-05,0.9879762519864652,0.01690461472574466,0.036165819322527375,0.0002049048866230629,6.549066805373199e-05,0.002850027773579926,5.68638108504091e-05,0.004297468227309671
1275,2.5347259498936736e-06,0.027890542777820347,0.9467484226777172,0.09004092991289074,7.627331650662941e-05,3.9290275847575305e-06,0.005944286020795561,0.0004579617336458209,0.0005103829360915422
1276,0.00017121223974756326,0.9909109600586518,0.009948982827229747,0.013745983084587538,0.00016554714402211438,6.443272514557784e-05,0.0032541839454946443,3.1007769429178774e-05,0.03577848207232345
1277,4.046091059337964e-05,0.8387463397341288,0.28288362730356886,0.015477227084471646,0.00021527391534165928,1.212873977789166e-05,0.009782329332745601,0.00018073049727201576,0.0006898540583867346
1278,5.254513022158133e-06,0.9893733394019383,0.006357237739601743,0.020760666686082726,0.00037120584136851283,0.00011623179155824124,0.0016040099220811727,9.014112486053392e-05,0.0027157644116599005
1279,0.0026585055371849274,1.7722353952024898e-07,1.698532334629954e-05,0.006513571164444247,6.20580121295446e-05,0.9805313711815206,0.010668210170934993,0.021583950968373965,0.0020889900383711047
1280,0.17573089299165354,0.00015103391592856787,3.318247268717208e-05,1.3514521291661142e-06,0.0017051632151424212,0.017114790511254068,0.00912959767876623,0.7882927556823058,0.050698446964219386
1281,1.1109318908332384e-05,0.34297810730185585,0.4998747102464457,0.00944131905270415,0.006007901229115255,5.0560186202131175e-06,0.027060883463326555,0.0014986426494256616,0.00011351148718233482
1282,5.5236858852339425e-06,0.3578742845784229,0.36715452068291066,0.001081638256534425,0.007229939271877295,6.731576881347563e-06,0.04851556276832323,0.030319386929305445,5.032554370167403e-05
1283,0.10112263776263565,0.0005622221796696664,5.940324407579327e-06,3.5516870972070647e-06,0.00816145194413723,0.002894010075537725,0.004501384262615837,0.920207451924155,0.010572349843961288
1284,1.6630127157009433e-06,0.057109786293894536,0.18540854886419883,0.008232409240955947,0.018173228185299945,1.0231419132455033e-05,0.0018172036133995593,0.0394920408081518,9.112406702796123e-05
1285,4.245613667392408e-06,0.5827785898067479,0.34437874936407004,0.09073046348011844,0.00022346971749534993,1.2786345939135464e-05,0.0018278056145206911,0.0003708758721810566,0.0005567516249130426
1286,0.003597157569545646,0.00022827007144664646,0.00013057537261108043,0.00021925743655541426,0.0002557761433170662,0.1650788080179767,0.008055169432513259,0.2376506136799509,0.00018122696735814778
1287,4.503223566111739e-06,0.8473522147606638,0.16675768473991065,0.018315013500482445,0.0017410682892974735,1.0545830402066107e-05,0.007106204023710712,0.002327366910971021,6.923360796122537e-05
1288,0.005894351273423769,8.204122296275791e-06,0.00043844741637630405,0.00021732799132237503,0.0024037709521068486,0.23680505177340067,0.00027874736399294335,0.0009287186861101622,0.9335252047469262
1289,0.006795240567367023,0.00012935919753422165,8.594271798158198e-05,5.566984160832e-07,0.013276248022198673,0.001437073984663358,0.0008020907333098084,0.9979226129051397,0.0020734885201863403
1290,1.4752521400593018e-05,0.7324355596716876,0.17882752149634884,0.10011211381383706,0.0011232954569658246,1.1204002022474022e-05,0.00381251726973445,0.00048053645900847033,9.297241988556258e-05
1291,1.8127228370978024e-06,0.9614635914578602,0.029458605129961075,0.006116030150951855,0.012432249964781858,9.410098492857604e-06,0.001893648943124602,0.00338144379168773,0.0004518729796027897
1292,2.976707608469176e-06,0.8769738004732284,0.018888515338246134,0.19307593555665808,0.00020534727868013903,7.601449269956723e-05,0.001064689593501686,9.758758879542733e-05,0.0011386450110837717
1293,4.508239161049353e-05,0.44957844199102054,0.6921883719302957,0.01387819037377597,2.7933649624235412e-05,9.202280624001013e-05,0.04272441298458708,2.5050887247362076e-05,0.008144818821217117
1294,3.782086871769815e-05,0.07589389369798513,0.006155499747521867,0.0003330245049459894,0.9139893621168859,0.0001653595275497525,6.257966730492299e-05,0.017967855244362736,0.0014403477400152182
1295,0.0008499308243548072,1.733614983236103e-07,3.176975895244592e-05,0.022863960254669954,0.00016410090398033804,0.9981878762033897,0.0004566615696049961,0.002985262075750303,0.00013034299103360995
1296,2.7434064430118047e-06,0.03218399371500764,0.8225049328508995,0.38206963761694535,6.053421909502436e-05,8.568327546744329e-06,0.0061781084205020185,0.00018571060330237218,0.0003637642921355199
1297,4.2884594800008934e-05,0.6978994062915178,0.09003686186135122,0.07022026277927199,6.197620795555653e-05,0.0019008329824167264,0.005529747637046129,2.3990513380083483e-06,0.030258183356537703
1298,5.372913945506666e-06,0.6924464191278185,0.19568247365440944,0.0014279263354109028,0.009244867591867703,3.5307815273091197e-06,0.0012877386550366652,0.01152696401806495,0.0003034789964504253
1299,0.005044311511154237,1.589969915997664e-05,1.4910439370616319e-05,0.00056770874643781,0.0008329842420617151,0.9947960838356177,0.0016029536722370263,0.0014806663722749089,0.0024336337768140464
1300,0.0010987468105449433,6.722163603261003e-07,9.324816732464099e-06,0.007458890573438789,0.00020761339927168128,0.9977710313005433,0.001686253482368668,0.0018470017263042655,0.00034642359431359297
1301,1.2037976927245719e-05,0.24603844653958507,0.5946830420675366,0.0602386326569664,0.0009973663131289123,2.959374657276007e-06,0.01206736107251398,0.0017598160176327355,0.00021150647609513495
1302,0.013081964858390168,1.0036972017751117e-06,2.86946278908835e-06,0.002575113417468964,9.121152563663536e-05,0.9302030193894222,0.04504228173219139,0.03782114298302823,0.014612126774846418
1303,2.8486321964304253e-06,0.9826937519439034,0.01438779860428364,0.008651858802421837,0.0031177759422170216,1.7793979030729205e-05,0.0029064346543615453,0.0009788635196624207,0.0005271886319747841
1304,0.6348605591227794,0.00018649876604831035,6.727788825436207e-05,4.550713797594904e-07,0.0009319644892306286,0.04271064145295215,0.003751165150838062,0.01118974096258755,0.2038973874497209
1305,0.00134606552103019,7.075095148153181e-07,2.691796102948735e-05,0.0080418037952722,0.00014548624619005113,0.9978774305124585,0.0021031095028412597,0.0014674428346809888,0.00045581561070331825
1306,0.03039128519945565,2.879445671253508e-05,1.6171373888089679e-07,0.0011393960187526494,0.00040706889183205196,0.9635294291390254,0.012296475049918593,0.012252900871168109,0.04220559208113026
1307,0.00261529221730577,3.359031118192112e-06,6.203258944951864e-06,0.004829731383162059,0.0005421575510188142,0.9983512425534551,0.0015395149598722891,0.0015907090495705769,0.0002516759387405555
1308,0.003210801248911047,0.0003204612618447427,2.815617345349353e-05,1.0305822896920213e-07,0.11689409626906438,0.002078892157955931,0.0016797628916744784,0.9982184463466093,0.0004130113278984859
1309,0.0014752773166541696,0.000253260949870375,7.546969074511451e-05,7.146944564064671e-08,0.12378996385255189,0.0036497582572318724,0.00035563629861666806,0.9982308746291019,0.00018073854811390637
1310,3.442094960911646e-05,0.23544650769239459,0.0060849878095430516,0.7469014139765994,0.00011444816116169717,0.00025240130976460353,0.000712816943250642,4.433430874052479e-05,0.0021904850771091015
1311,0.5251941091004454,0.02069793015793546,1.6000787271248748e-06,3.1610054624143664e-06,0.0031727732369625523,0.12344305828842388,0.0017329247427550782,0.019459933401849965,0.3971044865527702
1312,0.00014211486685275338,0.9939408301543458,0.006870004728987539,0.009000929329825609,0.003073968194639037,5.953394171656107e-05,0.008624950164954568,7.527923533539444e-05,0.0019926750505700453
1313,0.010524695727362846,8.868709283508507e-07,0.008076120383373742,1.3370179865730384e-07,0.003069974953098247,0.003338340065203782,0.004781933327131604,0.9863391032503476,0.03258809822145549
1314,2.9195033814125665e-06,0.5503602199134477,0.44098179576050284,0.029584266356181325,0.00017565259875029107,9.50838568417051e-06,0.0023734553905049756,0.0004104645858749202,0.0016784225333769688
1315,0.10381118305233952,1.3963405678367266e-05,0.0007848116446906477,6.145850257340982e-07,0.0020292413461033046,0.003966836252381271,0.04609597015160101,0.886343679502691,0.014752607346316289
1316,0.0018875607621318072,7.032980827797427e-07,2.0281519748829388e-05,0.006879938004764821,0.00036731738041031656,0.9988750436582864,0.001120349116920395,0.00249324158873763,0.00016372105627912302
1317,0.0034568814276105626,5.479092147882045e-07,0.005414427442190948,1.4444839187258884e-06,0.0016195805782722574,0.02480897706593212,0.04240756943455376,0.9532510456437674,0.009760675504249324
1318,0.002124352112381619,4.342390307693365e-05,0.00021596779914663552,1.5731443960751962e-07,0.025932277580946978,0.0007861936683827169,0.0012939871965164898,0.9992055061298881,0.001330546076995621
1319,0.38023075808747975,0.4230742387375603,1.8465526990049252e-05,0.00012430170571878948,0.0010764040577197315,9.333059304877176e-05,0.013261754924092425,0.0027658735666998726,0.009415853681130407
1320,3.993600965891214e-05,0.0869985869316041,0.8580764028446564,0.024163040732977165,1.5429889186907746e-05,0.00014168620277267539,0.17925641717283783,1.2101298563515167e-05,0.00773686229363525
1321,2.239197473781661e-06,0.9897406708517277,0.012302489046700511,0.0032050386576321925,0.006994633889409406,1.1429584073003147e-05,0.0027333304952939074,0.0016539216296192333,0.0008590812333466618
1322,1.3367634024506014e-05,0.48118523829069476,0.42945282313993455,0.09651953214749845,0.0010402220185119653,8.360732653571464e-06,0.004674732455145061,0.0007312063700604207,0.0001397487112648822
1323,4.709671578832766e-06,0.3713784780904485,0.05873565832919175,0.545652041284337,8.70720320015702e-05,0.0001072544117642631,0.0026257192127068303,6.0481810745068613e-05,0.0008654460234635893
1324,0.0035958839485433886,0.0021190366765524273,3.630106576028864e-06,4.850675056086476e-07,0.16112324441638454,0.0036009209850267664,0.0009223204109270104,0.9980559281113118,0.0001240686921043141
1325,5.100393164347878e-06,0.8894962068271566,0.05351854530694211,0.032439021604772175,0.0037915157961261156,8.309234214915193e-06,0.0028477488867351404,0.001194874267800238,0.0001967730024138193
1326,0.003313213024162897,4.047906778202744e-07,2.8275002105785896e-05,0.00848206992951519,0.00025159894828242845,0.996803353926121,0.001506481291965644,0.0039509381497553194,0.0006008226429353948
1327,7.540975382212966e-06,0.6353784320490564,0.37604617144531977,0.0009765408240067959,0.010754938655217629,6.511819849975318e-06,0.014288629615946557,0.007843936354700686,0.00020132308363655588
1328,0.00015571403652110382,0.08181387134084427,0.5927976078839371,2.266180885404642e-05,0.00029086934981436934,1.2552673184404897e-05,0.00844647778737352,0.0008345523745098908,0.6353478817186059
1329,0.03269741950985325,1.3577779567666083e-06,0.005059489322670783,5.5302536964652915e-08,0.004603872427737431,0.0041789189861707625,0.013990888094425013,0.939432299059668,0.07794449777336421
1330,7.070223589222349e-06,0.2734018999030123,0.5699419637293339,0.15378580071118197,0.00030368071956395944,8.044137030612803e-06,0.003715830999299017,0.0004721307038446216,0.0001831202090419725
1331,0.0020207605381721404,0.9385237639111415,0.0007761004366127,0.0012490857350693368,7.034144574317988e-05,2.846022436877829e-05,0.19602724206803945,0.0021619684881558077,0.02863928763085565
1332,0.007169967115999527,1.5272717967407673e-06,1.533314889000196e-05,0.0035253806482403237,0.0002462863976626493,0.9913263818853671,0.004823617843675008,0.0029537442750452963,0.0015276339316867536
1333,1.6278066848439966e-06,0.974165036467307,0.04589413222211697,0.0010189339226951508,0.004723499045388102,1.188665555949662e-05,0.0019240762108248212,0.002094462339397577,0.0015268235858813192
1334,9.381377591479384e-06,0.03021979932139659,0.0323211455830944,0.881042095175619,2.9781084138420442e-05,0.013962010982724692,0.0021687084519830878,1.0843376084303046e-06,0.005950309442924996
1335,3.502420294559446e-06,0.8901569455520938,0.19380762290737588,0.005776528405079755,0.0013037614529226402,1.2687603551434636e-05,0.009577332054402731,0.002580280757476133,0.00011527882862678445
1336,0.006009988624534881,1.638697105926291e-07,1.2365215989647157e-05,0.010508786850439098,9.659990991943632e-05,0.9576250623460312,0.011010207413634236,0.02918775415091286,0.0047678332348275185
1337,0.07411958512636493,6.65360300027176e-06,9.406210979217108e-07,0.0005330747526672206,0.0002249818651057879,0.7063020587835065,0.002940837850448532,0.07349964893868333,0.02783000106772594
1338,0.009008369905664376,0.0008748217249680601,0.0036472914883955276,9.812320894355462e-06,0.006954619209483274,0.015126046016757285,0.00010153166143772199,0.0016405196507374353,0.9880399745785815
1339,0.011189084957124479,0.0008435671098388962,0.002218449831144297,1.0564051939711132e-05,0.005658642734301904,0.016746912693933625,0.00010659316497419498,0.0009788340459147564,0.9905135493088046
1340,0.0022934996886229656,3.0716259619754364e-06,4.6176321018214084e-06,0.005250189889772831,0.0006018996670189414,0.998964190586115,0.0005513714867057457,0.0012062230244105038,0.0009752140439220999
1341,1.418249509913043e-05,0.4561712135187833,0.33776674153397757,0.0003865316724800692,0.013815879731216722,1.0386455360314036e-05,0.015163869108980101,0.008654924267873605,0.00029137372284171166
1342,0.0008076124793517185,1.1360929763808497e-06,5.555348179999499e-06,0.010700187500301701,0.00020449347309012432,0.9984043186697045,0.0006447304538026729,0.0010881689112205335,0.0005753988621346189
1343,0.0015054514255979554,0.0004791318966081406,2.183388900084789e-05,8.027849046437308e-07,0.06980935929345242,0.010316627727841584,0.003984316269289593,0.9948722685581424,8.169831368821786e-05
1344,0.07890127118416623,0.10478386749101885,1.0364269249987791e-07,4.188774768629952e-06,0.010528860897604053,0.047968092426871466,0.0006028103890223642,0.7447740889410949,0.007872605754667632
1345,8.958886042486515e-06,0.9924690331296362,0.008843779248472976,0.019132005351366065,0.0010076929063271723,5.1986328656310845e-05,0.0016703853465559414,0.00020341110353453673,0.0021114452730848234
1346,2.981281510115158e-05,4.2409639398248554e-05,0.27276388291489984,9.02628737739189e-06,0.5243073584475997,0.00014361555778865377,1.1090205970436435e-05,0.1550568970157059,0.4149532011357154
1347,0.00023981680070724135,0.002131939867871389,0.0017417086088205474,0.00010192685617997512,0.9620269427046868,0.0020800918574142785,2.0315148029316465e-06,0.2186801467805744,0.0005610394990685814
1348,0.0007198340237931039,4.932200548358986e-07,1.1076958742616678e-05,0.013897081332094682,0.0001539603149541485,0.9983984377057126,0.000562767770659417,0.0018326988608518657,0.00034337217328133063
1349,0.0008379301758243385,1.768367590418446e-07,2.8211105709456896e-05,0.024931197228042597,0.00019087499736470705,0.9982341390715669,0.00036359394236300675,0.0024923088492058293,0.00015922774204784836
1350,0.00800871534334532,2.640999397276104e-07,8.834983342422315e-06,0.005323575322871633,7.902692873812376e-05,0.9499971984893503,0.015538892657895657,0.05849507601915802,0.006107054139220619
1351,8.607119038320324e-06,0.9370953251433549,0.03961724472291259,0.04501833939687649,0.0003440454644492814,4.3398584380748395e-05,0.0014692443330808465,7.435882783907936e-05,0.005151010812560261
1352,7.897145545568996e-06,0.6313042273758643,0.1412003670766349,0.03672371425580105,0.0007232267071098023,1.0511626809397346e-05,0.004442512777957704,0.0032792467009930175,8.61539748071417e-05
1353,4.6818570329435844e-05,0.951285373265443,0.10412337229776912,0.003930129853884862,0.0002224416401835651,2.5576018781561593e-05,0.0023892913723228683,0.00011770200957716346,0.028815409110589198
1354,1.269574125403293e-05,0.41562924586839667,0.5966648438710516,0.0006655106648932197,0.002110569624402976,4.9925405315596834e-05,0.01442070543085649,0.0006412976711399161,0.0032399343474799856
1355,4.661534661860399e-06,0.9094290269807488,0.1374909182290945,0.0009474151268314536,0.006200370281875611,2.6953526058875237e-05,0.008614437938925504,0.0012958789509517929,0.002013874217599186
1356,3.3060836278536885e-06,0.5044861187300604,0.21174270204911283,0.21123894052059528,0.00016314745049862293,1.930768305562921e-05,0.0027162164575607736,0.0003987738594409321,0.00018617766461182346
1357,0.0014485966083142008,1.924532215953713e-07,1.803177763455562e-05,0.013786929720153497,0.00010494782958544939,0.9938850540361552,0.0017903853434732167,0.008611320151064363,0.0005323516494674087
1358,6.087955691310515e-05,0.0028090245677245785,0.002647406758243189,0.00025483449579023336,0.9954428379470359,0.001692322855620958,2.729718300657384e-06,0.02713275794537932,0.004117441108049975
1359,7.612429723306391e-06,0.9879261446729056,0.01414375154028688,0.0044276738136522905,0.0018681599408853803,2.8730355432705672e-05,0.0014411687001775703,0.00027226376418259195,0.002871225356097527
1360,0.07953324225678775,0.00018227063546199837,1.705498309869773e-05,1.9498936831445113e-06,0.0046610722120749215,0.0043040077835303035,0.007492851557881671,0.9358630379485614,0.015377368528249079
1361,6.485243292820309e-05,0.9348599686481135,0.0050563523248721145,0.005240857459629421,0.00028566584131065325,3.8954643091440865e-05,0.006774395737886418,0.0008341032953825975,0.10091623488348483
1362,0.1349437025177525,0.0002068526265612651,0.0003184191847776734,9.110068375377868e-07,0.00044731493237303195,0.003213594375933838,0.616577202282264,0.3401470788505623,0.031333101512201145
1363,4.485346339932091e-06,0.1238815325004943,0.39242411647197095,0.4039204815955939,3.3783214226529445e-05,0.0002117533967975257,0.0066525887808389006,5.879571549774972e-05,0.00034867247322075583
1364,9.606581429411145e-06,0.8644455440541993,0.20610027827286378,0.0017378948975833941,0.0015084369555893264,7.685499574548919e-05,0.020452915532794057,0.00024293719800508703,0.0034719669771360456
1365,0.0027503134446956526,0.0007626295016360309,6.504455320581188e-06,1.1041854629623691e-06,0.07196604175996835,0.004154309581972637,0.0019039391738946226,0.9979851276838285,0.00018246317787761688
1366,0.002173341997465254,0.000615381926832914,2.6295644267492713e-05,3.167650609374897e-07,0.11005131752201082,0.005862080016148654,0.00041387185171693527,0.9960487133571888,0.00010015787191575461
1367,0.00019139552577129672,8.70188260482535e-05,3.8789069654095545e-05,8.294158826154045e-06,0.06459265665320735,0.2197465156064202,0.0010884178335058329,0.9643678077943671,5.519500207840306e-06
1368,5.350425716264083e-05,0.6901537754012804,0.4000455634787131,0.02382985440929685,3.7944163876826884e-05,7.185553993207321e-05,0.02422915970896757,2.2169457378995515e-05,0.006340067333794168
1369,1.3070094487212781e-05,0.3247801192373115,0.6827390114550834,0.05269422631890665,2.4028310647667025e-05,3.804845181508255e-05,0.039081898150597635,6.943976914203382e-05,0.0015268426341623544
1370,5.416190977470397e-06,0.6751534493118604,0.22115552024034615,0.07050081575998328,0.0009705810658556733,5.650329530639946e-06,0.00446512145737756,0.00123509266133953,0.00014618872193771702
1371,8.601847854913574e-06,0.003308629323094925,0.19447706936812803,0.9322703625992369,1.9995398851794725e-05,0.014697977324499735,0.0032674675930638897,8.842776747345668e-07,0.0036962185134164936
1372,4.1380592173562824e-05,0.8316985092572218,0.1551971080076139,0.0004401184149322978,0.011774621741195522,3.6121392314581057e-06,0.00495618120607194,0.004260204274454681,0.0010359961692753218
1373,0.029125339901210627,0.006857635436723284,0.0013852717905625282,3.924712720765897e-05,0.0229070478347257,0.021784804808171066,0.00011974023245622881,0.0002792186982163477,0.9741995838490946
1374,0.0003099802037946211,0.1491202875780193,0.8036919104288209,0.00013263281345430523,0.0018231973720093276,9.173319950582587e-06,0.021526851601172785,8.925226702124735e-05,0.014421474759177471
1375,0.00019433067920047328,0.8911610970042916,0.004021978131477043,0.12112976861593064,0.0001402865590620189,1.423067631175162e-05,0.0015167998999493573,0.00028499712777858534,0.010672718316822797
1376,3.530647275235913e-05,0.005184901629797472,0.009286873507126144,0.4900495298791494,2.5574499351678154e-05,0.03519317781540208,0.055238256975147684,5.887123776935172e-06,0.0003638676955215073
1377,0.001178578100433835,5.044867363586656e-06,2.257374649948692e-06,0.005032823288616048,0.0002884546034254632,0.9983985224892272,0.0010409754582917134,0.0006436572918082314,0.0014618722605699238
1378,0.0039859505511763375,9.928602277003359e-06,2.9068076772915648e-05,0.0012230327025440127,0.0011079470346022217,0.9897819005882397,0.0010117235150332272,0.0010514706566526753,0.008462764257264561
1379,0.0016447852836430706,8.173270053184718e-07,1.1158177167528756e-05,0.011019798388470723,0.00030085546237294575,0.9985024604462663,0.0006429637282831133,0.0025046251349342447,0.00029171575275656553
1380,0.010351838916135489,1.4692735675127467e-06,3.5231216953443013e-06,0.0030911611263111437,9.330517890178507e-05,0.9628967270443313,0.01651541725940358,0.04623221270172847,0.007939472116026752
1381,4.1412425458839494e-05,0.2622397338382991,0.34039660787755793,0.10641339902737425,2.7526203006476975e-05,0.0001267964849247121,0.012958078525516404,2.9579511341650343e-05,0.00807891089451369
1382,0.0030554312261736587,4.111947989803044e-07,0.00010160153737532916,0.0038555704005503537,0.0003088935839727941,0.9961296152641306,0.0017708717357847149,0.0026356206112220838,0.0005003821880820118
1383,9.801152788891427e-05,0.06563814757600005,0.8252313695396042,0.005099326362099035,2.3908970055845284e-05,0.00022198693900905858,0.2658202381294801,4.0500818927982686e-05,0.00485208029740337
1384,0.004821192469140179,4.132113313783941e-07,7.304401310104967e-06,0.015338224811730085,0.0006451799855503847,0.935861780748688,0.0015932886805552719,0.08378529099812662,0.0007431103955453143
1385,0.21993547742585706,0.026686783876440166,4.888469869031137e-05,2.3732319745708476e-05,0.02030033717983281,0.007960884949851933,0.0006435592756672835,0.0020548922241724727,0.85566367109474
1386,4.625038087458358e-05,0.1473522442496225,0.002915542421280411,0.0002517007096755264,0.943130500331169,0.00014079256703828546,2.8349155720659507e-05,0.011927788582389737,0.003266314813237927
1387,0.003845172609070855,0.001075993323779438,6.778651227700675e-06,2.2760758665511309e-07,0.08684094024553303,0.0016112028025494361,0.0010282523988696763,0.9991330049404132,0.00045594157632992087
1388,0.0022543633380615272,1.5045955172523487e-07,0.00024733552505335664,0.005650611138360949,0.00017533931124671904,0.9965765288436762,0.00301352180243485,0.002247503326933676,0.00029645186873470926
1389,0.00011117949989953351,0.2757170902154363,0.5424721475850293,0.009522324863801926,5.135287727553493e-05,5.811183829285672e-06,0.11750399900383635,0.0001227917583259884,0.10098404976604433
1390,0.08217716218645378,0.0008169556855905299,3.1886756360367864e-06,7.6615591123049e-07,0.06921095732132668,0.001240787667375499,0.008446523889521112,0.9834441574345626,0.004596812379094158
1391,2.0843542571560597e-05,0.009200005013534773,0.8245297236628238,0.24316968520755045,8.495965758152713e-06,0.0007710226901998939,0.04225156217750361,4.848597134439548e-06,0.010004158639327777
1392,0.010485419116383383,0.0010001382478215606,0.018535056207315125,2.998376014736113e-06,0.01565872316974393,0.003951699118732307,0.00011249656119479975,0.0014130847625379564,0.9963011103870925
1393,0.0005762862473932175,2.1140300050978873e-06,0.0006352089005798525,0.032544826078124686,8.78536090114237e-06,0.7883814321022775,0.10174787232740617,0.0006924497936916125,0.00021484390130283718
1394,1.1393643499796966e-05,0.3799309415201876,0.6461532254996527,0.04326916456653633,0.00023156822622785216,7.108500312996832e-06,0.029568434846181206,0.00037149735906070146,0.0002647402752215772
1395,8.961707950219146e-05,0.47746465868367655,0.5915641536952844,0.0004356091303230782,0.0020840725727332226,1.8559088073500874e-05,0.01915216324877355,5.8407155394138175e-05,0.017939207680238687
1396,8.08214001614819e-06,0.445950413516994,0.3833488137362451,0.007796870848771685,0.007638240231869307,5.7546426478763675e-06,0.017981892084097905,0.0014428571446165465,0.0003794180418684582
1397,1.064065404246683e-05,0.9968556901187954,0.001085861203254507,0.03285141697489164,0.0029814055622365537,7.18893528951744e-05,0.0012326216906168074,0.00014165211193614165,0.0009668616078029053
1398,0.0018794113769029144,2.7573013322078386e-06,5.570720831545767e-06,0.008292836053133862,0.00064384249802312,0.998404800443341,0.00039784302048806653,0.0014222688332608383,0.0008845678904148978
1399,5.2365935336191295e-06,0.386036508765545,0.4282120669604242,0.038784696745768434,0.006880853248508497,3.3999272642586738e-06,0.004804352874651236,0.0037827466584338418,6.054394218135353e-05
1400,0.0008601393135874398,8.934531113078121e-08,5.196751051092737e-05,0.027044809120859475,0.00016812809728159394,0.9976748046183845,0.0005172483964076318,0.0027733363028168588,0.00017056788393555493
1401,0.45190378460963593,0.0004803867438983162,0.00021006704813311003,3.6057606660617345e-07,0.0016734688557360061,0.01564429333790954,0.0023108511591564537,0.006628171192569874,0.6790762785512308
1402,0.0033301971703345212,0.0002480796611031707,4.767498405147535e-05,1.4846233452259528e-07,0.05510628534355162,0.001965185344647049,0.0009404869207742195,0.9988929681208687,0.0006429049387730389
1403,0.007629717213491087,1.3517867199938172e-07,1.7844690758676763e-05,0.0063501006653925544,9.693263701652731e-05,0.9593135186273363,0.01950256361938753,0.0339537921848137,0.0053345779377737025
1404,3.6305638328526015e-05,0.9899726734005284,0.016276260741679895,0.026760241190304176,0.0003423493800772434,3.611751949443928e-05,0.002025487093721758,5.7485363542109254e-05,0.006075550378168729
1405,0.02995832831230479,0.0011391203457025286,4.267135878841283e-06,4.946931151050795e-07,0.13389482825373017,0.0012182279565114236,0.004689267492933814,0.995224964752134,0.001713994313184796
1406,2.4664102107281827e-05,0.30196521369627793,0.6428951349104391,0.0006650227401199239,0.004007091220962772,1.3950969509097184e-05,0.03600666480508638,0.0015887342142302204,0.0016376475542935743
1407,1.1397471522733925e-05,0.6852532205933656,0.38778973167682235,0.00112905887691782,0.008066011325563081,6.861060595489324e-06,0.010603046148816915,0.005111294749784383,0.00026595105261188886
1408,6.391309653236021e-06,0.2858352317716889,0.3151420451332684,0.15362098100016383,5.1793201952380387e-05,9.57347156252235e-05,0.013663191472740276,0.00012875195383137584,0.00024838779978250187
1409,1.9969364819955412e-05,0.10368448651988711,0.010235910090445088,0.00029900272878245857,0.8998996685466074,0.00017467592765476328,6.618891882437803e-05,0.01293459321271859,0.002103178838325746
1410,9.266563224173926e-06,0.6418980906160662,0.3958695719048443,0.0662897440161163,3.340981732340856e-05,4.791388623960683e-05,0.020050865561006336,0.00010371794337713999,0.0008198025757740969
1411,0.0011681807676770333,5.7338898641855366e-06,2.0295440555357873e-06,0.005047856859750427,0.0002973882624779258,0.9983757643132057,0.0010053013173093085,0.0006364526372602627,0.0014698517085235143
1412,4.179730409921925e-05,0.3634410835369731,0.13567499690737767,0.001414488741499525,0.0008806530779010287,0.0009632752909236598,0.0034745354942408778,0.0001698363845843456,0.04346605674667512
1413,7.689315388855049e-06,0.6154131770050816,0.2733362743268336,0.12636439463568325,0.0005022211780896604,1.0932927395963331e-05,0.0020496884132874776,0.00047498481479803895,0.00016851509322373607
1414,2.9908150202565476e-05,0.8790568552256389,0.018686051839743142,0.12568469227613532,0.00013827618920782508,0.00019287914354626466,0.0028215853636810043,2.6451509494169857e-05,0.008548228699095982
1415,0.9664687251977849,0.0034067664683555864,2.456739207189429e-05,1.158300671418096e-06,0.00022614440445134295,0.003942038467783288,0.29287938322577994,0.006895693850697757,0.013466545543818422
1416,0.030070259517128602,0.00020043747356380534,1.1041712143183892e-05,2.4930640299081622e-06,0.028696249763477753,0.0009234901569131062,0.004414649201363561,0.9843746963931141,0.003774196334859342
1417,2.345310088393624e-05,0.4116010624218769,0.5445968937196334,0.060863238524618786,0.0016772416946356447,6.841439288574229e-06,0.01014513477458697,0.0007850580682037479,0.00011163984981535104
1418,0.00012375175323336852,0.4088385678595851,0.09073405908506156,0.0012411762756800498,3.210771437456957e-05,0.00011200282968952855,0.24379302235404113,0.0019027004542308476,0.00011596543801052068
1419,3.522047352865209e-05,0.8391807919068549,0.27962277217767834,2.8735470126927004e-05,0.027558147314468068,2.7703587043696997e-06,0.002174045698192404,0.0012908368832934482,0.005728351697115532
1420,0.004446120055934801,1.7495748258975995e-06,4.17888970050665e-06,0.0032351749714431715,0.00019386393717517743,0.9908247068491672,0.007437560614333427,0.004229324059391164,0.0044926501680508935
1421,7.463342442223333e-06,0.3009446141790779,0.8332394944291618,2.391288167092662e-05,0.016145825227443122,9.016789085600802e-06,0.004576201004086231,0.0010063335787137712,0.021276392554857904
1422,2.6790558944475347e-06,0.7297089529039102,0.2451571022522967,0.014516137277673407,0.00027199657467041373,1.5900884816661637e-05,0.0013861315476584562,0.00018870218882173872,0.0041186377594287565
1423,2.086714759553802e-06,0.9643525753961381,0.022391948158614103,0.007823312175995264,0.013161869526587492,5.7628614453651925e-06,0.0027283827811056434,0.0023031663897026934,0.00042414968029735043
1424,4.3421107124160335e-05,0.00401293463037593,0.002672861646840913,0.0003011341635575914,0.9927357369833717,0.0014793358649588617,4.543581224170461e-06,0.02725737108821131,0.003765309011590274
1425,7.246065395328793e-05,0.6513667377780537,0.5114009847173973,0.01700133468719494,5.315679610324752e-05,6.314974857355076e-05,0.02977950357170303,2.179980387105925e-05,0.004799148043601518
1426,0.0001580344890193013,0.004263838438881439,0.0017298698742648267,7.531312599876571e-07,0.3437858202954179,0.0010298777006252787,8.793573423940542e-05,0.6617827138650243,0.06388371956778256
1427,9.458664978677373e-06,0.9958373629879185,0.0036944184105605574,0.014785841006984149,0.0020318156251669483,2.7462968771515505e-05,0.0031901401726984195,0.00022625415456930403,0.0011336763834623783
1428,1.0961358381611748e-05,0.37733219532362355,0.5576972568161295,0.0010091495914861081,0.008479400516015903,1.7507824820088596e-05,0.014217644501617907,0.0033764224892664104,0.00038673634015896305
1429,0.00034135365389321797,0.0449261372954257,0.0874189291670721,0.00011756969226313648,1.8692038165956296e-05,0.00017184896640237986,0.7039836757136283,0.011623118813967537,0.00012472380119034964
1430,0.0010170578686969965,1.0513955203372068e-07,5.519982771648631e-05,0.017742087891614963,0.00014765463406504718,0.9975932549966334,0.0009042142907513259,0.0029858894371936878,0.0001934452914619882
1431,0.033176291581447186,0.07602468446534637,0.007027434685246656,7.720362502592472e-06,0.0003110151190484463,0.0001904483325032877,0.010220879397480453,0.00036316749072397834,0.9379371868539317
1432,0.0015725574742394338,3.2103671512921516e-07,2.9432624582522134e-05,0.007780336736637864,0.00021710579735356015,0.9982275913445251,0.0017761055700684627,0.002269604678932256,0.0002317412267621578
1433,0.002942841417530072,2.8981722490518814e-07,0.00025800233736941725,0.005296481710312414,0.0002781355171473475,0.9946759285241836,0.002062645827437327,0.0024816179390051312,0.00041393697143193755
1434,4.9668427852526675e-06,0.8974510493479398,0.15306698906864047,0.008795091259049358,0.00020050555712346498,2.3283979296910153e-05,0.0035168595092802883,0.00012981664510615815,0.0077319716928065845
1435,0.00012081742528236268,0.9070168855781818,0.111899411905546,0.02383113524474176,0.0001003347635801804,6.352167166942458e-05,0.005859533373707368,1.824312853747511e-05,0.012402474840680772
1436,0.0032312981096155684,2.878873127253527e-07,1.3571130543030481e-05,0.008691602486762172,0.00012021337194373206,0.9896569281682284,0.004679337987593339,0.00988948259911019,0.002068362305216257
1437,7.065256325705795e-05,0.16346339989361464,0.7718940018227892,0.043483060793197435,2.1553080281113292e-05,0.00025698634649979897,0.04467622056602651,4.382602990102166e-06,0.014341051040959214
1438,0.009899751248558257,0.00143590835045065,0.004484830279320054,5.933645618042248e-06,0.007067524261410376,0.008713348946005933,0.00011591765406351112,0.0011373335747034427,0.9950527518252484
1439,0.0015454922240133282,4.397513012878676e-07,2.53633378657533e-05,0.008266481975473642,0.0001757959297828559,0.998126493067606,0.001587423820339589,0.0021646509972645445,0.0003994097141747561
1440,4.618849810557614e-06,0.05191785699183826,0.8977862255193388,0.07844531702269646,0.00027274303767952735,2.5001283738724074e-06,0.004512831492588928,0.002035213178824,0.0006312411113761586
1441,1.2685863299258562e-06,0.14337495254337118,0.6563466420036895,0.04585394978241976,0.004849794406834866,2.4505674003836443e-06,0.0018470481569963493,0.010475806664531401,6.756533446378052e-05
1442,5.023224151683404e-06,0.9810711720197854,0.01920100800875514,0.01781116170133605,0.0012801027123548541,1.7030240460594265e-05,0.0024185922126505285,0.0004111130393587365,0.000812252222253187
1443,1.072374481298353e-05,0.8049052654797964,0.1784519685570881,0.0017769954283836115,0.006313933902315816,9.676975642757529e-06,0.01890986105293253,0.005848629904663844,0.0001698366065272189
1444,4.306641560896417e-06,0.052645197377822854,0.8928197869269601,0.09437778754349195,4.233913890866586e-05,8.443484483582918e-06,0.015122142021074718,0.00014234693129733735,0.0012891541399423158
1445,4.6714833198707504e-05,0.2917504191210195,0.5692566743706178,0.07830423479258668,4.710209503653096e-05,0.0001009921934339641,0.0067607354062726764,2.6944938946904055e-05,0.0033082256403734575
1446,9.751238662924022e-06,0.4989955585326209,0.4521786402488692,0.0011487304800194777,0.007890554914187982,1.6601557022187113e-05,0.013235288508879908,0.004551078610543861,0.00032965523750702006
1447,0.005522888288632446,0.3965658894569683,0.005883632192469289,0.00039136859073983033,0.00018839617784958536,0.0002256848588266299,0.027048902358513538,0.0006403739415381531,0.2826387078913181
1448,7.494341829176919e-06,0.25440867395915856,0.5664026960125355,0.286327778148039,0.00022759665625562427,7.946957870949096e-06,0.002051352650737013,0.000588126275989396,0.00021162324554936725
1449,3.0838986813581056e-06,0.9598174117014264,0.030515528111244288,0.009734617862261853,0.006382306019158059,7.746492704782872e-06,0.002216959148209946,0.0018201958609275028,0.0003277068737175326
1450,2.162635337717297e-05,0.8844633576201583,0.0269525374852551,0.00046417997114111967,0.23315504424511713,1.4850520280156572e-05,0.0016315032795969373,0.002348816647166355,0.0011132151988351878
1451,0.0010091011771261012,1.123273812889551e-06,6.858947696989043e-06,0.009374748932997537,0.0002455089171882047,0.998769870958014,0.0006581674687081948,0.0014657196111266594,0.0003344298088489005
1452,0.9585163593765124,0.013618263665507167,2.2177488183495025e-06,1.3734735482279394e-06,0.0005830692059997462,0.023666092489303587,0.06742091058219457,0.005646980289539444,0.027786176711853534
1453,0.0016027501404195354,7.129589622139162e-06,1.1193928299591976e-06,0.007761616562222462,0.0004855744226329127,0.9986617111955945,0.00032458951644908713,0.001125564222847474,0.0013615598363402523
1454,0.0007015865620835991,0.0031045766624828632,0.033959050619800195,5.539700344078683e-06,0.00012353460061764165,0.0004007991878255524,0.95283765432819,0.1586990602688761,0.00010734070206301806
1455,0.01819283024911794,0.0002923841792332667,0.00037916249499010685,0.00028906818651742614,4.019064514240467e-06,0.014133306043531375,0.7136775209042999,0.037217913044528324,0.005784551209357183
1456,8.772783586390823e-06,0.9710927137410005,0.03909036938004236,0.012111538560456672,0.0006070233929210818,2.193228244004923e-05,0.011674394043196073,0.0004885831559861433,0.0002763900817388905
1457,6.077618410457761e-06,0.9591457555271119,0.04015083388328771,0.0014806177471343167,0.011717696672239819,3.9804896294244905e-05,0.005150700328285735,0.002235888102635074,0.0005771120307137015
1458,0.002693991165610605,0.00012951700198855488,0.00011139205282309631,1.2270714400730448e-07,0.05192578656501484,0.0023731528345186936,0.0009762843158284058,0.9981132733879545,0.0005886803294822449
1459,0.01583430873897186,0.002865438669972914,0.0054144242698198,5.614033616827498e-06,0.012504208783517752,0.006137384374218254,4.640756685631057e-05,0.0007935168944864328,0.995958833994082
1460,2.124004569772911e-05,0.8430243983097512,0.12411369961756913,0.032146782643154896,0.002215830083215301,1.1830333680187646e-05,0.00914697634607737,0.0004673008454959242,0.00021876819683722346
1461,0.5438132394732805,0.0002598089444285277,4.9141870840815335e-05,1.6490548843756342e-06,0.0003517861466558217,0.03389198648420656,0.1406474580826032,0.18493953192701176,0.05775255655646441
1462,5.9595176599540014e-06,5.476076960290111e-05,0.2614053093905657,0.9038692463210294,5.717190848525768e-06,0.018370403172338373,0.013564276910256185,4.618739260894584e-06,0.0008600905993810891
1463,0.000796884031485985,1.6811213903634978e-06,0.03219288794914539,0.0009239943416396049,0.004974685910249283,0.03698668235610907,9.445756511413041e-05,0.0013007905279631762,0.9599477286201609
1464,0.004870351106976478,0.00035960147054713763,2.082386745722959e-05,3.257372034549809e-07,0.042627711792497185,0.0011837881472600452,0.001790292196399631,0.9988625008916636,0.0008429697978817123
1465,0.0004740371674895349,3.6492597024194254e-06,0.004459542752487847,3.3859552439925283e-07,0.020818743743109363,0.0011829656117562232,0.0004175273655292821,0.9971139202179125,0.0008243935646091359
1466,0.007856635348702795,2.441445682316521e-05,0.0003000076016723032,4.769697811216146e-07,0.007805927793987526,0.0020604158600669212,0.0025641622589927886,0.99543991487171,0.005701775686936691
1467,0.002799176837567736,1.0978813977838035e-06,0.007979412183534198,8.136904536396059e-07,0.002139180252553594,0.0320386132392086,0.029691107894420535,0.8928195130437505,0.005919717504535525
1468,0.003250664937419116,5.435246653442238e-06,1.407903091967234e-06,0.0049815480534001685,0.0012828422255712105,0.9988183727885195,0.0007465378602650901,0.00198857952243608,0.00017161948157670413
1469,9.972505918916729e-06,0.5689149479277379,0.28251327865317155,0.07480997488918864,0.0012194358076258861,5.526072097895827e-06,0.006252877972097726,0.0008692928617084078,0.00015407889020285244
1470,0.0016415261689749923,1.437763695252882e-06,1.242960792065227e-05,0.004067294522669464,0.00025813113304376805,0.9981174566639002,0.0028577486796029184,0.0014947598630602576,0.00033292609867959953
1471,0.0479586383643061,9.810708484940677e-05,7.672072031562403e-05,5.554817268625744e-06,0.0016455018122881423,0.19062344188013133,0.0007148813203148719,0.008609715137292874,0.7908845280118006
1472,0.0028680962837265072,5.7805632851685976e-06,6.590158712554655e-05,0.0008011407279301489,0.0006213961770925919,0.9917164646192623,0.0013524231876318297,0.0013609552418178822,0.0030276303114551645
1473,0.008331960668389942,0.000874354072174503,0.007159081213578392,3.644652970751047e-06,0.008444184516354408,0.007177773924010789,0.0001642163995550284,0.003017506470700244,0.9881922261996477
1474,1.8968080874056728e-05,0.7784965873258595,0.20628721022490956,0.0011343634807781905,0.006567970362400051,1.0538888568777317e-05,0.014894036142724883,0.0033907277807483766,0.0004315682812471749
1475,0.006770935924043247,0.01568859446287656,0.020117423862588517,9.64875934292242e-05,1.1537237300332947e-06,0.0004391002341790288,0.9497850961662933,0.011420215520125676,0.001352840358614646
1476,0.00023541832730879618,1.5519776918665644e-05,0.011068217927045008,0.03194571968996895,0.005461096649948705,0.7921995718976675,3.75502574003354e-05,3.9037511055790025e-05,0.20037286556154044
1477,4.236001471726075e-06,0.46422325363203254,0.24808052130169603,0.2281307609103162,0.00010437449658242737,1.062899284731805e-05,0.003480047833592872,0.0002776117402353399,0.0007848524581445419
1478,6.483070937669218e-05,0.11121203618770271,0.8499796214426723,0.02866602632420069,1.185662322989185e-05,0.00010012669031554307,0.07737192584889895,1.4835289810474099e-05,0.013546765763485362
1479,0.0011287689451903835,1.233523180937375e-06,1.1533321591195368e-05,0.012902370411855326,0.00016623362096351206,0.9965472017291832,0.0016870595246079618,0.0020432788957701485,0.00014966264889198407
1480,0.002614104974171743,0.02447982156846238,0.02960660808191851,0.00010338416321197676,1.2463772554729237e-06,0.0007510422518253033,0.9026199674350589,0.004914803749964536,0.0003538440095493725
1481,0.0015296669112762852,1.3784790863941619e-05,0.0005319100879230258,1.5377398570703326e-07,0.014691706977117375,0.0005143838831823481,0.0012942559916380024,0.9993507773529655,0.00261034395523746
1482,4.791535599560216e-06,0.5433496657070951,0.38268098897823344,0.005929496301720616,0.013221570715257777,4.640805176152283e-06,0.0037832038673479315,0.008927193819737961,0.00010651565267077137
1483,0.001195402974268158,2.2568831158725238e-07,2.5716595384679227e-05,0.021294699802279483,0.00027457918048226233,0.9981887819280482,0.0004496549967034596,0.0032075376297063386,0.0001116388951033207
1484,0.005320110160749034,0.0004913221568627164,2.8813874616632085e-05,3.621652317732798e-07,0.08436950158526517,0.0028254954990076173,0.0015338025688010472,0.9963947287449932,0.0002385943171843839
1485,0.041647576120955446,0.03201829410933086,0.0016179656081728136,8.660127085854857e-06,0.05512711264073668,0.006733195234305595,0.00025605389607019304,0.0006911751570379956,0.902161482636661
1486,0.0007018521708115826,1.260876734703715e-07,5.742745122928296e-05,0.019015939291791274,9.050408531508948e-05,0.9968100451918694,0.0013262007911448283,0.0023199358820548007,0.00018526612384803766
1487,0.0003843025185450993,0.9485926908495828,0.020613399661234762,0.02191765720682238,6.373131783882415e-05,2.1356890412913957e-05,0.0040814911294865044,6.660240036630881e-05,0.030609110225689115
1488,5.7233209448876775e-06,0.6339856626455054,0.18316414011140772,0.05393680257049112,0.0053960433450990376,6.248446630162835e-06,0.0019810748452421265,0.0024502230224761595,7.335859939786606e-05
1489,0.017097706530617714,0.0004101448049315998,0.0022869937228263697,1.1480861800683096e-05,0.004048210568894079,0.028974671178344354,0.00017974572808827688,0.0013983951742779835,0.9552488355173435
1490,0.01792282833875787,1.1009676753839943e-05,0.00035361446270802265,5.223022900546532e-06,0.0004304938755581993,0.07347436826336058,0.0077759231827295395,0.04524958190719924,0.7033087566999118
1491,0.004450316941746773,2.073100996054947e-07,0.024774053414971322,7.591771405698865e-08,0.00260115586428084,0.003809934659452505,0.007896333308548166,0.9869687905890999,0.05110943414937014
1492,0.02442011326299727,0.0010502832280711674,0.0010302272103630405,1.9286272927657453e-06,0.004971417889502019,0.010797120481613704,0.00034829875585588497,0.004072954632371411,0.9894089930693726
1493,2.1146978752691658e-06,0.03781728771600256,0.9483498957901325,0.08091606769670683,0.00010842963005501134,5.666371653814734e-06,0.00227892441351463,0.000597846570907464,0.00043405334793286514
1494,3.116909040903889e-05,0.003671357094650836,0.0068115727990284885,0.0003709354759819567,0.985825637892771,0.0009402187941878357,1.2078175230650033e-05,0.02921674200877031,0.0025003631962453115
1495,2.159005680502544e-05,0.25038472449718413,0.6210918587595565,0.04284081253544264,0.0004786161816707134,4.069326100570727e-06,0.0563083553508554,0.0002389743157227243,0.0003535783652057376
1496,0.004251131350896294,7.434021378006498e-05,0.0031856274900043968,0.00034196852908418234,0.00648789719708717,0.022705857108958494,0.0006609058803335949,0.0020138873503249407,0.9528245969387182
1497,0.005046055435153884,9.413812677001163e-05,0.00013473887249383006,3.741539127108087e-07,0.028776356273389637,0.0022971992129878025,0.0023199874091818467,0.9969389471677595,0.0007754959814097611
1498,0.0021623729570768744,3.7547760804879875e-05,0.00019043616292219282,3.5775347289690284e-07,0.01404298647778553,0.0012548666856270344,0.001058141533018249,0.9988784723101872,0.0018050770941032473
1499,0.0019436155699607436,2.359259404271994e-06,6.036352588201868e-06,0.0049185942705636055,0.00036941575021937046,0.9987455353003404,0.0011234589168124223,0.0009370023393035977,0.0011133770587600546
1500,0.15622883474628674,0.0004113020169778071,9.816677419706756e-06,7.311631170757389e-06,0.002724619495207186,0.0032936736265876125,0.0056584150118715645,0.718688707525466,0.02913045011954489
1501,0.0012896087211249582,4.4071230126515574e-07,6.670977228409777e-05,0.006997182607132216,0.0001651857008814553,0.9959597111624748,0.003873726529292735,0.0033381805535606774,0.000106063501958238
1502,0.00010233847092620046,0.07815495281586606,0.23692700115544912,0.002688042178113727,0.00038536204301997554,2.6512703710563105e-05,0.2098447635780203,0.0009344050386557277,0.0008407250435096766
1503,0.0022334626950577374,1.1931383466070986e-05,0.0018777887184169134,0.0005035413449705071,4.610895319339339e-06,0.13915489161572417,0.6037588343931174,0.009434248340111123,0.0018398427201664319
1504,4.632482326872679e-06,0.8469889054221081,0.15830966067566674,0.013335210490517299,0.0003108833748958969,2.8055107668289345e-05,0.0014623578241070763,0.0001296267465061549,0.004816275349127465
1505,4.759837555283805e-06,0.5478406125363159,0.6595685910573815,4.023933516976483e-05,0.023122207128819405,4.616106234152585e-06,0.003952256592530776,0.002388795669572296,0.00683999611615577
1506,0.0016081206436622218,3.495599182255333e-07,0.017883820036440526,1.0363205408273619e-07,0.0036283338353666956,0.0008554753608992122,0.006326924473645974,0.9968481480877202,0.01256669262868237
1507,0.0010219936353600477,1.50459223082424e-07,3.78573469902054e-05,0.02192237286244573,0.00019029198826348855,0.9979376329083444,0.0005463846774237969,0.002708738589467918,0.00015266143960345914
1508,0.008945594767738143,1.6780142201949816e-05,0.0004575669118398976,8.522213799791152e-05,0.0002182329010493937,0.9385118380012687,0.009144591485065284,0.011544247725156059,0.0010745373152740534
1509,0.3551268516682194,0.0009822931638239503,4.887838760436917e-06,3.3408637394638805e-06,0.00041444928677779856,0.1059030157053951,0.04929482405889363,0.09516559117299661,0.07822759054633625
1510,3.965181101066071e-05,0.8364099194799712,0.1524581956405834,0.0545409886574687,0.0002900287432589881,8.988267619945479e-06,0.004694432813919197,0.00017874091483973295,0.002353067013195308
1511,9.320499522147516e-05,0.9597174726308955,0.11108926323719932,0.010774757257892762,0.00011380605556391754,0.00013088613038386373,0.012817207162060413,1.301899104013547e-05,0.010303883026090274
1512,0.002570346478704887,5.5639447623436764e-05,0.00017051758726818622,1.4215305743497173e-07,0.029890906794576042,0.0008209503824709314,0.0011385681390988734,0.999360477888909,0.0014241429843406363
1513,0.001504809626610966,2.3900684816787537e-08,0.00017733946072484813,0.017527889921561443,0.00014695368130119074,0.9869130434417892,0.0034510102249532596,0.004775868616098407,0.0005642982558408489
1514,0.09140873201867565,0.003032350621659374,1.0407140313929621e-06,4.787295405044986e-06,0.001515974924410881,0.013234822480968756,0.0036814010314392418,0.8921175677359539,0.008512623214312958
1515,8.032074699375628e-05,0.0002486535014103952,0.3456653271524273,0.060633084078776864,1.2120447341596323e-06,0.0017059892506101682,0.8166096426995835,2.640679248105284e-05,0.0022865299058173892
1516,0.0006934440510788672,9.064592375954484e-06,0.0050229052460716555,2.8767341932459493e-07,0.0026208525989248237,0.00021094801651952758,0.004563072563993064,0.9984774008176559,0.002821326824742954
1517,0.0008577943622600151,1.4975575315336595e-05,0.0008783912043152639,1.803080913174341e-07,0.01826514790564581,0.0017993391375390627,0.0003463830039071126,0.9986907932159191,0.0011200482061626796
1518,0.006392442546618157,2.732231056631244e-06,5.535776390871375e-06,0.002781909925084402,0.0007310338459526463,0.99471696501961,0.009362275726628785,0.00342227315617309,0.00018340893120375934
1519,7.576046781974733e-05,0.003664269000444875,0.25513755219934897,0.044351204642167845,3.6209304028963183e-06,0.0016881620165606164,0.37151723193735015,5.2729267166854594e-05,0.0020573518128579804
1520,1.4266422603854475e-05,0.06448407477513249,0.8640541715251668,0.15977258379569856,0.00023205236667619413,5.505822547395237e-06,0.013325788743704367,0.0002742516911548252,0.0004632332115931403
1521,0.002510008525879939,1.698969045658789e-05,9.321333392405107e-07,0.004463201406615652,0.0014477181834893298,0.9983749607537341,0.00032044840335523797,0.0014078374344622512,0.001615768257321775
1522,1.7712005741668557e-05,0.8937971729701175,0.11005282299789793,0.008230610255841856,0.0001894372993420998,8.568018847376452e-06,0.004788442865052483,0.00018760733078121647,0.03212520136579685
1523,5.2693354842957154e-05,0.10939369451348051,0.004700171077639295,0.0003471826940074712,0.952186093770378,0.00012306076485364714,3.2123112110113846e-05,0.00949465458816082,0.0024796432256067634
1524,6.908934821602337e-06,0.4463697532740858,0.19415772763626438,0.1739157416081407,0.00016006375772767268,2.1970983073803187e-05,0.0023132506451742675,0.00012337435596050637,0.002973606760187487
1525,0.005488967773836322,3.944720686512741e-05,1.962711649935691e-06,0.002647703214018518,0.0006510696285470972,0.8719985274235043,0.0018670496573182799,0.003456612988904984,0.2465363080723572
1526,5.345237555601439e-06,0.0018580267897717788,0.30317948798705874,0.943290051062962,1.079346858125258e-05,0.016555303899629326,0.003939217489686186,1.2882316333239017e-06,0.0017426550095189612
1527,0.00017990868791616655,0.9730539247434454,0.0025838292576581944,0.046727994582677825,0.00010578234656255896,7.686999361769669e-05,0.004087429550450222,2.896071878507295e-05,0.09303615258589709
1528,0.09910037658141821,0.00034201350318772777,9.88898846196766e-06,2.664692291577091e-06,0.0037021634352819885,0.0037828268994138446,0.007349500420433306,0.9128602197786032,0.014882708731141196
1529,1.3422933934182641e-05,0.730927749429647,0.22156334297185803,0.09783003868590147,0.000459732145013984,1.9197659505182856e-05,0.0026138211958792296,0.0001251173848436316,0.0011905536141440128
1530,0.05014628302642192,0.00034109046328832345,6.965829756606623e-06,3.819385879562009e-06,0.0170488392944026,0.001228612777145077,0.004147122703953605,0.9700409814906799,0.005010135838730197
1531,0.0003643845120949558,0.96896809222093,0.0043359832294175,0.035530054496623414,0.0001583302837181893,4.19290897469971e-06,0.00236694376926865,0.0005452543373187588,0.02361411398291053
1532,0.0013319243775183807,6.938488457216932e-06,2.050325224649065e-06,0.004366736242474067,0.00039239530677102164,0.9986914700820808,0.0008315422098797071,0.0005938862161527279,0.0020480267834709505
1533,0.002281230423882478,0.0109568715663,0.0021141677729432156,0.00040247081015038464,5.811227007876166e-07,0.002625512716889153,0.9870991279617718,0.000487981107211087,0.0013433883311352215
1534,1.7017933928721396e-05,0.5938437121295825,0.2816575976848158,0.09892447727152605,0.0011556752362662044,6.4526996989201866e-06,0.004590090060071736,0.0008389636148793333,0.00018856419990839047
1535,0.005280661565671131,4.3197329691648765e-07,0.018279700056564475,3.0125379290127653e-07,0.0007914801348388363,0.005788339323496579,0.020781947485218097,0.9576497304954008,0.034205795199616834
1536,0.0028148363777591454,6.134758669001502e-05,0.005687859871601538,1.2470635503427074e-07,0.006493327808358367,0.002202836610411521,0.0026060973353851345,0.697988668548421,0.04786705311182243
1537,7.066706721029737e-05,0.007108083767920239,0.0016229110777559266,0.00021433893319789893,0.9942576781322291,0.0013319961288865017,3.094366997654815e-06,0.0226049746718908,0.004979339191207217
1538,7.053982666567013e-07,0.22122563464312298,0.6920937158713016,0.0009041014487079639,0.03496289543828148,2.086750182209446e-06,0.0030056600104130427,0.012810867426084454,0.00037594972817422875
1539,6.054241330338923e-06,0.993630958820754,0.004932243504249791,0.02332603496978285,0.0009293787542657045,3.64048869117097e-05,0.003015159615347466,0.00023626557955700754,0.0010089216648252214
1540,0.0045258838794814075,2.706307258359128e-05,0.019866183981600345,3.2487042849734894e-07,0.03590611091089851,0.0020416949564433626,0.00035457860254562947,0.18095629487862575,0.9466534667676485
1541,0.9525356439496523,0.009835074583319246,1.0613961675329742e-06,1.3549782526376494e-06,0.0017104729685352852,0.08284109447159729,0.008008564397897933,0.008702533239799831,0.04477888215725036
1542,0.01736332517485079,0.005488053558327719,0.0008163549843096402,5.2179526774711765e-05,0.011752079201934629,0.023128470186814232,0.00017161370220414724,0.0013153341953793746,0.9747189557321247
1543,0.006190106667451016,4.972734003815164e-06,0.02788363230928171,1.3392020967962947e-07,0.0008618156916398842,0.0010900742507054901,0.057693343554662394,0.8212593204239139,0.05707453255108619
1544,5.604624649135434e-05,0.9235674825536522,0.13351357964659819,0.026288122455077466,8.433417137885772e-05,2.1779702318252484e-05,0.004098179368826948,0.00010506993303240044,0.0012374996222299834
1545,0.0011724860460969816,1.0989550282155807e-07,6.0243329205545066e-05,0.014380455837466213,0.00015388562232484466,0.9964335711667042,0.0017946925868101554,0.0025508808724441566,0.0002001658705689246
1546,6.263520750451717e-06,0.06166623115725792,0.021022286184831616,0.8640984253105786,2.8722035475132865e-05,0.009970225222266151,0.0015967938469246435,6.792633455001218e-06,0.0013163222402797297
1547,0.0033482322936010667,0.04993551595840546,0.002901750929058099,1.0618170752103123e-05,0.016490299996216966,0.001663530552891629,3.946823403943185e-05,0.0030742649521771012,0.9471263116654897
1548,0.010817581043030865,0.004539942296365268,5.908131757106546e-06,3.864492195493134e-07,0.2880913486077408,0.006497112592474046,0.0013839000573651137,0.9879218948475849,6.453677187655388e-05
1549,0.004988970661990306,0.0007246252328162189,0.013200292216375953,8.06257088156891e-06,0.020177319912493354,0.15356584018427033,0.00043228214254878607,0.0011109632609638729,0.4243318447031601
1550,5.614565479794484e-06,0.4735070705817716,0.4099517793248765,0.15071192230154506,0.00031499589083198884,1.025102908502096e-05,0.002573498031961593,0.0006094591553338094,0.00019487779371698774
1551,1.0911192668265834e-05,0.3631963152308891,0.4676238718969666,0.1688344713874493,0.0004298723725843091,6.078850522886065e-06,0.0040963125144510525,0.0007093124520728372,0.0002140565025299196
1552,0.0011465271006435734,1.5749518839973707e-07,4.0221617058416055e-05,0.0205942862361068,0.0001377311257746525,0.9975613613454956,0.0007393726150072533,0.004123641321219522,0.0002038993644062011
1553,0.020366250626169626,0.0005730260337869802,5.076294982612614e-05,2.0651575233407469e-07,0.0024528342181628685,0.015553951452445414,0.0021125835434056867,0.7467930927758378,0.18631738566387862
1554,0.011538858830000553,0.004763436718554135,0.025317502444787893,2.358097005527653e-05,3.021461743986404e-07,6.425933050633348e-05,0.9993717790311232,0.020019247743599103,0.012691721296376687
1555,0.42409413155515574,0.0004915539091222298,1.8149267020549953e-05,8.21854976106215e-07,0.0011282222694298284,0.03789139020081856,0.18774205051459464,0.428563054769933,0.046968794289546534
1556,0.0015518983315254676,1.374520492292129e-06,4.433052495203376e-06,0.012200542260612004,0.00042035344210703706,0.9983284843281315,0.0004132658528994574,0.002055098859969011,0.0003365744513641948
1557,4.784537799000391e-06,0.24511202299684157,0.7878626128468063,0.0068584018333365205,0.00027702019624860835,1.5201767063832571e-05,0.0012478231135485587,0.00016047098737050465,0.013209794976924311
1558,4.371959714089275e-05,0.0164176889348055,0.9815084273106629,0.03962033525891797,1.0759922172970693e-05,0.0001243753536160765,0.11679296362817058,1.0632388096370137e-05,0.008575704988481217
1559,9.644071641220866e-05,0.246481360383052,0.635856119800468,0.0004703379596317195,0.0016329597591445233,1.061571533424224e-05,0.016656499479685512,0.0007918406855012237,0.011841879845154142
1560,3.731967667713214e-06,0.24817651669196747,0.7305125940732567,0.026637778823938817,0.0004248411953955751,5.452949082174543e-06,0.004360709375834347,0.0009480861416407054,0.0003344792655299026
1561,2.0940431981279134e-06,0.00032825349638629966,0.27032738790417743,0.9778289847346663,1.826835346354079e-05,0.006302460991672688,0.0018540770317560617,3.3038711025206506e-06,0.0007668020292134906
1562,0.0008256440683875795,0.012913475922813878,0.025615717313261826,1.5231578506352652e-05,0.009083681062904731,0.0004282527501918818,0.03175638268270542,0.0740082004907765,0.0016183198843090936
1563,4.679109469997711e-05,0.8901409577841154,0.06040929569416274,0.054599824201610206,0.002452167611590996,1.2041758571257972e-05,0.006277640738175227,0.00023877380784783484,0.00039278090595661194
1564,2.4323667315245824e-05,0.1307358749331618,0.050867147759436626,0.00041921641026984455,0.03005366762912833,0.00042603613241855184,0.00247130346994558,0.001979260695350659,0.012882489427241642
1565,2.452568915056314e-05,0.5041278167779346,0.37433635446350183,0.11643071659052366,0.0009442452270863612,8.214870338465687e-06,0.005357496818270003,0.00046471627431712685,0.000195630307122176
1566,5.135048634158351e-05,0.9815961373411086,0.03750365519402132,0.001194420184992722,0.0019527673614784876,0.00016584705702791188,0.02014656894351785,9.354557360726904e-05,0.0069220965939344
1567,0.01756657287383056,1.5256063375612895e-05,0.00041796301181843754,3.3294654253644e-07,0.008730461538803917,0.0023849739740683033,0.0224027653703237,0.9883113310169016,0.008532066541650628
1568,0.0019659213041293352,2.307960520491649e-06,1.55765985593043e-05,0.006227929741608784,0.0005128084088354162,0.9976363856809765,0.0009528191679674103,0.0006424118141046669,0.0021545023199453475
1569,1.8031720021057104e-05,0.9659549331753756,0.026346532967308475,0.05377290586529149,0.00016152477865911266,0.00017479199334528354,0.0031327563630464002,2.5463284064345112e-05,0.006674197981155848
1570,0.014200135648697989,8.32748612261859e-05,0.04555866999813459,2.102666508346805e-06,0.00011530025819624911,0.00015485319199686184,0.6683700687917807,0.513091340609553,0.0021371451367208664
1571,4.6199553054974555e-06,0.07591023012370514,0.506002919627071,0.4720278737908773,5.524763623596863e-05,4.816777548336028e-05,0.003663488180194139,0.00014525669303060883,0.0003666832713754651
1572,0.008077152463900363,0.0004589269800583786,2.1066805981342167e-05,1.0745746414928775e-06,0.04277358200998936,0.0019396233960687589,0.0018656559853920181,0.9971735863983744,0.0005399776827536793
1573,8.673310319345968e-06,0.22637265822423241,0.7153624631194576,0.0008108194614719013,0.007928354257967372,1.527744036306154e-05,0.02997150803335019,0.0033008504990403903,0.00041194511473175354
1574,0.005159357527817325,0.0017981294176785984,0.02868260920221019,2.5550518631403937e-05,3.558381424868962e-06,0.002140982232359045,0.9797074569756602,0.010762978505622406,0.0009005016985510778
1575,0.0009213164725629837,1.230873870673572e-07,3.940518931880925e-05,0.025316597181624753,0.00017609108508930427,0.9975129240763775,0.0005051026307299143,0.0031957052134679704,0.00019587361514897424
1576,4.816936617457542e-05,0.5068828293574796,0.14263806813682023,0.13503197539095674,8.26756605597072e-05,0.00019315816190601458,0.004329607096434831,1.3701353314616203e-05,0.007941859302137125
1577,0.01401040066975223,0.003632074611752524,0.006401661115460913,5.4116261676965835e-06,0.010461140622868887,0.007972505593853022,4.735256545252375e-05,0.0009674456446850564,0.9947806065614181
1578,0.0018272470924843311,4.889268654901664e-06,3.3389657114580245e-06,0.004097149324763122,0.0004408134059035642,0.9990358033479254,0.0009375866825067622,0.0007691711483416682,0.0011926456211001832
1579,0.0007980624876752113,9.575442425935424e-05,0.042331812153501326,5.823039271167523e-06,0.010733463863047,0.003558764473126392,0.00024314457462118523,0.00948709438055879,0.9876328702542413
1580,0.0034161112409001903,8.814834702034328e-05,8.302159348588644e-05,1.213675253856311e-06,0.02061647048982422,0.0016638922696637828,0.0019319612932643991,0.9968197928925792,0.0007094840180874332
1581,4.9104673217349756e-05,0.9357149496883894,0.07980595745247178,0.022776089174775478,8.849213420266801e-05,0.00013874898582749563,0.00923274687886611,1.3840106738544637e-05,0.02435392199665605
1582,0.0003306385273541666,0.9951871666082944,0.0006694826008575438,0.024034522418938047,0.000140651764856346,7.4702851667816505e-06,0.00297723581515357,0.0002762087557847976,0.06528507681923958
1583,0.000170036401781604,0.7500107865732678,0.33014301225330284,0.005497300647280992,0.00022126399241253575,0.00010978551511591296,0.020590205674187168,0.0001496814692441676,0.001356190355486377
1584,7.037159935773355e-05,0.4588744242983301,0.2999294587200045,0.0002311612531513319,0.004828305971034425,8.409930752731173e-06,0.03793260706878696,0.006839776741420439,0.0006013176490572297
1585,0.057487039282991495,0.002427105539569396,1.1281156426052241e-06,3.9114383004343056e-05,0.0033168342998384443,0.01790759116877338,0.0009147356610621182,0.9197134395484154,0.001311839591598306
1586,2.9035162490998032e-05,0.9891845652562358,0.0029976878259187372,0.030099728695736454,0.00026957855365218966,6.548291367663676e-06,0.0037877025232692565,0.0009003086258278388,0.028802977323569776
1587,0.0004933004522535019,0.015678774143924372,0.06923827768520291,4.339369148559762e-05,2.6130146126370446e-05,0.0005065551227723721,0.9499757379458216,0.01202529300105232,0.00010305523973300475
1588,0.001122523196994383,3.8611404413207193e-07,1.587090011516251e-05,0.017104221529946083,0.00021868193543564328,0.9982097298692008,0.00048490425252513555,0.0026632305287020955,0.00020849037574077902
1589,1.9046965550674535e-06,0.3420721106345128,0.43243160153759275,0.007335217347292908,0.03908793163759169,2.1529663874488285e-06,0.003685550432230085,0.015884360430072405,0.00010279777674148017
1590,0.00046526908217426043,0.020543556955897074,0.4831284212505384,3.1535731895659945e-05,0.00022895428493309366,9.734756296261491e-06,0.010021139123206704,0.005008736969960952,0.34031025001031606
1591,1.180374170272616e-05,0.1551852875131927,0.7595210332332843,0.09329344018983339,0.0002384335042971759,4.502811580196956e-06,0.024657973057590224,0.00028026049679752624,0.0003217612059925286
1592,6.14095916688851e-05,0.44140325704405126,0.49548385804146133,0.03977868728886517,3.235884655254423e-05,8.214937369624208e-05,0.01584748174827243,3.107388989517271e-05,0.00458460362174064
1593,0.001169019441992884,1.2573076380430767e-07,4.716619682945086e-05,0.023705060819367768,0.0001484174158110801,0.9974033272528037,0.0006035191188548105,0.003964683957353571,0.00023115685295591352
1594,3.7752820536678487e-06,0.0003188907325634906,0.23926772708853342,0.9692457882297798,5.4651725050681565e-05,0.003073771568003938,0.0012392831564646061,5.869497055278305e-06,0.002300051150866076
1595,9.83926935053482e-06,0.8194915776125768,0.12458274423869896,0.051571310597955826,0.00030302268629160066,2.178760491535064e-05,0.002545305368547126,6.143406719529637e-05,0.0062359640774649495
1596,4.141785808957092e-06,0.009561546663191091,0.08912182165374628,0.9524303304181114,2.6936333874852317e-05,0.005373137186195175,0.0020538643749127027,3.1288006112772117e-06,0.000890586263168776
1597,0.09150665354735624,0.00023073683650693606,1.004445945886737e-05,5.693519892157511e-06,0.0010181202071253843,0.004974865682846947,0.013926732217803717,0.8215115222570223,0.023292555219925515
1598,5.336928004055136e-05,0.15439163708193607,0.0047597442791713455,0.00033457434565935034,0.9222732377463676,6.435430937500925e-05,4.7350024969964985e-05,0.010374297059759533,0.0023555210311326136
1599,1.4476501010622754e-05,0.015652358488340474,0.9436329851354238,0.08494144309962137,1.02192443753472e-05,4.76496156879555e-05,0.10384716290984893,1.5227532784223552e-05,0.007839299697913148
1600,0.0002839825918848027,0.0015497745615878132,0.0010671021504028786,0.0008933068442562434,4.611378821159527e-06,0.10533181711661481,0.253893598662013,0.0005311917517776686,0.002198898496150506
1601,5.095861198842714e-06,0.9473872353357395,0.04813250815315285,0.026940282342600954,0.0006454598423329483,1.6629127215810466e-05,0.0031306421074655333,0.00039656936693233395,0.0005745022372652618
1602,1.87601112947878e-05,0.43720439918711407,0.47690073256035603,0.07928830032255954,0.0005466954788957321,9.577790116885401e-06,0.012414824579018671,0.00031274364856631625,0.00019386381195664172
1603,2.6931939411402795e-06,0.8508096778231902,0.2744179368953786,0.0027080477191304643,0.00034490521542887987,1.2206303017541765e-05,0.0014380537449647005,0.00042724630732038534,0.007742965215415841
1604,0.009119869715726599,8.933641430290336e-06,0.0006105762792888561,2.7220212034824084e-07,0.0036848666508805398,0.0012497184232343548,0.010885887689946161,0.9892131833183998,0.015467375815860563
1605,1.3276135111063812e-06,0.09119919328645382,0.4919261301459327,0.22932669122273996,0.00011696280936580525,4.353204207871183e-05,0.0007231115682712091,0.0001824869732054918,0.0007488871840932911
1606,0.0018909764478939528,0.05405774665654062,0.037276403385080564,0.00035695897032161857,1.8186962035255104e-06,0.0002062435467418754,0.935469322225311,0.0013427952975793992,0.010807688190043886
1607,0.0030383438111338842,7.334281531396634e-06,6.233474072848433e-05,0.0012527157007555935,0.0009415670340829751,0.9924516061821567,0.0008895574781875599,0.0014375042730105385,0.0017497122783571063
1608,1.1699482977571463e-05,0.26417408296756634,0.5547285554867091,0.12181964124773553,2.6029881180174066e-05,7.557206000187757e-05,0.020576435117124044,5.183606031026894e-05,0.0011683251555246064
1609,0.07197586034129132,0.050323725857533315,1.9063689287100977e-07,9.625812630973658e-06,0.004835426973852605,0.03583827197567245,0.0007130531216752562,0.8732772271621421,0.002559161607573809
1610,0.10045524718145055,0.11795023858517067,8.952681875714059e-08,5.680862650670304e-06,0.011405657019993324,0.034059587661623536,0.00045016014548906406,0.7585187661533477,0.006088979090832029
1611,0.0173341129071202,3.379290862014739e-05,7.865081082422954e-05,8.123996969535408e-07,0.017445593068797442,0.0011645650438033414,0.007811912062625433,0.991322794513356,0.00664058692196983
1612,2.2105347894899208e-05,0.6141427365485641,0.3616035563919116,0.000918196062648605,0.005822356932036832,1.5860672115940713e-05,0.013125980065691023,0.001582011210488418,0.0006556031047003311
1613,0.0018723887764672824,2.151415008004327e-06,8.815755553231633e-06,0.0062705992970380235,0.0006160652672402196,0.9982907636433431,0.0005476485832830752,0.002280409448276886,0.000414368075301978
1614,1.1570265565532824e-05,0.8446809418259432,0.13399918237720795,0.0010790298915067252,0.023636978497261877,5.832505680559131e-06,0.0043973232876833275,0.008218656581335188,0.00014941388048650737
1615,0.0008472813879870086,3.520842561242733e-07,1.7825157052391104e-05,0.017303567275258856,0.00016847480941843592,0.998401801367822,0.00047409137202481346,0.002248114285537014,0.00021639151748713845
1616,0.002853028006529725,0.00010824264078700467,0.0001040732717495919,1.2397352999319204e-07,0.039813398165565686,0.0010456068117836637,0.001395095703359131,0.9990952063031461,0.0009827036554923608
1617,9.962983641375746e-06,0.7367308977455402,0.2587742448468346,0.0019150059164016848,0.00718846824681487,1.1930477224065689e-05,0.021092042872334293,0.005459804724924938,0.00012724244893872865
1618,0.014226152450587934,6.262758420796988e-05,0.00021943431071031087,1.856297239636716e-07,0.010344745673447179,0.08650401029029586,0.008705515590039918,0.8572856365324965,0.015614546635284015
1619,0.09736600768048077,0.00026457358139398037,1.1255922127923676e-05,2.0410085365415006e-06,0.004990525126629559,0.004742773252008298,0.00735004875561297,0.9216975248470303,0.01581957294598017
1620,1.1757179896291343e-05,0.36981836183180655,0.4534661756078917,0.10630145509244884,2.630229206444711e-05,4.0154551601735075e-05,0.023326430711456656,6.070662231532216e-05,0.001255345352016256
1621,0.004720664972984968,8.41176166433473e-05,0.0002315760184333076,3.0128203154834582e-05,0.0028504878671340977,0.14788024848587586,0.0001677672023161333,0.005673494271320788,0.9171452892779755
1622,0.0013636478196093504,2.2818310577236827e-07,6.73250472371935e-05,0.009313351513714957,0.00019772822314071125,0.9981391475890435,0.001519043449289168,0.0038721741635727924,0.00010046711111630222
1623,0.002968357728877771,6.615534403467553e-06,0.0015005382119865924,1.2764995790105945e-07,0.011301327726755817,0.0007856847666950996,0.0018014580193935492,0.9981145769605719,0.007274349094488914
1624,1.2120262924595122e-05,0.7599187761194097,0.2099387759677964,0.014475636937904149,0.0010904689638167914,6.9361621247947465e-06,0.03583935483205869,0.0006895461514604685,0.00015622875959860245
1625,2.970272019152281e-05,0.3286989333642812,0.061186588926720506,0.00032566131963836345,0.03575090496911543,0.0006250825429831943,0.0044996914125639675,0.0006502318012063015,0.010006065765887038
1626,4.353337555311493e-05,0.6591710131419862,0.19077629502801716,0.061599620840158825,0.002725167636554152,1.0320716163976698e-05,0.008948562099611698,0.00032940116885604747,0.00016168593288245795
1627,4.189510333508298e-05,0.2884595829456747,0.22113846727659991,0.1812072510997033,5.398600424158618e-05,0.00023076224884989308,0.005622920938156382,1.3746888285396279e-05,0.006835909713878783
1628,0.0017388253799848514,2.6798715532574366e-06,6.845356638962841e-06,0.003956961462875042,0.00029398968003874833,0.9980752502923922,0.0024924376974456795,0.0005539768198987278,0.0014655306539997834
1629,0.0019485978931804231,5.004986101190142e-07,2.030578834809772e-05,0.00670693374034653,0.0002208842406431708,0.9978132308231056,0.0016257546051180437,0.0021936435338562057,0.0006673061318629161
1630,0.9913653944342535,0.013125230380208054,8.493022337391543e-07,1.2041131692085233e-06,0.003624382937510581,0.018587562353393185,0.015189538888522524,0.008797034785388453,0.01206805424980231
1631,3.7138745306102765e-06,0.9710577406695466,0.04998542721754768,0.005001023735047196,0.0007298452508536879,2.3531305261424735e-05,0.004525712445524755,0.0003207721908855485,0.0030183217497649142
1632,1.0962554776860204e-05,0.00016670974520238764,0.7197329743074432,0.8982995618419934,5.727089909556193e-05,0.0023559088608821176,0.00232689084403547,6.171321605603055e-06,0.002525677364360481
1633,1.0501258222002688e-05,0.9970077323808271,0.0033279856067675467,0.008193102977709893,0.0021056801501724313,4.806469903342377e-05,0.002201477802523789,0.00020794466299039655,0.0018310393781897887
1634,3.8299943447588235e-05,0.9838721952356264,0.010494744264559487,0.05002884848779877,0.004129643032336637,1.5735296064242683e-05,0.002657460206559478,0.00013753528197181012,0.0007458394033244196
1635,0.002371756346192164,3.358357212770437e-07,6.280563571784686e-05,0.006239468407441758,0.0003370288386312824,0.9977314968377021,0.001574325076981781,0.0013893375353714959,0.0006100207083287964
1636,0.007609925553135395,7.803308217568252e-07,0.05213412121144085,8.667595831816103e-08,0.0016462530760250962,0.002858312906353446,0.03641058510616606,0.8605810118010749,0.11958828977982114
1637,0.002697924681502983,0.010244003655116782,0.005524044914013134,0.0002472700766615701,5.21976054688636e-07,0.0012659094415434554,0.9893784280127158,0.0010595534969348936,0.0015118328561800555
1638,0.9658230966165879,0.002119310681787359,5.618616670601583e-06,1.7894330704320563e-06,0.0009590207951577505,0.011617202644702123,0.036053778834447825,0.02410669263361826,0.012058814819560894
1639,0.001180897305604589,3.42326528014099e-05,0.00022297098452332123,1.7599108900688011e-07,0.02000915823019354,0.0009843368072038913,0.0005525111049235667,0.9993993580642988,0.0013308663600493883
1640,0.019989890974829,6.364210511945879e-05,6.0198021638469366e-05,7.040498986897743e-07,0.013428831462805598,0.002558942458705445,0.006396859107813041,0.9902437601870309,0.00741101908817625
1641,1.218410726210576e-05,0.5768330881567392,0.32303925957830115,0.11632318302834492,0.0005283076195841293,1.1132841715669569e-05,0.003157705716876621,0.0002390916474848396,0.000554546928994171
1642,0.0014004572298058034,0.007745021343927486,0.0009947621373757709,2.870218866148584e-05,0.00013540446381453544,0.0008303773053136025,0.2606312340087207,0.6942189333181064,0.00024864023656359424
1643,0.0034015677068743853,5.594232879958449e-06,0.0010746530783878308,1.4482572686411444e-07,0.003176248693048323,0.0007678043485197822,0.00317219480183813,0.9954718003383721,0.01329139497403886
1644,4.967353508001092e-05,0.9869537980546125,0.013868506513913106,0.005217801449428149,0.0012937342852155566,9.484176317344922e-05,0.013641593377063381,0.00043043613068318505,0.0008469063885931616
1645,0.018981386972185297,0.00043452438262651764,0.006344558639248475,2.5704360957115493e-06,0.011061133639274603,0.005697496116921189,0.0001580457996602415,0.0033769117777390713,0.9931074096051432
1646,0.002609275284713225,5.759314445548542e-06,1.0733507025431025e-05,0.0040305905437592725,0.0001629726599884873,0.9947348023730251,0.006952830826214778,0.0006340713195850052,0.001342747609171691
1647,5.239935188211984e-05,0.03751396470396627,0.004137598387667584,0.0002078730662804607,0.962253240204101,0.0002797699638710089,2.2751666893862263e-05,0.0183956813424272,0.00287385500757759
1648,0.002064502195269448,1.2505236243749991e-06,1.2589650605766077e-05,0.006191571453853238,0.0005288410587261942,0.9988112360224606,0.0006966112268732386,0.0010315816766029362,0.0007357925281018501
1649,8.345055840235998e-05,0.9169117183658089,0.13146093601955433,0.01466961432134522,5.7991501181460856e-05,0.00028374896156148973,0.01132881068427021,5.608160304224688e-06,0.026579097847784654
1650,0.007659429518040915,1.4308247084763761e-05,0.0006881776705918153,1.1563755229737778e-07,0.024892817936019145,0.0009825774265568102,0.00199968019867652,0.9610516852979921,0.1900805248898933
1651,0.19517651755159027,0.0002749639856063207,1.677575406783006e-05,2.7895063954335565e-06,0.001186952266049314,0.011186227311081546,0.00803598085322314,0.7584175977768333,0.03905801546872288
1652,0.0013515810842341062,1.3004718771722307e-07,9.856196690040922e-05,0.009503442821550965,0.00010897682865125869,0.9973224744516581,0.0030200636695863503,0.0024264328584779034,0.00023058583424100075
1653,6.379442321494072e-05,0.006101752572634957,0.8186637532569316,0.021040399055767683,2.8027164547699102e-06,0.0005767763670246797,0.46107591339437987,1.5641067628409815e-05,0.005203974104589376
1654,0.0004362349324472793,0.9609927653461323,0.004113981710267632,0.041643105300392565,0.00011226965011172641,1.3608168702513174e-05,0.00261689195386331,0.00016470333792299578,0.03809954407568056
1655,0.004725816495423001,3.737899026553166e-08,2.8244659163046116e-05,0.036587449943383206,0.00035770603471492956,0.8616339543617639,0.002326498264184963,0.07267459604537571,0.002962360880436778
1656,2.900930207991998e-05,0.0007940370975206051,0.6077076974149426,0.0094769404718433,0.0008566209237664721,2.6454656934209645e-05,0.0009066600384463249,0.014933017244729788,0.013955028207895818
1657,0.033768205991020206,0.13819193807072797,0.00016608435024963178,8.47824999965521e-05,0.0034404598758585796,0.002290237746027392,0.002922338411109674,0.003422713891004425,0.20737471839207738
1658,3.733459389694947e-05,0.004164500313797724,0.0066456849008005294,0.000411227499984695,0.9902443135860394,0.0008825101650088897,8.582229607847477e-06,0.022087935335933243,0.002717454423328092
1659,0.0010343205803689662,9.595768979419134e-07,9.799608337633349e-06,0.008848504572156234,0.0002080091653181698,0.9983777196312439,0.0009661572081840253,0.0012053599278955694,0.00043082043738470327
1660,0.00020077439615906015,8.787109115850064e-05,0.0019762022430186974,0.13974098761266474,7.367940849683431e-07,0.1230737574797891,0.4150270533496564,0.00039483871851832275,6.672625491896987e-05
1661,0.0004174816969790336,0.0030183314417121182,0.0004392605203670901,4.268288385156664e-05,0.9033554252095196,0.003516887074737485,4.928933945422332e-06,0.4554359459517458,0.00029333546242243713
1662,0.0012660681618701388,2.6319976610270833e-07,2.0374977673207988e-05,0.019163786038045336,0.00022903417944590424,0.9978915088099561,0.0005096968672828788,0.0035362656841102717,0.00021708298419402929
1663,0.43676668636070254,0.012569150965404565,5.06573678172121e-07,3.478605314638969e-06,0.008044623777085964,0.0031143232149903385,0.0030624165225107917,0.7612883241600267,0.0036275160270595693
1664,0.013717163246842821,0.002185887147631594,0.0049686246619701025,0.0002453212127431297,0.004570906933236744,0.008489982340900105,0.0008650936714165572,0.0006724636043643316,0.9250152214072112
1665,1.3522937016353597e-05,0.27252186250065996,0.2109990487709896,0.29359452069263764,3.388531239798558e-05,0.0004976768931299438,0.005685044619564747,1.683231142427962e-05,0.001361154872371856
1666,1.1382113093932896e-05,0.7699772516879648,0.1839355251067039,0.0010462223857176894,0.015390839379456761,1.0032754393286482e-05,0.006092861903516936,0.006876159412551211,0.0002115210072855383
1667,0.0013234179020210467,2.750584610475163e-06,1.5071629658257077e-05,0.007955111881705416,0.0006937537098968879,0.9981104483727911,0.0007056134331830853,0.0004918892319421427,0.0013882845320284803
1668,6.8903741729353175e-06,0.847123591965274,0.023389002551214438,0.05273563575822582,0.0003764402739802701,3.1439768094638736e-05,0.000922813524445286,0.00024222087311435978,0.008350888095500688
1669,1.8342403069082265e-06,0.05625891232161988,0.12155157197751253,0.8283668917837453,9.158088222082642e-05,0.00017356754072076202,0.0007717911697477461,5.3511875131717306e-05,0.00047603914070764555
1670,0.07832042115187209,5.772102151969161e-05,1.0296015405810048e-06,8.04523537702588e-05,0.00037027250833024015,0.26595792460566825,0.00453647454913079,0.27351277962624554,0.020990506624668864
1671,5.2146316322549594e-05,0.008153801877221601,0.002609822095740943,0.000255072234613173,0.9911228434932614,0.0008413022046919242,6.132695820957152e-06,0.02005214751563657,0.004379954439207686
1672,0.04543471346750262,9.124232568559165e-05,6.512354936191424e-05,2.8566120410158715e-06,0.016519387610590585,0.006436232134759816,0.004166548783535994,0.867963319764714,0.017152610021850957
1673,0.025950449394452745,7.59314275993301e-06,0.0008865240272630058,4.0134389795374905e-08,0.004666565154259156,0.009537169266897114,0.003878137989457636,0.8644982793477503,0.41596389388118093
1674,0.0441946112421843,1.552045961652763e-05,0.000244605439472024,2.5377456966163573e-07,0.004171326481550507,0.010573851182680555,0.011298243285445698,0.9523798527922567,0.04516906213858686
1675,1.1361923222833967e-05,0.8735418392075912,0.29208071878430686,3.568555580130569e-05,0.04981779201699125,2.2154008036086606e-06,0.0019238230294225675,0.002271202636867372,0.0035215456991732805
1676,0.001143838575010265,1.0399488343897708e-06,7.225902620850676e-06,0.02253394419043477,0.0009424467698051425,0.9943212524600789,0.00024114346010408643,0.018551620918992227,5.0845153332859314e-05
1677,0.006587817565252768,2.511174612572093e-06,1.6763006758837306e-06,0.0035046785699859567,0.00019425301230170476,0.9824711058358433,0.009215659621466504,0.015128978786068765,0.005788652909480679
1678,0.7804179923044996,0.015679995416030525,2.7559286615951826e-05,4.339955815653797e-06,5.81320052559294e-05,0.0030863077086135692,0.6196802070991363,0.006020595284907424,0.010279458302371683
1679,4.5195890550544436e-06,0.9789931659463187,0.017844680401582765,0.021737232862225474,0.0007655979143059693,2.1345151727002276e-05,0.001832515985942021,0.00022972818052876558,0.0017902243339264017
1680,0.002112212173548229,4.362608507613849e-07,0.00017138303112337574,0.0055807757299664385,0.0003478722515400627,0.9961361079363599,0.0012605301606450914,0.0019176583625158518,0.0004071512103258643
1681,2.4546397336077233e-05,0.18278760755849482,0.7270301636698264,0.07702384259162866,0.0012487338008327605,8.042789912251052e-06,0.009011056949226447,0.00032107189166928515,0.00018649791075101664
1682,0.10800821216543133,0.010765503063356349,6.614943430277566e-07,1.0946552044657982e-05,0.005436742587979849,0.013198653923138718,0.0009665405766883619,0.8969506231290808,0.003220626383900632
1683,0.0011261280416677698,7.900785475301649e-06,1.112630933615947e-06,0.004711854839050604,0.00037612031123308154,0.9988382505806704,0.0006603230333069712,0.0006554872324349675,0.0014231298101200192
1684,0.002183012018040885,7.381691115981689e-06,1.0126363862858848e-06,0.0049939508084999905,0.0004900854636181106,0.9980456497524363,0.0010689293320411855,0.001820416924459108,0.0008162843269753041
1685,0.003237746028964831,1.0128175809901613e-06,5.818037853899828e-06,0.011435289127522221,0.0013226513886005933,0.9982448587717905,0.0005005647831504624,0.003832518031893065,8.60930519538105e-05
1686,2.317665438585701e-06,0.984772610032696,0.01335321544337837,0.0047948428715215135,0.010317956367785453,9.946883892418489e-06,0.0019518181524360698,0.0020113815186347836,0.00040989507156654074
1687,4.904026097022146e-05,0.9862322983980937,0.011089052385295527,0.02873775270954089,0.0002838363709981081,1.6226302976162815e-05,0.0029640806987189963,0.00013123529936961251,0.016485803088676934
1688,1.20000119433837e-06,0.6034245767081623,0.39514504272637674,0.0007413974440704737,0.043330357326872085,2.8143420754738478e-06,0.001901513071314438,0.008333846941908231,0.0006628899391326225
1689,9.248671915761511e-05,0.5507217377909919,0.2375836545393515,0.0040397165582733196,4.1124253697659975e-05,5.6498546165839294e-05,0.05957756331083986,0.0004445802382656519,0.0005242819705877003
1690,1.8237036123755624e-05,0.5583976027564969,0.31142084491480393,0.08570035216077486,0.0008354436158085474,7.672396477557086e-06,0.004371186945445978,0.00040357743271484883,0.0006241162535151854
1691,0.0018264926281046478,1.0834638294269557e-07,0.00013444621770385826,0.010482810543121552,0.00021022386672240773,0.998335151048091,0.001595074060423473,0.0019985782767171093,0.0002197526899435312
1692,8.24117150089152e-06,0.37320442556084304,0.47989232216725486,0.09748198143189517,0.00013295807238580262,1.1079787877293414e-05,0.01568332909673993,0.000222662182039903,0.0003761713090273784
1693,0.008083153843543262,0.006113918145889816,0.009087991014955126,0.0001479030459526413,3.844774560615323e-07,0.00032167831174560794,0.9968762322697693,0.002951359643587624,0.002024968474585059
1694,5.296548551347443e-06,0.5204105725751371,0.5213091106107238,0.04717005696956403,3.3607349083945525e-05,2.2390033599180276e-05,0.024606984495351075,0.0001861850346033512,0.0005396980628320466
1695,0.011793620983857608,0.00028606178574270603,1.878253873665438e-05,5.975610223438466e-07,0.03825358208488034,0.0010990163902690493,0.003944546659779701,0.9981221393027687,0.001637392492324032
1696,9.068652825709822e-06,0.272150262747412,0.5095464931128788,0.16596983695617945,3.5182361970187686e-05,0.00013051840974874566,0.012440374701425519,6.831615985673943e-05,0.0005076804507440903
1697,0.0013318465109751036,3.5283628873615616e-06,2.117537510908041e-06,0.009142022562414096,0.00039338671225198506,0.9987362478853344,0.00030761567757116943,0.001353448892496447,0.0009236527258748215
1698,0.0396351061108666,0.00031563476514050355,0.0022529417960390724,1.5944682797483794e-06,5.895028818831433e-05,0.00046738882435367197,0.7166699947309052,0.3875604727972569,0.03734315167100718
1699,9.93922744863189e-06,0.41290912548600306,0.4507551078247351,0.0007255373265087372,0.01813573685245429,1.421636076321424e-05,0.009963256856437685,0.004455268225315695,0.0002790124379807584
1700,5.423090984505974e-06,0.4721871478996561,0.2589916150068783,0.08088539217514984,8.436446757684079e-05,3.9540547105189194e-05,0.007146138103122479,0.00014746839050596152,0.0013882291112865118
1701,0.0072871922637872295,0.0013136837055495658,0.007174864179058976,9.905682690067456e-06,0.01074144619713042,0.0083671813647769,7.445758069588617e-05,0.0010259710463959787,0.9942583339478186
1702,1.4547190930981518e-05,0.6624489991526639,0.17783212111102104,0.050514681424240496,0.00210190352358844,4.17107304157658e-06,0.007377724785982874,0.0014614583466889578,0.0001610267170990462
1703,0.0011553108842837394,3.126747043977552e-07,2.4645154427535862e-05,0.01580083081182463,0.00014321543573182609,0.99742603048628,0.0009696088547769016,0.0028295654148483506,0.0002735313891560868
1704,2.2266374405812512e-06,0.9815953359805663,0.01804378653448092,0.0013316037645867789,0.02683238563766246,1.1756317357360879e-05,0.003230205755437712,0.003366320447489347,0.0005775216763945444
1705,0.0017054238285045987,2.375608880253404e-07,2.5620788653117023e-05,0.01895327595558223,0.00030518067739092395,0.9977569194361895,0.000509369254544851,0.00494992050402289,0.00018564982395466212
1706,0.0011953182765964442,9.698501581425314e-07,3.1432824563012155e-05,0.007037350351746008,0.00012978843901367804,0.9973230228429828,0.003255030632746759,0.0012822111722740268,0.0004118235902444898
1707,0.058754638644419925,0.00850971739956491,0.004036934035928201,4.139286698440999e-06,0.0020717838748823643,0.0015397677717140696,0.000842465314136896,0.0007107244548690945,0.9665784865273392
1708,8.620916473941153e-06,0.6217385031677858,0.22806651305277914,0.051354440618848474,0.005027926307083137,4.7669133289324335e-06,0.004502191157111036,0.0019398466931624858,6.540994810628665e-05
1709,0.004315488110960281,0.0007300550464215477,0.016382995812500138,2.3509975833747065e-06,0.07379170009821592,0.004425020961160682,0.00017592176792317348,0.004733840597679473,0.9888304010849098
1710,2.225725317272706e-05,0.5041956472289754,0.41684598483831486,0.09085294436249172,0.0013922411194291242,1.0271337592768897e-05,0.005208517921874182,0.0004402575142507797,0.00010326403232040367
1711,0.0017689313827862923,9.680689996394542e-08,2.563193210148765e-05,0.016778649446261427,0.00013894397471261925,0.9917581072018288,0.0017669213992246057,0.009079731949121955,0.0007956039201124596
1712,2.9219425870013166e-05,0.032215576743315634,0.004262612038051745,0.00026175437339005054,0.9596341165910387,0.0007770485698670671,2.7850643492962592e-05,0.021967652086067897,0.0022938951677878147
1713,0.0012825110060715264,6.904922452738174e-07,1.990669653128121e-05,0.0069008798547604035,0.00019995598258840873,0.9985843613505377,0.001473384479470638,0.001732549548808726,0.0003466234731697896
1714,0.057392301410706746,1.1250850489482565e-05,0.0005095493528220544,1.830812856522983e-05,0.0003186448109445477,0.223397425807354,0.02433375520331155,0.004952068450881846,0.043189055413355645
1715,0.002459696268325521,2.2949844403044892e-06,7.57175270150748e-06,0.0048114573627296665,0.0004166791539985994,0.9984818299006827,0.001293852372268374,0.0008007425371999463,0.001303628952767041
1716,0.9256846248890259,0.010943179422931668,3.7340093460911394e-06,1.7746538067066631e-06,0.0024276576232829393,0.023323632340624536,0.02547808167678747,0.0033816622316727232,0.16419947838799068
1717,0.0003027035291754505,0.933162965914654,0.05599797839000021,0.007211295927328895,7.006787020017978e-05,0.00015563968085029208,0.01610756231397223,1.805201962037291e-05,0.17026875818112924
1718,0.0021709085659545294,3.7531292150596357e-06,2.037493025112401e-06,0.006956151111256015,0.000302493611561342,0.9977787471266177,0.0007487948950544219,0.0028501416661763372,0.0016335148901008567
1719,1.0945671571935043e-05,0.6970372273098526,0.3255309965667173,0.0009565746252889861,0.007974760093897592,8.37261108763477e-06,0.01134793092727365,0.0039022514597101955,0.0003278810036938508
1720,0.03168937003313668,5.773720800297197e-05,5.629712219883954e-05,4.502443360248779e-07,0.006589712091046064,0.004403498478383525,0.010775280050891544,0.9756549256373132,0.01784540983436193
1721,9.685016777612336e-07,0.002674387122551638,0.1179603506046801,0.9842153988509112,6.290226438413382e-05,0.0012146783302480941,0.0005372120229796592,1.312887846084306e-05,0.00027988041806414026
1722,0.04223037675404623,0.0006587005354240261,1.040194785385701e-05,2.108212502497436e-06,0.008008203273673546,0.0017278127923852273,0.003962373830703196,0.9892068861596693,0.002536671358949014
1723,2.9108169121531998e-05,0.5685503895617531,0.43578586263077324,0.013039083251721524,8.300917990816648e-05,6.995448643474817e-05,0.05345068312353113,0.00018284061901579699,0.00045778516184786014
1724,0.0016345661526355837,9.890007801745486e-05,0.00015001391893001894,1.0514382824659329e-07,0.05660236266182122,0.0019712839904473794,0.0005659750395784847,0.9987758018625805,0.0004315975846083992
1725,6.000242294669048e-06,0.3602739186145604,0.30487792672713154,0.3159676827971886,0.00012378249703636035,8.629801870236245e-06,0.003260022409245334,0.0005153591091097913,0.00045209338129136077
1726,0.013320739226154952,0.0013002698563371311,0.0038064081936969277,4.231316145192397e-06,0.0063723105889189275,0.00831269372318762,0.00018364361313386108,0.0016005390937218198,0.9930406595188536
1727,0.0015314477939116524,1.1338221192034533e-07,8.865814874631151e-05,0.00954703563227256,0.00013301548484492072,0.997301719193096,0.0026246279699232164,0.0027911073734708043,0.00023340066157640375
1728,0.002121362328607075,8.689730735620221e-06,0.0004278610321135365,4.7168392639525834e-07,0.004262773554343629,0.0014179554062249582,0.0011370559776371473,0.9966375066268753,0.004781825271251795
1729,0.00024841404905928373,0.9957953767432979,0.008276364526662945,0.006803229648250384,0.000228790434470207,7.184016477124688e-05,0.0022308111203978207,1.7125553308866192e-05,0.04124676443209189
1730,0.0013057142175186467,0.03874598538153645,0.04379920510130641,4.5491026397276436e-05,2.298680852415186e-05,0.00012701789327753475,0.6803040515931936,0.022034868571060802,0.0003003776888477767
1731,0.06541735137644157,0.0028760622320671554,1.0587548117252907e-05,3.0139417044910955e-06,0.003777588345991924,0.001785182018167174,0.01411008115732704,0.8891681109959467,0.005780082702139579
1732,7.821131225318501e-06,0.005602306511567283,0.14105115674944577,0.9382041900152306,2.0702015053975786e-05,0.0036079205280862806,0.003140254706663374,3.7383347817531463e-06,0.0018860824344767461
1733,0.04732022205879547,0.0025773532691009357,0.00063903276697357,2.0096888744569773e-06,0.0045931994674922715,0.01331477281207113,0.00010775885385873581,0.004785488709345907,0.9684659107557735
1734,9.56135652020692e-05,0.9715137432108142,0.0021253265341517266,0.07374860818604344,0.000285075851679942,1.197592766058653e-05,0.0030573512210944477,0.0001984261613572931,0.07799010580590311
1735,0.0018290465055655037,2.4697720234489146e-05,0.0003673298388579077,2.3769138606351398e-07,0.020301450406979855,0.0007946031965163593,0.0009021977741641791,0.998876632949134,0.0019730650554409383
1736,1.2577746548077251e-06,0.14974369604535687,0.6386312756105833,0.014624624195592132,0.032677978228165976,2.2995638174700003e-06,0.0018042279477613358,0.03018473558238101,4.048467975388409e-05
1737,1.4603569385428941e-05,0.9026143159863195,0.05635526606433664,0.06331559007857136,0.0017349737595303378,8.886927223369952e-06,0.004770948646639156,0.0005868554463439918,0.00012368823315131347
1738,8.469760920711756e-06,0.021819781586782647,0.8459483011450972,0.2942169370364603,2.5268967543582165e-05,7.897342083359036e-05,0.016831868402953854,3.324904224063132e-05,0.0015619728008269735
1739,2.44451662734783e-06,0.22639003043295272,0.8052238608504383,0.005247083545176923,0.00011236818774301737,1.1826528047124527e-05,0.00481540789519897,0.0003157494042810331,0.00429694823487807
1740,0.01870716928209693,1.484990119577034e-05,0.0009143064210443877,7.833441957447114e-08,0.00785630943240757,0.005072421406881627,0.0021528552118842584,0.7718704755786593,0.6145144309363549
1741,0.031281641180180605,0.0007843692495449159,0.0028294424930222837,4.716689463043296e-06,0.0036787348326714773,0.009353908603898314,0.0004945630172201531,0.004987247504911372,0.9452052166310486
1742,0.0013684379004863727,2.0224754797010963e-05,0.00043821953439393665,1.6077590049019948e-07,0.016604253937901978,0.0008081774580933,0.0007236147500742897,0.9993924430496056,0.0018136076959916522
1743,3.546913988804375e-05,0.7309512450939895,0.2716977149996224,0.05982039553998386,0.00011328458116097665,9.488025669767385e-05,0.002960130976443791,4.935914199630084e-05,0.0017774440638273123
1744,0.0014723642805627214,1.1701006213919533e-07,3.431103451217363e-05,0.016057256291260497,0.00011759894869665247,0.9943252943744343,0.001868283988864346,0.005633272423083182,0.0004674991017398844
1745,0.0016831065084047217,1.2752680397396593e-06,1.2596283616944154e-05,0.006129071816173502,0.00031588258272395266,0.9989027787917993,0.000935729583875769,0.0017074550914228843,0.00044366045874550053
1746,3.80307832010256e-05,0.48407836048695463,0.37381650796004673,0.04500651941723886,0.0027191784682561227,1.0359430902673e-05,0.011742353944778836,0.0003459688145977566,0.00013369406629589958
1747,2.9651392706920625e-06,0.3349380293419066,0.1336198399051449,0.4953186208528851,0.00019486452092636495,4.7124206139557225e-05,0.0010159686887128273,0.00016913468102053522,0.0002381659696968088
1748,8.365946105511319e-07,0.11008763574096224,0.06170472247310915,0.60917138514553,9.508814411085568e-05,0.0002874066068464026,0.0006896264896514399,4.01602266814722e-05,0.0007349044231537713
1749,8.517529473973656e-06,0.9897707357180895,0.01009578749795643,0.004545765110874312,0.013724969941080075,1.4947797483547192e-05,0.00302621070624862,0.0007967771248347132,0.0005779110973590748
1750,0.002318084887351721,7.239434619929357e-08,0.000277506143270401,0.00565934844261465,0.00011350461993855668,0.9945734801461185,0.0071630316458537405,0.002902598087586795,0.00037234919511743025
1751,0.0017749557505701732,4.034556681837832e-07,8.934786388458992e-06,0.012480272809740992,0.0001358948745489788,0.9944444093268638,0.0013267586268992744,0.008211965227250683,0.0009395806229182822
1752,0.009488498477699158,3.545989005161971e-05,8.777233068017994e-08,0.003330018674105946,0.0007363350107968012,0.9107203367547911,0.001462186045095906,0.07168385933807449,0.012751483843879008
1753,1.617005664587449e-05,0.6173930045939992,0.2577502137688712,0.05664484917986625,0.0003056596588742996,1.8699457468831237e-05,0.02081771753137047,0.00020916875530345091,0.00023009475519449195
1754,3.58514766373529e-05,0.05678598415007065,0.9091720961837765,0.052689056323601526,1.3658061145824554e-05,0.00016830112032573013,0.05912727367402005,1.6372894913381737e-05,0.0056759872963951345
1755,0.0029029567419528246,7.453197845658762e-06,3.174062621164873e-06,0.003938991873459174,0.001087108611679971,0.998931933919011,0.0005647099726620168,0.0005989531820434408,0.001526843393279243
1756,9.622819127533952e-06,0.2263280650894806,0.6763509159834038,0.001094731975967711,0.004719203654504183,4.3739288703299666e-05,0.02024577123557132,0.0020910745211521983,0.0005231107676992304
1757,0.0001540002407596361,0.0006944773745298092,0.018430420105445506,0.0016710902834826617,0.0514282279347813,0.1141888005146047,0.00022793176307717955,0.0017139238811130519,0.0019082723574869393
1758,0.0033343032619331642,0.40696939801619036,0.190722998810493,0.0011697358778234369,2.6126855965893817e-05,2.3075460818472182e-05,0.8746476081332731,0.00011914914373262047,0.02571630537128076
1759,0.0712297365793066,0.0035883640004769454,8.635436450813727e-07,2.070849089433184e-05,0.002506443536669143,0.009645976038343895,0.0017363835135088142,0.8969161219279699,0.003250622513596926
1760,7.166111689971174e-06,0.6426697811422484,0.28758147896725655,0.042763314545351816,0.001128614675061136,6.712770162108171e-06,0.004811086350356446,0.0010190720825228301,0.00010921297191743241
1761,0.014199301483752329,0.001003866811324628,0.015796064722412934,4.226019632577572e-06,0.016664277854060987,0.002726224229179937,0.0001304960886472892,0.0013614048672394904,0.9963020233937566
1762,2.4923445565479737e-06,0.01701577210963752,0.035445530478362616,0.976784122856795,5.654715720011249e-05,0.0019246040820922838,0.0007572672349099931,1.2722863741247231e-05,0.0002752937486432451
1763,1.4735995017991573e-05,0.12055457118484147,0.7764905967978182,0.0955506247232734,7.185884144041073e-05,4.4060602127229284e-05,0.015106384329446252,0.00013870727104266922,0.00045048807993903296
1764,0.0011905539268035734,9.778233121134402e-07,3.566238002730384e-05,0.02071274421017092,0.00012118745049986201,0.9929165977448446,0.00246529935944381,0.001935824703190102,0.00011072123234444461
1765,0.0010525788905711745,1.289329952784849e-07,5.66699239416863e-05,0.01953995719266463,0.00014229764655508947,0.9977178826421579,0.0007662304496551028,0.003464491057871968,0.0002098218170433863
1766,0.001998787685456102,1.0206811725233833e-05,0.000924646916757128,7.585130568799065e-06,0.0010586757577481232,0.06433295331990609,0.03225716700119136,0.7840806304652599,0.0004609796111711271
1767,9.56222371818141e-06,0.31905429602900004,0.5591773164693858,0.09341001599089795,0.00026621133207866944,6.918040085252608e-06,0.012892210708762017,0.00032969141016294165,0.0002180969642587801
1768,0.008325868376712946,0.00010697895354960129,8.176297722446018e-08,0.0024191467513186224,0.01396200253804374,0.999047838691562,0.0003908424495505701,0.0006928976547304036,0.0004618288660002968
1769,1.8933247169301953e-05,0.5169210529120856,0.295705026406117,0.0858189901853753,3.427617284002848e-05,0.0002889854546020497,0.012051503726983638,1.825903992570811e-05,0.003445417530287552
1770,0.025376588588097042,1.1738469674061523e-05,0.0004670252958026494,8.401351387093802e-07,0.005190828845398912,0.005937114472809818,0.00850818935164,0.9787700432475097,0.010543300786692834
1771,0.001991172662120445,2.042745537277555e-06,3.5034909625157537e-06,0.008546073592018507,0.0002744294864914492,0.997697106320509,0.000840440615916062,0.0033898861603860264,0.0007501601635775464
1772,0.15485797598096598,0.0010718173158408787,8.182289608174011e-06,1.7619504685888218e-07,0.001563815580236494,0.04067224499415088,0.0014449826065885605,0.38091791356346655,0.5301017382750182
1773,2.2274958153594185e-06,0.5412845999434401,0.12460516430571424,0.1989088583374512,0.0001709310425058936,3.6006941275955455e-05,0.0009701030578706107,0.00012950767928983793,0.0010852449041371377
1774,0.20338148887453267,0.0010035359904542172,0.0008423086010350425,1.99951299552917e-06,0.005456689463004508,0.016169131077606626,0.0003201479526026449,0.001865468081258158,0.8351832881438612
1775,9.22588380309717e-06,0.7234970184185272,0.20678895739071818,0.12509655818866375,0.0007605510366697194,9.760585038653928e-06,0.002690984616773802,0.0007573028908357982,0.00010952139446644812
1776,0.0012975183804071072,1.1629237122048655e-06,5.459276626159374e-06,0.012394253334206242,0.0003522035708987093,0.9983199932056408,0.0004759681129591013,0.001666087346589892,0.00033362412155087107
1777,0.4046254904935198,0.00019403331147261165,4.9689577903812246e-05,2.2257272240787716e-07,0.000987844111185746,0.019658172973313584,0.012576201679908154,0.20439098671177985,0.2147146764656675
1778,0.0011672773040254535,3.262913068887894e-06,9.990273942875341e-06,0.026835014356959064,0.0021113532191305968,0.9958232433908742,0.00021583689761428874,0.0002701014938756551,0.0014997112978312381
1779,1.6985643160891943e-05,0.6376595546281691,0.2553686818335191,0.04788723256095539,0.003967463357572044,5.717449872854384e-06,0.007722560229957844,0.0009203732527481617,7.864445491026256e-05
1780,5.167738981784952e-06,0.6616462652242985,0.16582978549265015,0.10202875397268865,0.0020523491377771124,8.117267104057573e-06,0.0014653771671938117,0.0019368244242946645,8.446515792597098e-05
1781,6.383941433186935e-05,0.03243004726010993,0.002442619360359745,0.0002143501909001913,0.9818736014775838,0.00029236531817046084,9.989361757571431e-06,0.014442612510185526,0.00500095205277472
1782,3.1098655968362847e-06,0.9474325984399473,0.03871765719827,0.012082189870139514,0.0004585039687499483,3.397356197444469e-05,0.0013830950246008324,0.00019453333838314292,0.0024146047215239702
1783,1.2648351762832492e-05,0.019816198815446197,0.009286291987295097,0.000652947417230482,0.9392856260732995,0.000276156249480045,3.97168167821174e-05,0.023916688892877163,0.001701191919029072
1784,3.243807484837244e-05,0.034547190422184716,0.007209649506527216,0.000471421771325336,0.9404945824496153,0.00037039955451878716,4.536881373866317e-05,0.010498149584633812,0.0025121500572263607
1785,0.0036840404046525033,2.170730286861508e-06,9.898885511757906e-06,0.004120095431635305,0.0004121231241265707,0.9975177399854398,0.0013417335596933484,0.0018480569067940715,0.0012027320557149517
1786,4.9171872685018646e-06,0.4184049300645519,0.4088307102727066,0.035049239889904875,0.009091704812188142,4.867740874645205e-06,0.0031999880559347308,0.004232545622546608,4.5370034894063836e-05
1787,1.9338003361533854e-05,0.29218809005127183,0.036071454997124615,0.4717755411800256,5.674448823569711e-05,0.0002729600189280101,0.004286479606655284,2.163641473325611e-05,0.0064442960266451466
1788,5.808012965521251e-05,0.7509739494423867,0.046593075973368724,0.10789928270313696,8.225706078060754e-05,0.00010681347860186647,0.004246306817436029,3.0501660630499366e-05,0.011570900432235132
1789,4.241688838681893e-05,0.0133659688309361,0.9481398733416122,0.027599664342624328,1.3319512424760014e-05,3.710573737268778e-05,0.27985214968988115,1.9753014128785543e-05,0.012800944277024526
1790,3.467386394558115e-05,0.17896446667994176,0.12407828081188715,0.28238908254941686,5.828641324034917e-05,0.001579549535823354,0.003504221232351537,4.111863445596007e-06,0.01193163072933626
1791,4.265573102012027e-05,0.8119410908964281,0.12063978639252025,0.07520996557898275,6.384007038662686e-05,4.126811464672274e-05,0.004166445905211599,7.725187423325524e-05,0.002002608266898123
1792,3.3473904971214024e-05,0.14152438020883648,0.050026370247648604,0.44541450593022147,5.166908450360816e-05,0.0026831158560918895,0.003562883981073227,2.1729014542458208e-06,0.018550677816399717
1793,1.0658486201495157e-05,0.3435098743402201,0.5411545761402194,0.2070825413303695,0.00044769151396001567,8.513361545331723e-06,0.0030648170788360484,0.00044707095451046154,0.00014018149763890187
1794,6.724846947545267e-06,0.7587058794932042,0.20722671329609824,0.0010636058502998702,0.018437664778633938,7.2984959301904206e-06,0.006005324782052857,0.012207334461696877,0.00012338013026401244
1795,6.712346122619503e-06,0.782446116488135,0.1390747131804352,0.10369848807145193,0.0005374027518616276,1.10481082900867e-05,0.002046675058096557,0.00041811233747242473,0.00026055597693309864
1796,0.0018824155828275496,2.3398901246447722e-07,7.050590259028333e-05,0.008224963709643839,0.00020657882672325584,0.998361062837043,0.0016852946149874001,0.002031932281607232,0.0002807030805936328
1797,8.094625215010617e-06,0.912092734895841,0.1346307195934231,0.00013846208421371955,0.05785381971482577,3.586667726017888e-06,0.004476876967997518,0.002443632102969591,0.002262941676898548
1798,0.1262691763235479,0.0007114784054700001,0.00010012158508369971,6.420719744891697e-07,0.0017550206082896592,0.04354801981328792,0.0007909362867920674,0.02396321512141004,0.8775254627752516
1799,1.193441095389727e-05,0.6151408151310326,0.3754251799755521,0.038659033210510924,0.0004647406254432822,1.01255774181966e-05,0.016946883183286094,0.0005165735390999946,0.00018509283917297594
1800,6.010820857506512e-05,0.7220057018917787,0.09152564258409608,0.048545354877472406,0.00034400034432346065,1.9925422919134e-06,0.016956807633985934,0.0009601194939464867,0.010341690629177901
1801,0.007790567784598697,0.012259706999061787,0.000926496015337479,0.0002540728643574313,4.979464536529768e-07,0.0006204728492176342,0.9953590120100126,0.0025943557254437255,0.005278144407584026
1802,1.1903447210604216e-05,0.5730845455287014,0.3187720540644718,0.12792650430357513,0.0005321162620945168,7.795001336489824e-06,0.004037700796690723,0.0007096653223206835,0.00015631997435522165
1803,0.011728596224768956,1.2924389466305336e-06,3.477466768919041e-06,0.0027804380474916665,0.00018325281585810602,0.9607177858717001,0.00920396124462841,0.08147740141296807,0.004122413745980058
1804,3.3146867744034654e-06,0.0002286191178081103,0.26859827105544576,0.978477422052986,1.6554910816171834e-05,0.0029080263345684226,0.0030551402025826182,2.3267908683379867e-06,0.008314843320131547
1805,1.4348728364063026e-05,0.6513895741427673,0.21191191703139906,0.11204767810122493,4.335435050964684e-05,6.562508895571622e-05,0.010445845054118216,4.641466286162383e-05,0.0013519254644564912
1806,0.0038732189842608645,5.5716008400592066e-06,2.360420961817148e-05,0.0012536444707114118,0.0007785080680916044,0.9950219185132281,0.0009922637512509696,0.002468016046340346,0.001161552818954071
1807,9.822342765602738e-06,0.9294384083226713,0.02681967087065744,0.00029027573111138226,0.27224805135842856,3.717195930085781e-06,0.0008177902260931634,0.0047129596333826684,0.0014207014825420063
1808,0.0028653060030282,1.417344314785673e-05,5.940694511943639e-07,0.0062343050036192706,0.0012419786797438729,0.9989858295896885,0.0004090560571131679,0.0018740335815208085,0.00016256491622990854
1809,8.535538099586077e-05,0.022821237679140658,0.8925877615181651,4.7171567869650994e-05,0.005263748000797633,5.938514081343956e-05,0.0023367179161277595,0.00020736357919290242,0.11532411869455982
1810,5.3120499074498145e-05,0.7189705071444328,0.2145766228758885,0.04172999123469365,6.65463457579291e-05,0.0007131989451983245,0.007109232350205287,4.548257761641672e-06,0.021882737317234568
1811,0.0028726743736684295,5.694286517993316e-07,1.4624374537984802e-05,0.007132422681252055,0.0004935956442886034,0.9875421895150518,0.0011296167143522774,0.019154484695614482,0.0005560179533726245
1812,0.0013054704622011864,2.086100102764378e-05,0.0004034856833649546,1.517726682320031e-07,0.01660720930004737,0.0010812940744055165,0.0005406713616398556,0.9993280598580186,0.0018894821038059639
1813,1.2843325149663258e-06,0.09822683943034864,0.7580419005647457,0.0004229358080358243,0.12014067042606451,2.0847704916071157e-06,0.0005261062288894589,0.01230716547149256,0.0015886793370657245
1814,0.06422021420904467,0.0005250252562038256,0.00045050476659459364,6.51372117696672e-06,0.0033117763775499074,0.04119985603096178,0.00016384173249394817,0.002270997684092346,0.8767681925623414
1815,0.001725882876791896,7.637618101566353e-07,1.1505474366151263e-05,0.00759037524180061,0.0003941889958174562,0.9974558166524217,0.0010446017121660417,0.0014234145882748718,0.001105148564167525
1816,0.005960670169265011,0.0002747852500604435,2.3682464824498002e-05,1.4668222132136944e-06,0.013293698604251655,0.0024641288725439484,0.000999792043776358,0.9979447566003856,0.0014025377885747519
1817,0.008138758465247378,0.000110754274394033,5.919293758430451e-05,9.541858884387747e-07,0.019053460868497504,0.001516824688434344,0.0025844921286224147,0.9977489019985772,0.0015281585808569875
1818,0.0901783850905614,0.017184487572016724,0.0009462022552384021,0.00045402286354899853,0.009772037478687589,0.0012802416209093397,0.00020898892756231421,0.0001434047494489886,0.8223166984578972
1819,0.01095499126524844,7.9426004816667e-06,0.0007680147928973248,4.5737398197007207e-08,0.0053167781951344115,0.004307206146572362,0.0025511285717566006,0.9589820483118482,0.23460734582927906
1820,0.0016009824158569011,3.891252726327817e-05,0.0003498843753087059,6.559915037176878e-07,0.02409632404960356,0.023333371188674294,0.02545250059098381,0.9831964882406199,0.00021072984601095264
1821,0.002544077231362994,4.396149653472307e-06,0.0018689154619335588,4.2538039169661304e-08,0.019070119304063264,0.002448550603201536,0.002597530429245184,0.9911715773589207,0.013088506265093666
1822,7.96580695179439e-05,0.24252781675262627,0.7905118509466389,0.03161010527067054,3.0704989318347645e-05,8.025729333785748e-05,0.027640953737342586,4.1393652770629917e-05,0.004183919515011711
1823,6.754960320234741e-06,0.9488505292588816,0.019446408146949996,0.0041836059070385805,0.004051073474708487,6.943561106979115e-05,0.0020488990767245086,0.0005362804822042499,0.002803969976545944
1824,0.18409366760552168,1.1937532929899334e-05,0.0014822925144384433,6.836221284058727e-07,0.0027773946907849742,0.01092918190640244,0.006275866027781687,0.3743759804130403,0.29507952861442377
1825,0.0009981066616844565,1.3182818227008387e-05,0.0008050508122529389,2.3611922613411348e-07,0.020311963058183075,0.0010777216444873476,0.00042949332977668093,0.9992124907921685,0.0009030011088268628
1826,8.674942819874078e-06,0.03245612703520914,0.8823150972676994,0.10386326943375665,6.240512067806143e-05,1.4410313411354946e-05,0.03185841191770283,8.698222369990063e-05,0.001149964981342117
1827,0.8378535973145089,0.0005233816749567246,0.00016085677100568347,9.59253460274228e-08,0.00022777880029887138,0.00314765955334669,0.11718854570921365,0.008386535555895105,0.13554112929364381
1828,6.412556801871662e-05,0.005153778313481446,0.002238572741005163,0.00016603336220612596,0.9934791305708703,0.0015800610834943024,4.405083034829638e-06,0.025639595544076122,0.004937895535517131
1829,9.542446546534085e-06,0.7876137108148237,0.16479446860248548,0.0008440875292980027,0.018201263922624493,8.986700016375559e-06,0.004222128705343713,0.010106354429368315,0.0001954535400777705
1830,9.237455084768512e-06,0.9916068536148303,0.006922008667171232,0.00437396376620223,0.011851262345477434,1.90005272931541e-05,0.0037267061783053572,0.000524801679620972,0.0009994055282100552
1831,0.0002070232221810912,0.0019471006899110463,0.0023226892785301453,0.00012438201691884743,0.9681337959921299,0.0019469815447065628,1.695226956686379e-06,0.18134318804357766,0.0006163606750541201
1832,1.741151853416774e-06,0.9898376199350895,0.014245750585705982,0.0023649799047869863,0.005159673489210128,1.4333319754549891e-05,0.002303698709641496,0.0017318919749156822,0.0009730510595277839
1833,9.610013103008864e-06,0.3558029967851317,0.5407166885546404,0.08705220742582531,0.0006036566399413788,7.926672323212499e-06,0.006579978001583894,0.0005054687296689183,0.00014712113876557076
1834,1.2826386236406968e-05,0.23431818748946595,0.49532719580134554,0.24059917832176747,0.00013000047017719927,4.385240838872157e-06,0.0038777446568973996,0.0003846750555669768,0.0008140218889269394
1835,0.0005664388162230108,5.052023215779724e-05,3.2894095397963505e-06,0.008121747930967033,6.90223749262637e-05,0.9897978120353138,0.005047484201447412,0.0002896001737135562,0.0011150298837254756
1836,2.1620386924463105e-06,0.5538799052269906,0.29425450695216027,0.009187541909793711,0.023110825196686877,3.427000705910036e-06,0.003323969108876272,0.016823353846234467,6.194458877214588e-05
1837,0.0008300748963336102,3.9216576924544045e-07,0.0001819077941152413,0.0033512615547737303,0.00014411907253607034,0.9770358927411519,0.023502334452722137,0.004219730996559693,0.00012825743319227505
1838,2.828479648476345e-06,0.9136739308478585,0.08090251756771911,0.008895200997145145,0.00021358408990847022,5.1671790604071096e-05,0.0011332107249770941,0.00019840649021200243,0.0064871509431270674
1839,1.5247887172378424e-06,0.9596403971972878,0.0347023341340839,0.0039948371341691135,0.00785155822137861,7.77125882855546e-06,0.002291977499340576,0.002457322254877566,0.0007346551413817609
1840,0.00012546786205553642,0.8863217287896131,0.16702860215146997,0.012437485888327557,8.993565630311355e-05,0.00026862174510360493,0.011448382645012122,4.674159098486776e-06,0.049625421131420676
1841,0.006565674695034239,5.192612129551152e-06,0.001246335995204533,3.706890753578427e-08,0.01979124998042527,0.0023315493036585944,0.008671907858366242,0.9945490377548878,0.010459248668399623
1842,5.799196500958932e-06,0.43616123158665904,0.4247415679795908,0.11932009806629203,0.0001526092329360005,9.4711019941686e-06,0.005585459427493729,0.00021308346121382202,0.0007285610316248743
1843,4.638771994767497e-06,0.8108757307076916,0.10467544394243189,0.03566631653815688,0.00571937910659337,4.83798602482412e-06,0.002572076648199428,0.0022248681571374494,0.00013293372392837103
1844,0.0012711816540926326,6.075330413617202e-07,1.7155695868888842e-05,0.010663435088632442,0.00027004019965519373,0.9987003459314291,0.0006326875681743316,0.0013401083762632274,0.0004350952718349158
1845,9.603840916115856e-06,0.7930724501906894,0.15193692966171857,0.06826025868698733,0.0004891242172776245,9.44601759714272e-06,0.0024955952477278046,0.0002225932426464258,0.0019861586600958938
1846,0.0066187352249608864,8.21065307457832e-06,7.672986860682156e-07,0.003267941151523589,0.0003016561854607149,0.9921478308368311,0.003885392243554488,0.009404609444745719,0.004712216635267305
1847,0.0001782677212841771,0.9594896383017878,0.02645381340415551,0.029355608238159827,0.0001671534852826007,4.828308503883192e-06,0.001902624705452723,0.0002729999537655005,0.004530586947738902
1848,0.00013822877040433964,0.6172251542779076,0.09946081529202544,0.06011745719356608,4.198760072987256e-05,0.0011721334411334673,0.01320415101330389,1.058794798456672e-06,0.024789665320763474
1849,0.002003120569496108,1.628490786860978e-07,2.247816040655561e-05,0.019395881424360436,0.000161390567673613,0.9943496930409028,0.0010085364174817215,0.011165266505300225,0.00044394126920594654
1850,0.00309030869712093,0.00044381664012991433,3.1260205820750046e-05,7.349811683909744e-08,0.1036169314218622,0.001518452647463357,0.0008934117339493403,0.9992832835509197,0.00043176610579814497
1851,0.0021635849675934004,8.84913698886171e-06,1.158392047776988e-06,0.005919669207925262,0.00072398068808875,0.9989663933729626,0.000338268837796891,0.0008987875662723623,0.001490973957363248
1852,0.13312571251724897,0.001491045690382513,4.858816482922525e-06,3.759290802701079e-06,0.003425220025216133,0.0026449887918463533,0.004956894554364015,0.924253934481373,0.007562911519069986
1853,0.004380998917711666,1.6296662460289964e-05,0.0007372427171960976,1.9441655923246986e-07,0.009661860749394256,0.00030018639956392635,0.008713389083023763,0.9970510308336912,0.00508125732158913
1854,1.6208464710898395e-05,0.7593346780074088,0.06228488391160021,0.18716808653574613,0.0012475999559449814,1.586234028886108e-05,0.0035116983739317165,0.0002696790880370055,0.0001274581079552514
1855,0.007226037782116342,0.04570052854048463,0.008077046754940134,3.740804749268829e-05,1.4997291995230028e-06,0.00018983857038042535,0.9377057679564562,0.02031045839878765,0.0014747314924297755
1856,0.000652158079851085,1.7430755432246457e-07,0.00012396185661386875,0.017201355832526515,4.299327343680335e-05,0.9916182453358299,0.0053034256450594335,0.002038486627845076,0.00021874445020104958
1857,0.047574546069429034,4.691820458378808e-05,0.00016311854257646698,1.8294584672730124e-07,0.0030432833297654865,0.023319750374039636,0.019890112023990613,0.7650815817182445,0.17217489708072553
1858,0.01333261562276474,0.00033979798175464,0.004275187940414949,3.6951732890104157e-06,0.0017394219049739995,0.03743042967074951,0.0042487891696143905,0.005404878161869713,0.8887373862241215
1859,7.695285758120139e-06,0.8222034220450477,0.22876467022648897,0.0017224225203273092,0.0054381334894576284,1.2730814046993005e-05,0.008536438759527837,0.004353623559068169,0.00017967426071377146
1860,0.003212016500594518,0.001858216301178852,0.006033924024110516,0.00046207202040489913,2.681024583188419e-07,0.0006829662002525031,0.9964100524271661,0.0037450781191490467,0.0024948199830278233
1861,0.0018742466076563024,3.0357867292146088e-06,6.27792907202866e-06,0.005747478509637926,0.0006791326536578994,0.998742807762868,0.0005405326675040955,0.0014261375623897126,0.0005291668140082234
1862,4.334601059379369e-06,0.17972102922088545,0.6951538843515145,0.1579547237013209,0.00022367020496162027,5.701334252280959e-06,0.0025443511821598404,0.0007603846527756033,0.00037332139516807884
1863,3.026755931232244e-05,0.4568225693206139,0.04422108983028057,0.28942316555449005,0.00011442794807995082,0.0004370139870223975,0.002037473505405766,9.607732245031277e-06,0.007482601623778145
1864,1.9336500928643833e-05,0.0048608159262784065,0.0011293397309855204,0.00037496015160448095,0.9901196818611466,0.005415339930186477,2.2070159266302905e-06,0.043658931137587474,0.0025797190638430457
1865,7.919576656808006e-06,0.8270642504837112,0.14303374409047967,0.05643029742221475,0.00037446414848326477,1.3400272775979109e-05,0.0013679573870775804,0.00015548387690939342,0.0038069781927999534
1866,6.977885579172578e-05,0.9416394060922503,0.014493308711800526,0.006651595678366595,0.010590197724690012,2.872711214602042e-06,0.007517711273573688,0.007090975587371515,0.001018339368233191
1867,0.0010125977788859267,9.286618282234576e-06,0.000897630669808775,1.817894728718028e-07,0.01205763321682664,0.0006821631623016134,0.000497985511309194,0.9994382242299521,0.002237296314895314
1868,0.007818294486967569,0.0003303181790165456,0.020638107139205903,3.2477183132644743e-06,0.014030008957794736,0.0037172501384698624,0.00018923610525473105,0.002358868073609424,0.9961290532018333
1869,6.86946594992163e-05,0.8099642239512082,0.15052330969970948,0.0395233306203448,6.3639863255313e-05,0.00014405094317919352,0.009250678336499162,1.1850363885838145e-05,0.007536377465753006
1870,5.0580402860152986e-05,0.903658705005248,0.03266433523700087,0.031176798087997438,0.0006604514656093777,5.4546662213456463e-05,0.004466318894379285,8.151087407536312e-05,0.007238788278770253
1871,1.8275441632458861e-06,0.612200789990717,0.3153165843470339,0.003285629560203204,0.014205837829403559,3.0258269239819825e-06,0.002931375101588502,0.00360335170091537,0.0005075460274416788
1872,0.0025703461835475763,0.0005964152302272394,6.909996576278831e-06,9.22595818076395e-07,0.03265592990358983,0.0014429983936569358,0.008093637688473104,0.9985857222210494,0.000432116662723562
1873,4.248908626253422e-06,0.9873152682170093,0.013892970736781066,0.01398677320334922,0.0016776775209417592,1.5710337929738646e-05,0.00259610579432517,0.0005150612129748972,0.0009681060412137857
1874,0.0074514202308717204,0.004471039287524394,0.014348457191256112,0.00026239081783674336,3.6703976842036513e-07,0.00011031226698300708,0.9957146833486282,0.009880601524585414,0.005027900724034397
1875,0.001354987417563937,9.462333486276675e-06,6.369306560424267e-06,0.005106898655511614,0.0004631377445342226,0.9978268962660574,0.0009366427279786832,0.00041567036949335105,0.0023016091194904406
1876,7.77139099316386e-06,0.8026250407608101,0.19134241137775343,0.0010602514129618942,0.016389358516317547,6.836951438937537e-06,0.006698657738423665,0.008904654632822695,0.0001363034108869401
1877,3.553566068497251e-05,0.06691185308495312,0.79827924423041,0.05504530568464767,0.0019610967277399996,8.089290739507918e-06,0.01202787866172767,0.000265387552156569,0.0003011972673383819
1878,0.0002970541894403051,0.9450262294119485,0.0037610967845001578,0.06476182706858018,0.00013828690425765999,6.386622327536012e-06,0.0020953837338782834,0.00045193457389830185,0.017878318666030117
1879,0.0025138856152851752,5.780371933134593e-07,1.929677336682139e-05,0.007242584490047534,0.000281631458128743,0.9980272876489005,0.001185160683786957,0.00298746283929012,0.0006076767661304665
1880,0.0013446338967717682,4.568625088433024e-06,0.0020821235681414206,1.5556237491307108e-07,0.011577327651942146,0.0004534549902508819,0.0017196850346909084,0.9984692560095444,0.0045356634835987345
1881,0.0018164059001870964,1.6358398792151972e-07,0.0001470570652575239,0.008775951196380485,0.00021008063638096325,0.9976300361041254,0.001843322345408628,0.0016206947035189482,0.0003179610125952759
1882,0.0036805766129156775,0.000525212585025661,2.1471784542806017e-05,2.4398523971053247e-07,0.18782724417990473,0.0072329582011368505,0.0010576635845325761,0.9960583142546279,0.00012080381652883591
1883,4.727305452240928e-06,0.9902950727173049,0.011856443657093402,0.005532969014467054,0.00844247916879076,1.2587778294500589e-05,0.0036156217645349348,0.0014207962972223782,0.00048819646139660667
1884,0.04245421144695706,0.00411326037110448,0.0029232258225804987,1.0688288783098805e-05,2.1833430242187308e-05,0.0005383194297975343,0.7054899797912083,0.0835318830249055,0.0027333415072573397
1885,0.0037760165315206978,4.612974485423705e-06,0.0032380817893973624,1.7583809191401406e-07,0.005315463053111992,0.03189330454965471,0.003108128832309345,0.7175344194837852,0.03922501211678707
1886,0.0004895007188691926,0.052290453640455425,0.0026164660913923143,0.0007206484200798648,0.034982116422904,2.0232252686708687e-05,6.549244858423707e-05,0.13745711030370295,0.09460622293074274
1887,1.3067246257971765e-05,0.2735213614718674,0.671847422008925,0.13647504843965708,0.0004941273298535004,7.3593346738512705e-06,0.006398243509323468,0.0005020901219416502,0.00015068494997140945
1888,1.4399061712049808e-05,0.99477079906497,0.007319771399947325,0.006892802460022442,0.0024069167542506427,2.9157239312941838e-05,0.002614779595957642,0.00017091695943455444,0.0020790245674423093
1889,0.002090511366195896,3.6312477438712692e-06,7.098324848072284e-06,0.004205920959287686,0.0006580227633109076,0.9986282075820331,0.0007169612053147935,0.00107073470038339,0.0008265649862313593
1890,0.0013926553129093894,5.036658210470306e-07,1.2191074578497416e-05,0.015031450609257282,0.00033139545253210473,0.9982458897541765,0.0005658019307245254,0.003009427729952876,0.00010684760957934536
1891,0.00014669035080221596,0.8765319999288346,0.10786206947675245,0.000285792148752615,9.482239116838347e-05,5.641625980099545e-06,0.006715832087656119,0.0005127047181278871,0.6398752811281384
1892,0.0015247997789127128,1.3119797700199392e-07,9.335853965453507e-05,0.010537457199422147,0.0001409759099547226,0.9981291598283416,0.001801416027472543,0.002575105088283139,0.00023611089508286404
1893,3.5190694585405685e-05,0.054181061073094235,0.1518136781073288,0.48066354269752604,2.9016261892753677e-05,0.002988556169254041,0.007564238602468353,1.3877444457285117e-06,0.016659148032475393
1894,0.02786423181126136,0.005082680800719936,0.0019993184626208443,2.742630565854828e-05,0.014604786584261852,0.013385761130880306,0.00014002697604790666,0.0003601147886500745,0.9783725550954439
1895,6.553420968419614e-06,0.20230897707951062,0.7085023117629005,0.10003459582876821,0.0006492673105640802,5.391904889766181e-06,0.004451307886547958,0.000957667161611076,0.0001576259498099728
1896,6.223681688719256e-06,0.8579954837188135,0.13112522985088407,0.02546180247943212,0.0005084483309834936,1.0806246526286782e-05,0.005496426878640694,0.0006993997369410711,0.00024113599791937104
1897,0.02359255826439578,0.0011195417606456855,4.6936232772699166e-05,2.6536069343659473e-06,0.007099584500092807,0.0007614236579320306,0.012389830075110776,0.9364233335520294,0.005048184114990968
1898,0.000464059816429777,0.06931687041014284,0.006905605139959024,0.0007308783825870554,0.0006676571694782285,5.588679556524237e-05,0.0007346137230474698,0.025528788281906568,0.08045764620105217
1899,0.7736153698043632,4.340003161616041e-05,0.00029380768009555554,1.0323322193308031e-06,0.0016220522563878189,0.0038870116455762983,0.05222029265834659,0.2437776985942015,0.003934211110034184
1900,0.0016715261165753097,0.7251830349282749,0.007818012087652839,0.0013744856891601512,0.00037900683423542795,0.000828136989407457,0.005040724315929138,4.181660876023784e-05,0.6497877760432542
1901,2.099230596254787e-06,0.08045315755311361,0.9065916199878598,0.03416047123004925,0.00014666264406313105,6.166249068262542e-06,0.002362739375662948,0.0006867108519975564,0.0005278833169483896
1902,4.007158650136199e-05,0.36659805587689953,0.31056397879922376,0.02784460247910028,0.003491816509315156,1.1426267306457058e-05,0.01203720563339267,0.0006847039736637145,0.00011986629767060509
1903,0.0021024466425532927,1.8816707112194126e-07,6.611905255389808e-05,0.007153812746151765,0.00022044671878304975,0.9979795040991367,0.0018745872822361084,0.0024215016636278267,0.00038586785061115326
1904,0.012414096355069269,0.0010090028603310997,0.0016478144890684384,5.405495484450118e-06,0.005269066138880862,0.01867384285417731,0.00011933911882717358,0.002584370700461294,0.9873463597857614
1905,0.00014659521613553494,0.6107708058591573,0.014191160189816346,0.18329663668525392,4.6123674404366315e-05,7.681503734504477e-05,0.0035295916225971304,4.0438629666477516e-05,0.015468878585394209
1906,0.003125131868172918,7.720668544032315e-05,3.2508095127121896e-06,0.000704335826978886,0.0017314588448482683,0.9906614014608836,0.00047706465541836755,0.004355562018252724,0.0013136635380216306
1907,0.00022219517324307904,0.20394772152095506,0.001186341261634126,0.0002683749229211554,0.9067650852360178,0.0002972205470140221,1.5964014109791255e-05,0.0034605505773628227,0.010286658787933197
1908,0.0008325238963074122,8.6136988928365e-05,0.000311026597876196,9.519890222495819e-07,0.05849440377320138,0.027762317954721602,0.00045606783829211785,0.9791408693482286,3.397350338627625e-05
1909,0.0011767570874283086,4.618103966824417e-07,1.612476831327261e-05,0.016042368272078687,0.00024373632575235127,0.9986258154132968,0.0004010319275670444,0.002305143756357285,0.00024130094604433907
1910,0.00016993454033620073,0.3721953568489332,0.15827337638947744,0.00023200641248436585,0.0006885100176407395,9.415333533978202e-07,0.0012667850784976022,0.03406819336583319,0.11766428237550898
1911,8.800377268271697e-06,0.9005318507739799,0.17400701245814076,0.004137111673101072,0.0034222384380427624,1.2149147552533238e-05,0.018502039618066304,0.003393674398910883,7.699596241818855e-05
1912,0.0011936328851335977,1.6241143514528165e-06,1.6219950313115372e-05,0.006505608851967428,0.0001390770597360458,0.9972336918009909,0.0029538223007663576,0.0008926920670737172,0.0006433929357265249
1913,9.59120150683082e-06,0.23219463041798333,0.7152703381910244,0.08783489070085895,0.00015139785604040756,6.107279329031036e-06,0.01520524559704158,0.00045315532853264326,0.00037642061529884256
1914,0.0021888465597121867,0.0004789244660741134,0.021708085953052892,2.2870708521044955e-05,0.0018862321561272876,0.007850946970202492,0.0011192375753964693,0.0014666151938648431,0.9784635170675816
1915,2.052568850853355e-05,0.5060614044353103,0.6844708831855449,2.682815154085315e-05,0.021805274619234875,6.3297744406815985e-06,0.004893370828980161,0.0006442053958698783,0.01578967348213861
1916,4.3933757742897096e-06,0.9833435616643045,0.011965682886471943,0.0014598421905541981,0.016386508770671753,3.211952597734779e-05,0.004160701347844833,0.0012966632134869549,0.0010897254346788534
1917,8.201061532797248e-06,0.5974137325445479,0.26546744558927565,0.10523915415611186,0.0005133131320890408,6.466702991421998e-06,0.005206898475674279,0.0006675581756487968,0.00019728904128328852
1918,0.0022922041090839658,4.429710523354269e-06,1.8052709202728978e-06,0.006094368752396319,0.0007455513329233636,0.9988201369979531,0.000863480712124364,0.0028237954231125624,7.206520007823056e-05
1919,8.592963777778445e-06,0.6638867154089498,0.29549607784373555,0.001013825905880234,0.01000861002270849,5.703472605605951e-06,0.016588285905625014,0.011254216610409633,0.00022023592877702788
1920,0.010339550025836816,3.2047142832752834e-05,0.0003817170604283489,7.125891133161934e-05,0.0006171433969878129,0.8890072258092462,0.0035101395295354426,0.028709970910707865,0.0005437523968539004
1921,0.014591008390808614,3.167507499518974e-05,0.01191210503237849,1.6689746973689515e-06,0.0013035835110485638,0.013482470338221204,0.004174943650394223,0.02435501347354868,0.9448346748512171
1922,0.06878571616993699,0.0009867905209623243,3.519450081907489e-06,3.853364991446782e-05,0.0044643271474157946,0.0049591186618297275,0.001408230847184924,0.9396582702263628,0.001449562305988722
1923,0.0016916978093807567,1.1256548625720141e-05,1.0232701972835311e-05,0.022409670317033073,0.001719732745074979,0.9931143560517696,0.0005067178343736136,0.0003054968117785006,0.0008186924077943197
1924,0.001959543256663612,1.1149367298068701e-07,0.00011351312553748043,0.011977968737954361,0.0001646395290239884,0.9975348850665071,0.0017150458295845776,0.0032864620345460023,0.00022407701741496302
1925,0.00026444024282705014,3.529385636492136e-05,0.00018406486760396188,0.05292311070782079,0.0005077793413233725,0.9826131429506473,0.0003782793121286372,4.190483477445133e-05,0.005076702807036664
1926,0.007839797863524803,0.00036335604163083046,0.0014123457246977078,2.0843192293844656e-05,0.008543214996369617,0.04814084733083039,4.539683264260094e-05,0.0013500843728234437,0.984580625864936
1927,5.4835315061690295e-06,0.38649894633594145,0.3106130543752515,0.3108683088384791,9.220389313559568e-05,3.9739900945168276e-05,0.002948084636374279,0.00023992923834616697,0.00022746374213710816
1928,3.921935645495816e-05,0.8738689523144411,0.06530007863212356,0.053682723641019364,0.002690771794665089,1.4729851580419812e-05,0.0028771484064307406,0.0003476521472371194,0.00059650455895039
1929,0.005509913952891511,1.103207713593564e-05,4.3424429242194677e-07,0.003311324755705317,0.0004911541964771699,0.9924752805645941,0.002096271602666899,0.006747976564932723,0.008325155613223431
1930,0.002624893191051122,0.023311870706247607,0.05299352752817085,0.0001148453795567884,1.5185160469307877e-06,0.0004886569721823946,0.9124521808828908,0.003709104878709183,0.0005439789925571509
1931,2.924846146069256e-05,0.04715874756784436,0.7348406432965323,0.07558224585048451,0.0018887526558525112,2.3762896408123827e-05,0.002484932455722305,0.0004011948436804987,0.0003234661812762964
1932,0.002281325303509582,2.6500198724108624e-07,1.1293211534989839e-05,0.01525317969315198,0.0001420649659123962,0.9908202401569062,0.0017849435788617617,0.008069700727626656,0.001366938275263599
1933,0.00010991650382996009,0.8879047104422763,0.21928594276708496,0.012742688702925107,7.771467511932494e-05,1.5850668502971572e-05,0.009086599952047828,5.916733532568539e-05,0.002813315964201872
1934,1.1718159458228645e-05,0.34392290937343833,0.6102125559627293,0.07946547087831911,0.0006448235418383308,7.183706709884748e-06,0.006584194356239276,0.0005659979173272795,0.0001401681745498243
1935,0.0007090573582953807,1.071596527861795e-07,5.2377908983293024e-05,0.02400146904016467,0.0001117799111754014,0.997707802926329,0.0006673062820746342,0.00265131749963736,0.00015551087432985597
1936,0.003275090446797227,1.014843425451478e-05,2.5346576671716096e-06,0.009889314388946777,0.0007071043887770629,0.995999122007195,0.0015495849951175835,0.0026022093706567664,6.785708565153087e-05
1937,0.0012065692569097307,4.010802003426762e-06,2.1504385978332847e-06,0.005429764615435764,0.00032633816472283093,0.9986494107994472,0.0007935447543232703,0.0008186190359606521,0.0010996370344818463
1938,1.9275289901352298e-05,0.6893105161614944,0.2499347796175285,0.07612014640258725,0.0014294161611310167,8.042082768555639e-06,0.006843376400267152,0.000539522527962024,0.00012047097619526991
1939,2.156185686131096e-06,0.9420010847469535,0.03981970154800724,0.001086583221564157,0.0444054098731347,7.709696978007467e-06,0.005205728748148418,0.005178052539979969,0.0005168650868727225
1940,9.839533596174746e-05,0.0012290353960924803,0.21369636668203315,2.8057771677518522e-05,0.0007376277161187347,0.0008213632134680882,0.025206003596061486,0.032847634127911925,0.0026035881463424785
1941,0.0021401063266008004,2.0964307305761335e-07,5.3958473152972044e-05,0.00869414606781323,0.00024383894601960086,0.9976293712550198,0.0012024065726147343,0.0035422727336440886,0.00040435941719156794
1942,8.158760230380193e-05,0.589778066419645,0.31687706012784955,0.00033834897872679447,0.004522295968143222,2.9343730039629213e-06,0.01535327145431376,0.004069061582028986,0.0031652763866304016
1943,0.0003977126948599786,0.26094967736092073,0.0033370400998740755,0.0005961491086162651,0.0039299658758029585,0.03270418941829597,0.0015628426313333721,6.984829424095507e-05,0.050952182269417716
1944,4.1988018015092155e-06,0.5063858636391623,0.4409564177090111,0.028587600007412235,0.0004911067113558598,7.432559173702037e-06,0.00308663654703924,0.0006751828103507223,0.00037342895451064747
1945,3.4784453874857014e-06,0.5417069795175551,0.26717482679532234,0.015427116824698283,0.021726695072728074,3.388626124191872e-06,0.0035230878805578105,0.006220809767450422,7.951080291331104e-05
1946,0.00439925584041731,0.0004892158209003431,7.103387526999118e-05,3.772069579515238e-07,0.13592810906948505,0.007672692603922417,0.017148809156069773,0.8815243371599797,0.0011373169667936184
1947,1.0595518248368964e-05,0.258519834340252,0.017583004760754018,0.0013500257989797855,0.723713324616421,3.972174927469607e-05,0.0001414483303382945,0.01239690293640291,0.0008167641762117449
1948,0.00027759018012298313,0.9966662540724329,0.005395342279592527,0.00938725170842494,0.0002832592358106597,2.0701735327059703e-05,0.0024813626019510255,3.598244011445335e-05,0.026393813792057855
1949,3.114192325024554e-05,0.024261878820357706,0.9587176501148301,0.035046182231109495,6.575682922983084e-06,0.00017789708250353666,0.18888320232324618,9.293114945522143e-06,0.01214736737129061
1950,0.04987411633106694,0.007518006501632823,0.00019428795608526962,4.54572007502571e-06,0.01594836417159476,0.043270264435626336,0.00026470892658589075,0.004663544640547007,0.8993674194042957
1951,0.07375089320234302,0.00357299407847307,1.0042706752753165e-06,2.474314220243193e-05,0.005645146603016332,0.0163665923891687,0.0005681443047801486,0.91943942056645,0.001457534768861423
1952,3.274555351209626e-05,0.0037016279153400987,0.004075471995239144,0.00036043475775502634,0.9891765567674231,0.00111168471390127,6.041961512188429e-06,0.03229582490154207,0.002892218303771179
1953,0.0001231456471266758,8.687445579899992e-05,0.0008055633140880174,0.15725625314789973,1.101468361865643e-06,0.3230969992739776,0.12434795091490397,0.0004070064136358098,6.111259807692763e-05
1954,0.005016708210542711,3.3416111685373642e-06,0.0016676023194954926,1.2816384767296687e-07,0.004236345597461247,0.0015991545125760987,0.0029407494150216255,0.9929666295683467,0.020616194565459177
1955,0.024927707310178984,5.134572475465282e-07,3.636235177334876e-05,0.0004766192966769194,0.0001017080911878907,0.7554336730732721,0.05426561622681657,0.08180408812440701,0.018708262856573798
1956,0.0014772624715619557,4.762248893855909e-07,1.1433916323488836e-05,0.012652918993875635,0.00016524988159292143,0.9968706788323451,0.0010887999072156562,0.004483693411840935,0.00042863650739067313
1957,0.0022895073985986303,0.0015690191398173678,0.07056963343167932,0.000166752597135934,2.887425882633992e-07,0.0004521918355168519,0.9970197896413756,0.0022940847889151585,0.001314629487167469
1958,0.0009463747785206,6.419786450196779e-07,0.00012648506952370767,0.011835653645265972,4.699242925172668e-05,0.9915483393702368,0.008664068450486584,0.0015196845216617013,0.000198800084792808
1959,1.442875246684429e-05,0.5316670779510512,0.35880343785607016,0.11743942795203295,0.000594726806256288,7.157454441734358e-06,0.00630159612189891,0.0005148231774757547,0.000160552743914562
1960,1.3892386652081768e-05,0.0010396409291397433,0.9237712813612652,0.35512666053802083,8.003565189776085e-06,0.0004835726257002467,0.12901094439201127,2.7004476965681247e-06,0.007638483407284235
1961,0.009865230404771703,0.0035878440364802647,0.003029330664215139,1.1482224206476196e-05,0.016885327826289216,0.006578831632294142,2.7180529669481605e-05,0.0016374978014432138,0.9909818152723435
1962,3.1946572204518e-06,0.9204388212902824,0.1018024227157142,0.009182626111884752,0.0005585552216399129,1.4718246012390742e-05,0.001903239256783255,0.00032764410147672636,0.002807681318169778
1963,0.004547993345132381,0.40669518895511514,0.0013914836452680534,0.00015673965138488026,0.009056357633428283,0.017335833782405084,0.004426886120276862,0.00013662447458414353,0.3546016572592886
1964,0.0020123952089265637,0.4135420298406271,0.0007313420266081232,1.3551882644625457e-05,0.021650485072751545,0.0001539064260268647,5.189167897563935e-05,0.01469454913274244,0.8186277861411067
1965,0.016803939275337264,0.0017508338854737063,0.010200576879149862,3.7823516653702833e-06,0.01434209402911496,0.005232439382652334,9.025900588863662e-05,0.0009862225780652315,0.9964966949920693
1966,7.638624210948248e-05,0.835746750985425,0.07134312997655226,0.04623737346649664,0.0007408688415330374,9.082005263438245e-06,0.010295773999511888,0.0004132057122991914,0.0012400045524318542
1967,0.0002624578738981699,3.870796377064778e-06,0.00018424359415597302,0.06948859000863572,1.1594211567523904e-05,0.9421512608963216,0.007853148905832566,0.0008362682772258748,5.879135942946677e-05
1968,0.20234650393874168,0.00224019474135887,7.716587898330902e-06,4.083657471987432e-06,0.003034748386380659,0.0009710261426774828,0.01812588952322261,0.9034721076965018,0.003184135085383113
1969,1.1630651694033772e-05,0.6004848999003835,0.22255099992192193,0.0005777238505522671,0.02582599349934328,1.3077774629850627e-05,0.00441068769539423,0.009890923896538341,0.00023305021032113323
1970,7.94346671158075e-05,0.3110927111020097,0.7180309938546297,0.00014318057100539335,0.005731557791333315,2.0784736334420174e-05,0.04442965101089412,0.0001002974855668576,0.012786949010877771
1971,1.764821745319323e-05,0.9664146963752892,0.031098389440591425,0.02447099749465107,0.0006669556489315525,5.191076452746625e-05,0.0036292547206467417,0.00010214860952953406,0.002854465280349459
1972,0.11546884603935786,0.0006347528603996869,5.506243058560525e-06,3.1047986888010816e-06,0.006675358733124139,0.0038216200331185305,0.0049111627993767846,0.9143440276456831,0.011570237717293494
1973,0.001880452541958897,0.001055831400257244,8.80736733043667e-05,0.012694263312171812,2.133823867987072e-05,0.12568927339810632,0.13759858353647209,0.0009395957218683076,0.009285446036765784
1974,0.011279112663457552,0.0047820262789540465,1.526948330182924e-05,1.1634482201521144e-06,0.00506709132312954,0.0008620381279065356,0.019193228162898347,0.9845412931914514,0.0011326851059369767
1975,0.0018361953745374517,1.2354823423928997e-07,8.484474012635708e-05,0.012155536408928854,0.0001839487053555792,0.9978844364155229,0.0014645703602388582,0.002531180750673557,0.00026964661526062084
1976,0.0012953939772239523,0.07224787308374406,0.09544512488933633,6.880834028526276e-05,0.0004185969976037497,0.0001421281313706954,0.002226792692885499,0.00037601213091481594,0.9471953025029525
1977,0.04014670254564456,0.014544030608754565,0.009008473277600584,7.12997573707788e-05,5.36422492186455e-07,2.584679777479552e-05,0.9960881167122358,0.013412653102481227,0.009550130807632593
1978,0.0015102256951726061,6.852333924408276e-05,3.887682344673351e-06,0.0009678516903351968,0.0016481941038573788,0.6609502895042879,0.00034629197087295216,0.32584734157113526,2.8743082216198858e-05
1979,1.8793029757717394e-06,0.49334440638031446,0.336092873028935,0.03558798044304392,0.00015386625924246585,1.9240829538649366e-05,0.0013333575568619672,0.00021780721540974555,0.001996007908679597
1980,0.04072996638119885,1.06833904890118e-05,0.008598025609540906,7.750438629034458e-08,0.0022472430342719675,0.0007092603926539909,0.03984772786016856,0.7400949121833209,0.0391930986470448
1981,0.00021587207987944375,0.969926803261001,0.009677723376638817,0.03282629302867619,0.00011659452605668251,4.226834365038558e-06,0.0030839877058839405,0.0004030896937405526,0.01190252814258256
1982,1.0552435909590626e-05,0.7864474721275695,0.19092601828389258,0.0009703783012335839,0.013552309872636469,8.743844532093375e-06,0.007011306080912101,0.005629232990750534,0.00020621749330648656
1983,0.003982779430942165,6.949778427261899e-07,1.2118630785325731e-05,0.004309772341707622,0.00026983948613416386,0.994128315144849,0.007340994755708702,0.004162630409720697,0.0007040831634609999
1984,5.576594600745622e-06,0.3054261340834096,0.5730912366270655,0.053783410710598445,0.0001836143722871075,6.4133191182686816e-06,0.004044255577501312,0.00019566196808157348,0.0032034461546989463
1985,4.127464022836811e-06,0.6898761053538397,0.30495009767121534,0.02255428720356406,0.0001323833672343737,1.681694957263567e-05,0.004067954824026752,9.812481825182099e-05,0.005480086310021631
1986,4.001767350301915e-06,0.4458461953596193,0.398637305763279,0.11043112252240728,0.00023840254488236457,8.19128251140953e-06,0.0019812965984468685,0.0004879865875583604,0.0005678889638108147
1987,5.720297975939765e-05,0.002204681962618474,0.07003268966816979,3.3173443957853374e-06,0.04971027423533378,5.050608739865783e-05,9.671151121104534e-05,0.2784258615595183,0.1938766769902286
1988,0.00022587337545436066,0.2577105380453033,0.04322151364127432,0.002027316416534153,6.2334191648947946e-06,0.00021829952454351052,0.23071779486158223,0.0012883465074598555,0.00041097463444342644
1989,0.3148477719523631,0.00039605931129116427,0.0003536110289469811,3.1097195728099385e-07,0.004134123741859695,0.01378602253977339,0.002461589575410383,0.02279171563854841,0.6620434535786804
1990,8.51290612947875e-06,0.48405617230585085,0.42426914259921694,0.11298120278983256,0.00036532629691293154,1.3485954640502783e-05,0.0037113692070565247,0.00027151106769491304,0.00040662731833024086
1991,4.022253282780045e-06,0.6076044381651029,0.39671746577248673,0.03379221120754672,0.00030880346782158954,9.77621862731046e-06,0.0026110523118220994,0.0004210741604114132,0.0008098047044409119
1992,0.001579746821828661,4.422141021038662e-05,0.00017028449127280955,4.7060677774624917e-07,0.010966963720417371,0.001591181546829504,0.0007372014847056974,0.998811529102074,0.0012449706923125107
1993,0.6029204886726879,0.004907487938299498,1.523085855973855e-06,1.1814548979607127e-05,0.001320507330396759,0.16427750347571424,0.007573320470581083,0.007331044644380234,0.11353718965613256
1994,0.0017634854554809346,6.004875201147577e-07,1.4608285498382852e-05,0.008453124412236043,0.0003563146619858969,0.9984674309925264,0.0012270231803759473,0.002807900058097612,0.00011439202706003516
1995,1.0495725695557536e-05,0.3829890842993097,0.5462777362329502,0.08654796793607217,0.00046206233625529136,8.135328462324541e-06,0.008487662147796986,0.00046650994817758087,0.00014195229552320303
1996,6.898621312472948e-06,0.7938274012271219,0.15938937027403138,0.050400195110642323,0.0012290549501563252,7.767508101747053e-06,0.0033653432344632342,0.000887246911980718,0.0001664376437561711
1997,3.6860386480419954e-06,0.9402541913765003,0.035190515516567565,0.0018135145736910142,0.04741058306805511,1.158771180537322e-05,0.004164723016055855,0.0032635382297422086,0.0004887418948055886
1998,0.07226450363685676,0.0035605880434483534,0.0030749583877625612,1.603459960001943e-05,2.274591341269092e-06,0.00030504259600069275,0.9804789446283968,0.0408537273159124,0.020266355602264703
1999,8.749572357862811e-06,0.2918152534652639,0.3247188438355852,0.0010304818013247455,0.017563861918913307,3.643635754117028e-05,0.005641220575080216,0.006544925280085347,0.0003066436208186756
2000,3.994163187196125e-05,0.0026386740003480594,0.0024599906788656087,0.000346054742676062,0.9940528991544106,0.002172166650685035,3.283300627191463e-06,0.0314544790835187,0.0034871886897396734
2001,6.014231882650439e-05,0.007255018213580985,0.0020462962679913183,0.00025949301167658333,0.9927048306202811,0.001237711432962811,3.8860995550255526e-06,0.023762933896434496,0.004047325877090689
2002,8.412671477557732e-05,0.6082290940641507,0.17089675304831795,0.005568266156719358,2.294873456208638e-05,4.2937189600104475e-05,0.05457217743585476,0.000274389523625168,0.0010126611684233018
2003,1.6844194835344875e-06,0.9828847800513684,0.013224267194805713,0.00322452452590005,0.022025375432947792,6.7952343100948905e-06,0.002620149692973466,0.003677145201957755,0.00040265954642853863
2004,2.1096028213210125e-05,0.011099539314653845,0.03156351778846238,0.6630499240859867,1.2985211905856378e-05,0.016280269912002206,0.021598714297843394,1.516495633221831e-06,0.009694212790318967
2005,1.4727832135358681e-05,0.09717597364723238,0.8793128753138123,0.0006628346583588397,0.002032538172941539,1.796158736443568e-05,0.10371433911235833,0.0011746080396654382,0.0016757865060386757
2006,4.4943941079692824e-05,0.004629298521664573,0.0028738203648034275,0.00033640063071510774,0.992587824699122,0.0012870242154316826,4.875213469444274e-06,0.023423424551585626,0.0037085511747487216
2007,1.9333113322922094e-05,0.4795019755617174,0.39491187977009723,0.13365384856945353,0.0007238257873640887,7.793325155915557e-06,0.004748627825956334,0.0004967226863026643,0.00020098766555403646
2008,0.0016988236733043835,3.1590659168820175e-06,1.1926639522799794e-05,0.0047643162389072215,0.0007856750415471312,0.9984175042881834,0.0006006644296313627,0.0010673029882932105,0.0007253264573128434
2009,4.8779268657989976e-06,0.9805399285638662,0.028203149840362048,0.010408747411833416,0.0008915874422648682,2.16754422040276e-05,0.0015503125305944563,0.0002982254859767258,0.0018114573701027412
2010,4.251466582855259e-05,0.9879920192207138,0.015453953093712454,0.01798127080141064,0.0010358218313730812,7.023819480480145e-05,0.004198487486191161,4.43891468993487e-05,0.003698400643571584
2011,4.407188253346513e-06,0.13394604295139656,0.8044340869863316,0.08068197719492859,0.0003224980532484764,5.772304268189388e-06,0.00268090480089329,0.0006532488881070949,0.00022498715089318535
2012,0.012109089578170067,0.0004566023466554742,5.4883771730942046e-05,1.6215259592975574e-05,0.0013693586653654225,0.8812315204534323,0.0018421052618828998,0.02400594077631986,0.002158430089452597
2013,0.0008961579924262411,0.9834738855404117,0.016705710891339237,0.005086973908415244,0.0001198417902603005,8.626282926081263e-06,0.007777846834853827,0.00022224882842801277,0.05745354493229551
2014,2.9999195757068e-06,0.5374937558009135,0.28685045642281326,0.015195993385777578,0.013494094237537344,3.0869089428982006e-06,0.005378898622391568,0.005006332726820231,0.00010899995276702396
2015,0.0001696218325782907,0.1355679954277834,0.005714410493153483,0.0029797414625269787,0.00596446479131296,0.006507403984653504,0.0001239046883046997,0.000987752625344917,0.014441413639847174
2016,1.0827288202875332e-05,0.7526397111624382,0.23340656814047317,0.0010259884908199275,0.0097238362357003,4.068910446308113e-06,0.017908345110453305,0.010746639332944436,0.00023557697804106622
2017,2.674957446943498e-05,0.7527254270289153,0.16950682420370397,0.04558883950164389,0.0018223722352292745,6.871128393926434e-06,0.014815753866190419,0.00039131309169446556,0.00012412132160052126
2018,8.37098589466876e-06,0.9261511212028724,0.03675468095205068,0.15845731737150104,0.0002854378256410916,5.0725883821499466e-05,0.0013611136782491209,7.365567140207812e-05,0.0014696556930679132
2019,0.010466386311642019,0.000961430434495018,6.155081322190629e-06,1.0357768235124742e-06,0.04580434542112063,0.0018074854812770585,0.0016732342806733036,0.9979923987136914,0.0007667773488814102
2020,0.18589912091510022,1.6021971190995434e-05,0.0007550232866098617,8.606081233995152e-08,0.006241896451762649,0.0028763625598695356,0.02047339954990211,0.5551187014136942,0.04701048016070446
2021,4.22354360363383e-06,0.7922609903369563,0.142777232799883,0.04329914305105899,0.0005813499928006269,1.2318236805271101e-05,0.001898289325938168,0.00039425877519339833,0.0006069503224714665
2022,0.0011040600479427095,1.6298890240289757e-07,4.17913114810727e-05,0.018180474940939415,0.00013427373742341857,0.9974513725885374,0.0009470835407708549,0.002937656431367435,0.0002382973135356445
2023,0.001499906410545318,5.64237282060782e-07,1.560451664755755e-05,0.009331435719246968,0.0002691407617376411,0.9982300874958695,0.0009904631509203145,0.0015544781726225467,0.0004612993278002386
2024,0.02435914463109675,0.0014098153654531608,0.0021711993296509432,3.323807619306576e-06,0.006340436688162715,0.010764865160387936,0.00014686390091944786,0.0020795181703297753,0.9884299343387783
2025,0.00844535823262163,0.0016002203392783921,8.347830665227024e-06,4.896098758444858e-07,0.054794641353437694,0.0008619059713737974,0.002833977108477411,0.997106885242389,0.000932448128619014
2026,0.0010370663516103412,7.875435252086442e-08,6.682588401766284e-05,0.02271888437876046,0.00013807180634362447,0.9969076401464411,0.000985430760317209,0.003063899705774555,0.000221732267988189
2027,5.1893303925416856e-05,0.009236841397846743,0.0043239618057809275,0.00029304140139895456,0.9853825662656518,0.0005631739093564303,9.862427308143632e-06,0.021953674081527277,0.003027244284824834
2028,1.1897943423348843e-05,0.08313218397249533,0.831110072848905,0.10550390036276047,0.0001124480769272971,2.3991168515317492e-05,0.014535800672916254,0.00012680285942134542,0.0005638031143929206
2029,6.304867572931631e-06,0.7511623642989477,0.16619146609140817,0.03174598874166403,0.006796338645185077,5.359855970898809e-06,0.0037087492933563014,0.002174234828074154,0.00010115972924854194
2030,1.5183933237189128e-06,0.9872778051390285,0.011243934238478411,0.002350391970947945,0.017748473900996924,9.505613144721493e-06,0.002222748752101782,0.0034243810396969803,0.0005655689539600234
2031,0.001888181400668123,1.1436250636396086e-05,6.73171436129207e-07,0.005308390539980048,0.0007160846106628341,0.9988777237288264,0.00038069125453004776,0.0012825275106961628,0.0008364265939963773
2032,0.0001346410564150725,0.027231173400539883,0.005644705705196671,1.8607069608249103e-05,0.00040778772526792726,0.00042230895644756956,0.5185026703521174,0.6325815809243327,6.9135891592421645e-06
2033,0.0022477627134972113,5.353598300875394e-07,6.453501619708707e-05,0.0054142740548860785,0.00037188017577231873,0.9978784516132042,0.0014140096855363128,0.0012112622675482423,0.0005600189661786274
2034,0.0019047471897054105,0.0649796801005593,0.034568794736850796,8.226004332973469e-05,6.433383419428725e-06,0.0001435279556512873,0.6559115151601135,0.008334723895094157,0.0003739008618215167
2035,8.791386404615225e-06,0.9946149812209254,0.005873358662141782,0.009003761297847227,0.0027716467563927596,2.532505910493252e-05,0.002123286337492545,0.0002933244425551013,0.0011808896217670802
2036,0.014297605653895673,0.0010096623654816481,0.004605895809037572,1.6115228148764418e-05,0.0062762063246103025,0.03129476929486302,0.0002115605707106792,0.0011862871303674565,0.9555748335693176
2037,0.004286529405558467,7.001062377102214e-07,7.057948313318166e-06,0.0012736315782640297,0.00031212833715581906,0.9622040331554411,0.02678571115311275,0.06332651832972201,0.0014080597298415875
2038,0.010524711274114952,0.0019971187735505335,0.004701356916317185,6.7778343456655164e-06,0.008553818785880064,0.008194633956717087,6.613291809896919e-05,0.0009488773202606416,0.9950053882508563
2039,1.2889132010863026e-05,0.567057877026195,0.27140390707841966,0.06848726577185398,0.0014871935744475773,5.429131179320894e-06,0.008059486755445416,0.0007520130338398062,0.000129475388544108
2040,0.0018496614382290074,6.842528183474238e-07,9.437988789974825e-06,0.012989375536640344,0.00045426278642203246,0.9972218282252879,0.0004994163356025414,0.0021711285521430076,0.0010570100532654985
2041,1.608497474663139e-05,0.7270207364838016,0.18038039567459827,0.05607376006407239,0.00019668261297439913,2.083081203844796e-05,0.005997881289432738,0.0008306711348047542,0.0002974669581698563
2042,0.0020707987029077446,1.8099905892344913e-05,4.949477641737725e-07,0.0049163073166993195,0.0009781437933857823,0.9990917302830294,0.00038048948035400654,0.0010303051825831656,0.0005297906381596599
2043,0.007975914806547964,1.325863132138827e-06,2.6923318886230653e-05,0.004697952579452432,3.280058755021156e-05,0.8622220136507867,0.06303868469461575,0.029129776006953233,0.0033737932878477373
2044,0.0010663898088910165,0.0006285649447463984,0.00036035583059244354,0.012230298046326787,3.88449735848795e-07,0.016745292171133873,0.9780561630867276,0.0002576601578971064,0.0007398046225567816
2045,7.089621897118345e-06,0.9794852446081921,0.038146845930746555,0.007938703372959348,0.0013833921112765646,3.2542405401513006e-05,0.004606739015788435,0.0004970356094806156,0.0009840789077391395
2046,1.6316311134484355e-05,0.9958596855263724,0.0029251517596888123,0.03953411217660063,0.002864847723246071,2.3408094498617668e-05,0.0016925995988387042,0.00025709213150857096,0.00043804068099242895
2047,9.868114267200647e-06,3.495646199332463e-05,0.14341783077868442,0.9348862724794124,5.678819270636497e-06,0.014132340070381074,0.009503905008214061,1.7709844726126233e-05,0.0002083983206711648
2048,0.005124504197855805,1.2142089456145584e-07,2.4503882224358975e-05,0.003863073425457801,8.34543969814456e-05,0.9665521257855062,0.03093219521667503,0.02285567000001084,0.0035709354797033646
2049,2.2385833362403367e-05,0.5397105488745036,0.14650761616927732,0.00027406493234045665,0.01389563388044996,1.1596741001709132e-05,0.011173051162160238,0.01581009722757675,0.0003185791221017101
2050,1.89773433936373e-05,0.10034353698971915,0.8668086894220803,0.0004011971520709568,0.002616934382292651,2.0140023383014597e-05,0.07765065978843845,0.0015151871929047133,0.0014607019976173394
2051,3.325878746857282e-05,0.35115511499660373,0.5316630799988367,0.04969151477401411,0.001517118592205009,7.848833727562823e-06,0.015128200301822763,0.00035338543165105686,0.00015673035035721045
2052,0.00031135877105741846,0.09310924641415738,0.07489140510657459,5.019213700573888e-05,0.0036814814649917655,6.585566101676621e-05,0.05378156542785508,0.029926076251172756,0.001934611209805448
2053,7.774270919504944e-05,0.9127059115466307,0.07699799586052107,0.02060707368219829,7.219743959168493e-05,0.00043434115457002023,0.006194260971965252,5.1588250884091525e-06,0.03760596773128504
2054,0.0074758638937680085,3.0391410267110995e-05,1.1367293070539088e-07,0.002935206700632725,0.00038948778191774474,0.9895676299226637,0.002163263663681246,0.010853496756876392,0.019484431109197186
2055,0.05461624593398048,7.279112918571483e-06,0.0010356091099772676,5.099077432787256e-07,0.0023877442181633596,0.0033246442301068176,0.03755229223084672,0.9253837076160589,0.036771590682437384
2056,1.495096677043099e-05,0.0036539507338227972,0.19107362616948892,0.03563283327397351,6.1205209808643586e-06,0.0013640591571943202,0.13932236998821335,0.0005227799024739728,0.00016521704136055715
2057,0.007748587541225346,8.29537272911729e-05,0.00012621786227767377,1.2849457778907995e-07,0.007064971143903229,0.001868000262826645,0.000991624572295395,0.9823976873846089,0.04872017615747393
2058,0.02284923785394652,0.0008359870959018534,4.695452177233573e-05,1.904437369162267e-05,0.0024461145977806697,0.860763497525126,0.001435922839982711,0.007715951175564532,0.008821739090644735
2059,7.619703368657816e-05,0.006344659788657891,0.0021308378701639322,0.00020475312466540756,0.9929752992329639,0.0010690080171990024,4.495111632134916e-06,0.02222916834050251,0.004849924754258128
2060,0.06658905029386211,0.0009644006305915553,0.00022785965430192483,1.332986648144264e-06,0.0023803536937741384,0.025732793099445227,0.0004012121701481614,0.009889797609566913,0.9499236051126059
2061,1.2545689889402114e-05,0.3581254878687962,0.5451453852500205,0.02654902159081934,0.000604990516002197,5.06389612558405e-06,0.0045279982226406265,0.0005787897917949442,0.0013913930796678607
2062,0.010626499622356261,8.113873851652273e-06,2.872099199385891e-07,0.0020223984150632575,0.00019815586942335906,0.9663399051452889,0.010536014802320231,0.025813703408368242,0.03680177256372262
2063,0.009171651832055561,0.0031765602182765957,0.0037472825214272284,2.6238145273120123e-06,0.29664631804078956,0.0014052947991057224,0.00013716228817792174,0.006165332422306829,0.9699215433582579
2064,1.7210904106084348e-06,0.6835127495290383,0.28086242121901467,0.009779791239119569,0.00018776087746545197,2.140413897648365e-05,0.0008878908236332143,0.0002514182261844933,0.005576918355661712
2065,0.6658941107784712,0.001614290190423343,4.0365583021564565e-06,3.153557022474554e-07,0.0012215551376977612,0.08987937735957538,0.009432272677404836,0.05633129064271443,0.30509191239832445
2066,3.3309416893796844e-05,0.08150780480672955,0.8577694578556674,0.053064353418230285,1.6001567325286313e-05,0.0001349105326244595,0.0713237834790501,1.4794838975952048e-05,0.00625585988173992
2067,0.00013171652045210967,0.9024926059342754,0.008472466303937247,0.10693413098771068,0.000141607461508374,6.882075411383344e-06,0.001786202939379989,0.0003869219692625242,0.006496703520342164
2068,0.002771913879965206,0.0014392713887874445,2.1599441997596212e-05,4.050484114691346e-07,0.19896562114248612,0.00999570693847508,0.0002589499125298405,0.9876013880296399,5.9263239969454354e-05
2069,1.8904566401787714e-06,0.17295134886285152,0.8598238981741209,0.004982875449598833,0.00031936025083551743,6.168443813005613e-06,0.0016819433992847502,0.0003954870073024082,0.008178497585381252
2070,1.4339689202800903e-05,0.952984928601094,0.027705901374438534,0.07539412015688524,0.0011541549237315428,1.7045874762666112e-05,0.0019316198450335246,0.00033959207949520073,0.0002211298211709237
2071,0.542574947531862,5.2318401984150065e-05,5.718612989560288e-07,0.00025675906724642264,0.0007033507228714659,0.7850994693250143,0.015049078317269949,0.0028443038021036347,0.007201033326379816
2072,1.0364850023319518e-05,0.3899453542320812,0.43328463070981843,0.030578312583046757,0.008455183699850153,4.73946256010952e-06,0.0071006714971152485,0.002143714865756651,6.328427706175892e-05
2073,2.7932343035980185e-05,0.28544705509028956,0.312810409559096,0.016047807058950755,0.021264718417251045,1.7666166202835653e-05,0.005775170136609142,0.0009140194829989465,9.3957203113205e-05
2074,6.171767333401542e-05,0.015051548178212807,0.1001185333827945,4.821970399744612e-06,0.041251289216385066,0.00010543218712044585,0.0006990264480433369,0.06471801142785263,0.23269367355924478
2075,0.13328044006505002,0.000341395044729992,2.019355464249363e-05,7.875628209435797e-06,0.0035453435479180003,0.01135018103729682,0.07062703764764301,0.5683456789846564,0.005250850921572614
2076,0.002196698631925732,8.38538050102592e-06,9.012623011765322e-07,0.007819631201300649,0.0014786476650131158,0.9988577161674956,0.00023879830378540541,0.0008082760920702886,0.0006918120233942588
2077,0.0010749495114735542,9.116549919114417e-06,1.3968336950387613e-06,0.004981167965059207,0.00040801716637284534,0.9986211592163726,0.0007192012877739471,0.0005369883724606122,0.0015695657324663775
2078,2.624254020553545e-05,0.31575617291174185,0.6130223911097378,0.05445918515377324,0.0011511015282122097,8.142611950158476e-06,0.01459370471751838,0.0003833733288618353,0.00015923657804722341
2079,0.08559620843986943,0.0009583316522431085,4.4078746419710915e-06,2.2709925449304314e-06,0.0013449714053207305,0.006140384717314675,0.007578297633382058,0.9041188463973424,0.016479601156728196
2080,0.010464910995638222,6.410174355725796e-05,0.00010619198278028295,6.80734801548401e-07,0.009037530703283845,0.0020322654024716056,0.005881774384329274,0.9937500589061541,0.004008894303685869
2081,0.00816917434292437,8.734690280598139e-07,1.2915036791379136e-05,0.0016157159563322794,0.0002724573084341582,0.9612460178826496,0.02640659591708196,0.028428478203853958,0.0014937470233053114
2082,0.0006130579476944191,0.9722888699202051,0.005088671645173191,0.02402280682124778,0.0001074236214363699,4.410199872663595e-06,0.0036761206558135443,0.0004754304810342701,0.04040235750792813
2083,0.001901826829472076,0.9242163675207801,0.003309185022725293,0.005921909194451511,0.00018707125867879312,0.00020734425953909785,0.0036696489306785834,5.772458900677968e-05,0.31430490306266684
2084,0.0016964105739273663,3.851143425635433e-06,4.135981221523791e-06,0.006204853395498039,0.0005970578030457599,0.9990218386479705,0.0004197700145652493,0.0007695338685350656,0.0011380859421227048
2085,5.178222068331473e-06,0.16255358023086358,0.7643293199550395,0.11579132708385645,0.00016043283870427705,5.5971115815128985e-06,0.004838147254170181,0.00043286292090651945,0.0005084841753960598
2086,0.0014211009342252605,1.4870108678027639e-06,5.050227170538444e-06,0.009066131709848782,0.00030147142148444504,0.9981941741042905,0.0006310764579469116,0.0013717536569217846,0.0007748851772687156
2087,6.551007188121222e-05,2.018620115902706e-05,0.5494118408567398,3.2591711784534865e-06,0.005571169553459475,0.00024690717386255953,0.0006862941215231221,0.4690889389604948,0.004520152950352547
2088,1.6839902508817864e-06,0.9405486299414113,0.06380839794701947,0.002187583466130971,0.01685859059148877,5.724188222552491e-06,0.0010592688216648502,0.0034521798315471958,0.000681291635116402
2089,0.0009204031422332093,2.6059678004711415e-07,2.5381466299205882e-05,0.012652048953350465,0.00013267834005751403,0.9971782415552375,0.0014511366546486205,0.0016306106981588283,0.00036452948314822124
2090,4.865720900091794e-05,0.20611696427031773,0.7181355335595145,0.0005714198600172052,0.0019842305212655373,1.11005981149015e-05,0.022945100201225463,0.0013032224834863436,0.004459026318163456
2091,2.309560693880027e-06,0.7029654202594114,0.07104143982950269,0.11971393796536066,0.00016795039749962403,4.356364569130536e-05,0.0011502522614717215,8.49851552493561e-05,0.0025635491170781155
2092,3.421795958107863e-05,0.12649215321885898,0.761336032537118,0.04123847849646681,0.0005414324362627875,8.337872128446524e-06,0.012054050657081055,0.00030396691809138424,0.0003338861968879022
2093,0.0011149369725285331,8.790306247118769e-08,4.1442616580541134e-05,0.023670861788825617,0.00011760980918437523,0.9951502866530556,0.0009984632705294751,0.0050824290047358014,0.0003431717926725792
2094,3.525092276254609e-05,0.783895292802879,0.06572240215493452,0.1118694869409439,0.00011635068087410002,0.0008891518309617621,0.002680780410246355,5.4132606414304e-06,0.007550388412552155
2095,5.891500349706434e-06,0.47499245261239476,0.5033482037944191,0.001074504264298162,0.007360663075098227,8.84549592770233e-06,0.024818874794567045,0.0062603597917652186,0.00023186985250858578
2096,0.001031359033402044,1.3163816250808527e-05,2.318760537394171e-06,0.005377743814865038,0.0001866298381201053,0.9971190749464619,0.0019193111594470538,0.00048284902365405125,0.00150249284840072
2097,0.002022486887327503,8.699541214446109e-07,6.380897520281014e-06,0.009019631727645451,0.000410584025588784,0.9969813986955128,0.0014864645483167575,0.0029263296418854854,0.00024819334350497253
2098,1.940856334768719e-06,0.9072822685387202,0.07117983882847241,0.003083547356792004,0.01975995799831959,6.02587149860648e-06,0.005803063390628165,0.004573527605534913,0.00027665279669118
2099,0.026681862388944873,0.06015996229495577,0.0025834617768966755,1.6294372985872026e-05,0.0015661880863796999,0.0008739116756012123,0.0013143518062311273,0.00038588083401290145,0.9766047593918337
2100,0.00017955268365037983,0.9079504352086699,0.12131587084396564,0.013201357417831152,6.0585873437389814e-05,0.00042576007619985,0.010344733399414668,2.8682862923819923e-06,0.04667650543896179
2101,1.4202779883892457e-06,0.23456593618122343,0.5986509827309598,0.012232006100767035,0.01476003180744259,2.4114636744619407e-06,0.005885783931199202,0.012741690929622504,4.761524721930126e-05
2102,1.7216277493803664e-05,0.9885529096812866,0.025076783836283367,0.0209077286119873,0.00013003700326855172,4.058821172783775e-05,0.0060948717579597635,6.277435714875888e-05,0.003365461807776161
2103,0.00018891912279707997,0.01293744445911508,0.8529666632760273,0.00766738267849112,2.807557519013611e-06,3.334435305023209e-05,0.8160389877883253,6.042884301640326e-05,0.052341374158059055
2104,0.0006823901350345096,0.9913864887915976,0.010932459124686817,0.004896074703547825,0.00011889709387060797,9.448097598457655e-05,0.004152826525600798,8.690024011538188e-06,0.1561595360697645
2105,0.007487781624502961,1.0056987388557947e-06,2.52622082783232e-06,0.005184407772180787,0.00015677457146587626,0.9734800323646989,0.007494892389466689,0.02825711834902216,0.009003239696611277
2106,0.0017814799283941778,1.2616779087998824e-05,7.44902568324446e-07,0.0038470488783290202,0.00049890412976627,0.9988097829941611,0.0006846949770378791,0.0009027620120883478,0.0022142294809148477
2107,0.005574991646946589,0.0018960782479668524,0.008338267774351612,2.289831448154222e-05,0.007101968334933146,0.010655896583702593,0.00013033255572040788,0.0005600158390890535,0.9908277840813844
2108,0.0009657425951233894,1.626355712680511e-07,2.861391657775553e-05,0.022871368428293473,0.00012680926022212342,0.997136482196897,0.0006343680339479055,0.0038567371582807495,0.00025498341265721143
2109,1.2124483134540754e-06,0.051452613986792364,0.012982296284714876,0.9408496110191604,9.450994249812223e-05,0.0013393766912971452,0.0011499709949341114,4.099552438816007e-05,5.573541842900437e-05
2110,2.0646757302128923e-05,0.8188300468255835,0.10744888641419505,0.07868255587595763,0.00014333777683947334,1.0851684633945334e-05,0.005036831371782561,0.000269576074370331,0.0033254296834420295
2111,2.4956698051505827e-06,0.9868906231623003,0.008151726939579178,0.00833473444677019,0.012474849280214731,1.0592803278233643e-05,0.001792513069173307,0.002045808091137822,0.00030255357876755336
2112,0.005754731731966938,0.009290368297959437,1.2382397876979164e-05,1.4243361416290304e-06,0.012999657863133725,0.0007177666460808236,0.0070644991494609,0.9901909847063481,0.0004899216222428781
2113,0.00021594895209531536,0.9229672441782478,0.008430821684741652,0.05841724700940747,8.84736473902561e-05,9.320157316000743e-05,0.002734434023187245,2.5252513027595135e-05,0.0393804334944373
2114,0.0006558026419643008,0.98164139311398,0.0059410506625636045,0.010454475953853582,0.00011670111881235929,4.308898223357867e-05,0.004999637819840541,2.062780122064956e-05,0.24259641410427707
2115,2.3064163654127757e-05,0.33279160695259385,0.033665796599132936,0.46966172700556996,4.971670306185592e-05,0.00023205947349173552,0.003548393883130471,1.8744615542996953e-05,0.0038646945458555093
2116,0.0013910910993452839,5.722219000554834e-06,7.652308064079496e-05,0.0052121718376177,0.0007441398992720489,0.9954282982073208,0.0009617451895473458,0.0002749162980647745,0.002834427563611653
2117,6.174312369294342e-05,0.6218628295947787,0.5059084251440262,0.0030991195458962336,0.00016286373277747557,0.00023064680618115548,0.025498123227735654,1.3163998896200861e-05,0.04837603256149533
2118,0.8327545436197831,0.000905835071153404,8.42568347235964e-05,4.2094271878419435e-07,0.0019296450202307407,0.01793504385636088,0.00267392618868422,0.005236387459335656,0.2264054789878654
2119,0.006302994169806881,2.078056408049295e-05,0.0002158535439858435,0.00018852328741137284,0.0005897708540262679,0.9441512726376089,0.0027500202390013714,0.004749935808639823,0.004210540801981011
2120,0.036195659294835855,2.236686235990398e-05,0.00016976385907208432,5.301125810606351e-07,0.008063380510777056,0.0040148107099474955,0.015413555687372902,0.9770966237290303,0.015612184495354984
2121,0.2068887442266726,4.563553658191389e-05,0.00017571146176945628,1.6456035451904338e-06,0.0010692662567863807,0.0070666985767897945,0.0454089853994064,0.666634021164273,0.0499497467653366
2122,6.224717808924183e-06,0.9778346165733709,0.017371982358724773,0.03538408419689683,0.0005188285853875904,4.649069982602376e-05,0.0017803133794852871,0.00015062012398101956,0.0026922378052511423
2123,1.1309395242393742e-05,0.7471830229307764,0.30955132171700583,0.0011338778710907006,0.008635561842006433,2.8868788759032276e-06,0.0022418125047165166,0.005367039161885077,0.0003133506851786428
2124,0.03148372927010148,2.8448842172512435e-05,0.0001122829378005341,8.734491519942966e-07,0.007433938838341316,0.002339635798322663,0.007241101302592248,0.977761897050618,0.014237464431648247
2125,4.768756205676375e-05,0.0026556360020493918,0.007396313804150151,0.00028009797706677773,0.9749554121774019,0.0006319412898337344,1.377327217944035e-05,0.045770628510778635,0.0016654902203694006
2126,9.9615138400664e-06,0.7138108352354525,0.2205714260379918,0.08184501299425105,0.0007353402818237529,8.09992519161661e-06,0.004716351994461154,0.0006056355597967785,0.0001307724848207899
2127,4.672106514596091e-06,0.44672410001506535,0.3360000374076001,0.22456538846929613,0.00024166071425779946,1.4357794674420369e-05,0.0019653778878093294,0.0004363193979896857,0.0001650672184312053
2128,3.3524370082897326e-06,0.7784210593459887,0.2665033673912816,0.016678084185058985,0.00017043734767542375,1.1421743590144573e-05,0.0028611841023089063,0.00040182811926976433,0.0023558489025749894
2129,0.015607019134889585,0.0002878315933875463,0.06663691955968473,3.7080298109854566e-06,0.007469725436726506,0.0025339005958624626,0.00044928007566918325,0.0007757454911605628,0.996460734072305
2130,0.002334377896970431,8.607138358445595e-06,1.2070991045832182e-06,0.005409690885230709,0.0009670009968823626,0.9990117347363794,0.0004349670834209734,0.0008639653955426582,0.0007531629677738473
2131,3.557835978883988e-05,0.9204576728903655,0.08011498781932959,0.001034472626370702,0.00937954608292346,1.1904079341562373e-05,0.004549177269432262,0.0019473965384313985,0.0004241023172152051
2132,0.02769210508303248,9.5226143710308e-06,0.00047947948566201906,2.5758666652275877e-07,0.006922935890321076,0.00901696764384668,0.024281803748300843,0.9716104926363959,0.021540110310531407
2133,2.8194504355356193e-06,0.2853577219161847,0.5421662228477494,0.029878549595897565,0.005159185605008764,2.6092195001634807e-06,0.005808354917556631,0.005744826659374486,7.559966507387861e-05
2134,0.0011379317680395877,1.075133183054656e-05,0.000769848695858088,7.545848834367219e-08,0.015523695116196327,0.00042646536397695676,0.0019953277533517255,0.9992432684472249,0.0025398291781813134
2135,0.0018159750758327136,5.846335692932549e-07,2.9111407139491103e-05,0.007483269095112226,0.00036554962168156295,0.99868383406227,0.0009274095101662798,0.0012746781806930606,0.0005055288244486834
2136,7.653650703966626e-05,0.9896721806524424,0.005080088056977369,0.02686066843487116,0.006484981718825589,1.150838146998726e-05,0.004329791619554813,0.00024759345247751905,0.0012528479707348023
2137,8.41055426008804e-05,0.24394970268692107,0.004552930102890913,0.04228668659241922,6.411800148014039e-05,0.014900707045621731,0.005284116079312725,2.930741763908727e-05,0.013987326023280197
2138,3.3408546304586938e-06,0.8851458060999692,0.12476315338245875,0.01695066611548029,0.00017822386667473665,1.93735537191349e-05,0.002351339087885409,0.00020704840447159002,0.004017115912457426
2139,7.500793960585211e-07,0.0023144636923166013,0.051196569314418953,0.9877944099969747,6.064172445290686e-05,0.0012091040572480708,0.0005964849866732844,5.16044593915992e-05,3.462251216329004e-05
2140,5.413574373872993e-06,0.9455816914880518,0.0625798866583204,0.002668211060816007,0.0025929464066556988,1.6414788302527983e-05,0.0015338258925764587,0.0004114793097706754,0.0015436937395610544
2141,0.0019793366394666332,1.0479107999282622e-06,5.9921108668062664e-05,0.005503807729078644,0.00040308938124773377,0.9959174192270938,0.0012742186092652471,0.0012834807997422755,0.0007151512026512495
2142,6.922462030723831e-05,0.9568543980003803,0.03873588072354599,0.03934125990027607,0.00017022810113557178,3.539941575446364e-05,0.003428821475654235,5.985539036228917e-05,0.006321244386480544
2143,0.0008812548406921027,8.043681718001043e-08,6.624606148607825e-05,0.017493538575861885,0.00010522067990047304,0.9969590661805758,0.0012932399011571442,0.003029396385862705,0.00024128471363497287
2144,0.20620091046668804,9.423730977957116e-05,0.0009554812997147247,5.387203029277364e-07,0.0014162752623903309,0.0009596366274656784,0.07688288929768307,0.4752733290112296,0.01048712420891487
2145,1.2496698709064394e-05,0.6738391297431916,0.32911420328992824,0.001773080971482745,0.004693390788260859,1.1292301867940734e-05,0.026213251544523707,0.004248228196275669,0.0002966685465924792
2146,0.002021935562124049,0.00021850856523654267,1.642640551651796e-05,0.00507275884556782,0.006786916644577185,0.9597517101186231,0.00048679256520373933,0.0001127801560332891,0.05425350191320647
2147,0.04663024710510685,0.008496378952093273,6.3743212407532605e-06,8.91976634042047e-05,0.00619722229604523,0.3948081059212308,0.0017157757816369528,0.0032594954473439044,0.3969121309526347
2148,0.0015103039421660647,3.886611810315523e-05,0.00041792720989428626,8.799223297378839e-08,0.03957227135127124,0.0017345773920767733,0.0006856957966916301,0.9986818066556722,0.0006458158648142523
2149,0.24996594530325514,0.00012335840656282454,0.00018671271709953005,5.234648525079674e-07,0.008750960465095574,0.00041571881213252516,0.018987224938114423,0.8682911556394248,0.0007319153633333075
2150,0.01041339792293243,0.013559373380158037,0.0022229133005491654,4.0462432846154915e-05,2.471547905387426e-06,0.0005625873668997797,0.9656209407362226,0.02736170646617665,0.00830975930776574
2151,0.8612003117344742,0.00236896991865064,5.346367181830044e-05,3.429710622203158e-07,0.00030106230033634856,0.008413827825521573,0.038606417359583894,0.008561859997626658,0.0509336204816007
2152,0.002527792842978833,2.4099120316469265e-05,4.788577993962717e-07,0.004419340407778951,0.0011737664153358663,0.9992197972530106,0.0003366960024402081,0.0007949081379355898,0.0008904185487456763
2153,0.0015144078374854711,3.254309466554299e-07,4.361761074058684e-05,0.008318687464131126,0.00019843852995726584,0.9986002175369849,0.0013473692719020952,0.002172979839027476,0.0002838783630291149
2154,0.20173020647990647,0.00037643366835081877,0.00018268990577578016,3.7297737637438677e-07,0.0017641118004024898,0.028099991165079424,0.0016512176709041215,0.02999155742491777,0.6988455995059535
2155,1.899315974550046e-05,0.6034810084772604,0.26501987290296636,0.02904010633382948,0.00491689628419408,6.201786169957369e-06,0.012736012557982984,0.0008326867711509147,8.509603515462491e-05
2156,0.0056628855697682615,7.391777874715079e-06,0.00028286058148120527,0.0002507388067698668,0.0005550400048551751,0.9792173606736849,0.003561646465893018,0.0025489980374954627,0.0020813282999100516
2157,0.003373226357824883,1.6518096268170214e-07,0.06217467810200526,6.257146776122812e-08,0.0026968271149380107,0.002671372897380872,0.011465329286189383,0.9842833593113782,0.033622951473413154
2158,7.781013347681234e-05,0.6584916584416487,0.27277475186485595,0.0023722014386804123,0.0007913075131275871,6.534061143235339e-05,0.06197542600055014,0.0005094633450607557,0.002578435787493093
2159,4.7451497291530956e-05,0.5715758288117209,0.2926019698528505,0.04841403109933239,3.10597913287724e-05,0.0003994464635384883,0.011471729084019179,1.1055753422601932e-05,0.011187133809317195
2160,4.6508950787460125e-05,0.14623438699991465,0.8010792502794356,0.0005142608259663406,0.0014774779764231334,7.956348633148619e-06,0.027048810965733267,0.0014695870798767216,0.004392238292756067
2161,0.015142748572059682,0.0021037796178132767,0.003076595239937525,7.389831852919333e-06,0.008277718631401894,0.011496581530894733,5.142818284842339e-05,0.0011176265221792443,0.9916120816174131
2162,1.1674366194584674e-05,0.669257685614925,0.43163591213545166,0.02903807649273053,7.789279715021799e-05,2.1808071528708685e-05,0.029482733244232635,0.00023138544931467698,0.0004096133816594036
2163,0.036430653493651016,1.4716484945016847e-06,1.5525091880054696e-05,0.0005114313593660555,8.123570349833723e-05,0.7318847195786793,0.05228016774071941,0.05083599776068496,0.018425876644825933
2164,0.001045384438286269,3.0918058785905635e-07,1.993669739021372e-05,0.018705384464918,0.00022935501639327738,0.998304566610329,0.00046912610915063427,0.0022487562143703997,0.0001966882656310536
2165,0.0010588348790673376,2.106499091155499e-07,4.0520807048432964e-05,0.011069510081173475,0.00012892416866145136,0.9981237985043482,0.0014470495122111795,0.002399553965510681,0.00028381963373206437
2166,0.06503956720806474,0.002250774171324606,2.339156131658134e-06,1.8337353976540667e-06,0.002820640317598118,0.00411619956106227,0.005874436485432713,0.9586658517138034,0.007312339487773334
2167,0.0014439461417727812,0.00012875149864479367,1.761753165795868e-05,4.789911092650559e-06,0.20057774317627955,0.0030469861284340267,0.002313608949003319,0.9967675887598559,8.86353159077509e-05
2168,3.5313822435823965e-05,0.5642488868062757,0.4669390520373053,0.00042434491045361593,0.005888243992394294,6.35388650690715e-06,0.012651034610760172,0.002180923386707567,0.0014195061560544448
2169,0.0018158389692762493,0.016414652496991027,0.05959904381386462,0.0001361987985949886,1.4462653783034773e-06,0.0008578663765698135,0.9251337589454764,0.004085043337062296,0.0003200850477116742
2170,0.001194857445041899,8.74980961427161e-06,9.741927925870703e-07,0.005868362062801526,0.0004116475736177252,0.9988637759564449,0.0004546623614202497,0.0006482849033795912,0.0018200559997349596
2171,0.006727712379172103,4.6035678467250097e-07,6.034471725551507e-06,0.0016176395622355664,0.0002958758731325498,0.9206883039184827,0.015175573934314353,0.17991501120782108,0.004511547104066221
2172,3.007074196010555e-06,0.04438169849499345,0.5392256623587781,0.6433330856449125,0.000151407265749601,2.100997689305256e-05,0.0021064493728682678,0.0002151488652471047,0.00014070147895179667
2173,2.272018800439782e-05,0.5678548390769412,0.32152564300243164,0.13140139418264452,0.0010427428547969356,9.088656011697711e-06,0.004065045201318156,0.0004407892604290251,0.00016853159939500968
2174,0.0016864732509638807,0.9822146100609158,0.0006960451026615581,0.0004236669897609097,5.026918958509311e-05,3.038829087259057e-06,0.0662362193680644,0.024357859020445946,0.0033418358858199426
2175,0.0041141305225817285,0.00063371925608222,0.018428133443440988,1.7247661866155662e-05,0.005975172450477948,0.012354138899256524,0.00016796795747177972,0.0008548649601240074,0.9915866714335406
2176,0.07309241148740252,0.0035046855574616606,3.375798159160982e-06,7.3694239166881635e-06,0.007803007177517158,0.18573120592815173,0.0010158950131134296,0.013328343815091544,0.709780716055951
2177,0.00023447230072489074,0.0002177176784141128,0.32152903278244477,6.815356979903751e-05,0.007204427168028879,0.12881361421309273,5.561047285658975e-05,0.00016269942289204986,0.6971692261130813
2178,0.015491997521710885,0.001911330380648856,0.0009975255006130237,2.540814535929652e-06,0.024854063284988147,0.044120494853117975,0.0003584216513680782,0.007405034939072734,0.8647732949690884
2179,0.006725554276758206,6.559550466595609e-05,2.4497520199771473e-07,0.0022328488078960608,0.002375086958985426,0.9989052617586446,0.0009879146413948182,0.0011865301102693092,0.0005978915576662614
2180,0.000232716200285304,0.24736222533531982,0.17872702207233762,0.0016421831669746136,0.0005234445301995736,5.144965747996603e-07,0.004774365124271924,0.0066961400093888054,0.08965957256087428
2181,0.0031579823751463395,0.0012405178013040392,4.194485320389488e-07,0.003408866201127164,0.01937668485753749,0.9948494617838574,0.00038055201154208455,0.00014656179296076828,0.0025184829516608593
2182,1.5921896581571012e-05,0.020454651376318526,0.5368477812297661,0.5563930148822899,3.7986981219711804e-05,0.0012407266863437695,0.004636814862740406,5.885501998592481e-06,0.0023478028975951015
2183,0.00659856171792307,5.728804820549984e-07,5.99374429082289e-05,0.0023031302699416897,0.00017368766764059912,0.9888251876402758,0.007880131476184526,0.006799951496687547,0.0012359628763906117
2184,0.001728738783336769,3.09894268713086e-07,6.131894674942882e-05,0.008412182847354373,0.00025173550183266006,0.9981437366477849,0.0014794889222216991,0.0013283949787873917,0.0004510030927300249
2185,2.870035371706969e-05,0.897613436455978,0.07131973977675964,0.03886436540869933,0.0024227860466262724,8.68083380340746e-06,0.007032510557141139,0.0003668304320473415,0.0003085028609123355
2186,0.01543792500240072,7.073262489908618e-05,3.0973692445661265e-05,2.2578055956306477e-06,0.016851179099658987,0.0007478196832254,0.0025419192097014707,0.9922188195803808,0.0037731589895306423
2187,0.001420510212082678,3.198434762367877e-07,4.4775775222554536e-05,0.00983062590552629,0.00018731494009052038,0.9987296874295338,0.0010853248867072171,0.002337170947376868,0.00023702171360664957
2188,0.0028553683233828514,0.00023758215743741235,6.773428510322948e-05,3.8813231073085156e-07,0.10036797333562544,0.004350507695511113,0.0007982380740590584,0.9923807312850348,0.00021533228230963364
2189,6.595320479751937e-06,0.9372482633767154,0.033666083769007135,0.017509109367734723,0.0007136569865891722,3.5214390571831325e-05,0.002394701809540542,0.00011569761111603405,0.0028918841912702474
2190,0.002631073490778452,1.1451068004959627e-06,7.425519683745425e-05,0.0036678767522092676,0.0005181116710689709,0.9969875345326297,0.001392082963936487,0.0015472364519057706,0.0004551168871020079
2191,4.135968475043453e-05,0.5890063819270979,0.3511035891761743,0.048450655531498285,3.5594424115912364e-05,9.989418438654595e-05,0.017167921647398374,1.7152808247504052e-05,0.005970702797624358
2192,6.623929436333149e-06,0.2294039429887205,0.6217804006677033,0.2957084805521906,0.0002935489526392619,8.077146967082637e-06,0.001839556268905304,0.0005252505214118804,0.00015666278493479008
2193,0.13663475727695426,0.0007126469764658913,1.8056517574762608e-05,6.050271410198925e-06,0.0005610620551361852,0.3891219626404474,0.017549575959101213,0.06044444156649363,0.030371265008741873
2194,0.24579258992125522,0.0001311208317944739,4.887334150792662e-05,5.642086725184569e-06,0.0005420118118936159,0.01843254806097129,0.0413240312171945,0.542477380258488,0.025438522251418554
2195,3.9129858790607906e-05,0.9657492461057123,0.020842438218445395,0.007357324420709214,0.00048167686372133263,0.00035867706124658014,0.0037724920659491963,3.815636342819748e-05,0.016297609538903236
2196,0.0009487732536471874,0.9980483450448576,0.0013026181223899497,0.0050738388024962645,0.0001879955894365602,1.6479235535203255e-05,0.0030527346894266014,4.876251693346243e-05,0.21260670172748386
2197,0.12999068736798558,0.00024127877000757782,0.00020817350473801226,4.4598843583668705e-07,0.0002803247211811624,0.010884882154495172,0.014433892720524874,0.13638587565202673,0.6018998532505838
2198,3.970847042160322e-06,0.1873265826517369,0.6903256915464161,0.11961749498446973,0.00016312338503988096,5.512713051805374e-06,0.0035699189157566186,0.0004976160901280279,0.0006220018239842114
2199,8.030106613174596e-07,0.5135993167813939,0.37925322430732905,0.008079376462051882,0.0036428722311428567,3.277956069710837e-06,0.0032704602955243326,0.0037463033851381,0.0005235638832392649
2200,0.03830814995502836,0.00015775691995225822,3.699014225124461e-05,4.03271148674766e-06,0.004348736215526601,0.0014053962930042922,0.0020997955665521735,0.9132598448431589,0.019076062373793605
2201,0.0010021651156209292,3.043623051785676e-07,3.52997605378855e-05,0.005881835898184569,0.00021203280972181146,0.9913179949759123,0.004791332157976395,0.006172672398022951,0.00015448210937557669
2202,5.4650073340887095e-05,0.0036675555005095993,0.002878589723941015,0.0002726269561981581,0.9938384981406077,0.0012347408713267393,4.166470493806848e-06,0.024915026366064998,0.004224801236232457
2203,0.5662642740005768,0.0003808907705385177,3.296116568420939e-05,1.2895055416921892e-07,0.0012388697464470449,0.0338250415395231,0.005813202072476171,0.10666148091511365,0.4340682742084437
2204,5.014879267095932e-05,0.0036130318026344494,0.0029669611354731203,0.0002996823262666113,0.9935850893287004,0.0013250465120922122,4.319844840296825e-06,0.02492037779835265,0.003909402295228146
2205,1.2080191531325459e-06,0.0276297465004704,0.9569733192222314,0.008702004942847827,0.00047818149161861116,2.481930420741331e-06,0.0021287843633541956,0.001310679959839089,0.0025102922360797494
2206,5.049301756542652e-06,0.7473866465244051,0.20747876493990863,0.0017113175956313662,0.01876851946258626,5.065442908468294e-06,0.005717420136522549,0.013583842084049867,0.00010408569597252857
2207,8.482797411113382e-06,0.8552762497520721,0.12987426816405703,0.026459441517475663,0.0013941487217421558,9.83126752915528e-06,0.008352131444935823,0.0007141912581322852,0.00017911725921191036
2208,0.011713839812981793,0.0005551682020492905,1.0345288938035944e-06,0.0007192831542544866,0.00023285053197622712,0.3797602241577237,0.06861936106940339,0.01609067565917356,0.02519427285939562
2209,0.00084434960156897,1.0951007815848815e-07,4.266316588237023e-05,0.02441449105616562,0.00014085081248137114,0.9976658434611849,0.0005472719661958032,0.0032852816107825995,0.00018282248490095735
2210,0.0009095852263091841,1.1827330453498864e-07,4.880458451077062e-05,0.016223924615055927,9.503627983840041e-05,0.9967912061012468,0.0013809881744931136,0.003664987784402764,0.0002484744853788683
2211,0.000714745257311978,1.1643944141137592e-07,4.347809013095671e-05,0.022080198749974893,0.0001166884534826806,0.9977106256982273,0.0006646278081130795,0.0029286383506025647,0.0001685047378367583
2212,0.0018256547763350567,1.8953885767106566e-07,0.03477100376847279,1.566805901368817e-07,0.0014470963849515322,0.0028149932537031752,0.010108785027473552,0.9884168073980151,0.018485632063783185
2213,0.06723313275802105,0.00025777309562171415,1.1312063440524011e-05,2.2346076962798357e-06,0.006019509123656637,0.003866731213431144,0.005356569058144214,0.9519881925001508,0.01130644129052926
2214,0.209700764011935,0.06319691922832052,0.00036278047512213564,3.431371598155843e-06,1.4599345048605718e-05,0.0001706590550923409,0.9747815903565359,0.03529583934949972,0.010256088467341043
2215,8.902242723031408e-05,0.024576876690399103,0.9519528480783797,0.01265994554588929,1.614436397687612e-05,0.00011331402823908902,0.3438211283883512,1.579009493607949e-05,0.007706155542263876
2216,0.004609649003995183,0.0006556384916933314,1.5271351779991753e-08,0.0019010601428747409,0.004821396598944234,0.9993269551287437,0.0003412448416092932,0.0007610351588965162,0.00045488827735455856
2217,0.00033561579412328513,0.9582796653464073,0.0037387999712737473,0.05199543724571646,0.0001088669996411102,2.2351292692407386e-05,0.002479712912820194,9.452848138420255e-05,0.033507410072991434
2218,5.875127525777744e-06,0.9188157620583026,0.05181219028008235,0.007819610583190544,0.007399255207766887,8.4168445990085e-06,0.0036539896779099893,0.0015604830742649571,0.00045952122712800234
2219,0.00031712368058777835,0.002314892340012439,0.10407509289601823,7.877213048596976e-06,0.00015286037562850527,0.00024024158353393895,0.970752691193925,0.11582797670879953,3.7344916337466945e-05
2220,0.002164292526332804,6.322409205564175e-07,1.0424917698453242e-05,0.013877012945115461,0.0005243971312924901,0.9977760211991235,0.00043669714203649286,0.002796867697797234,0.0004888812104612818
2221,1.4315339078773248e-05,0.3545466535380556,0.5036209776033338,0.0508445726759292,0.00011149423158283783,1.5707683512428305e-05,0.03159144081132032,0.00012232712875937928,0.0008048358105775798
2222,6.9992552304977204e-06,0.8436685234120007,0.10955855385901186,0.016571436007077812,0.010379120379423165,6.922797383447402e-06,0.004154524056055841,0.0021455438212076845,0.00011024225957601103
2223,0.005377972955532122,6.334972511745646e-07,3.4857875711953826e-06,0.0036427527055158896,9.895315089865854e-05,0.9410636767083613,0.01672561826565276,0.07283487900558958,0.003905908702994931
2224,0.008869869875945704,0.00021104517419401033,0.00023849354722223155,1.4514969309255336e-07,0.009744824321711691,0.003157763041880983,0.0009441285418651411,0.825101872679299,0.21300464128841143
2225,4.610180604354398e-06,0.5227129098796788,0.19982689684733224,0.007662778395179708,0.00016351399735736223,0.00015720655808404736,0.0012034252405779548,0.00013682014129333013,0.021442706367410518
2226,7.232611184602095e-07,0.0011310127360854196,0.22008332977998907,0.9913890789421774,6.334409626866883e-05,0.0004901197182893532,0.0008564068331952254,2.5510016015067203e-05,7.841149033248621e-05
2227,0.0007333608187908071,0.024521343765729283,0.017088200603154056,1.2246030677335185e-05,0.14970021251881313,0.0004621099114293422,0.0014393208984743253,0.003586197984515158,0.2386943049870896
2228,0.00115068449747075,7.762843712158311e-06,1.578144237627948e-06,0.004958450255147889,0.00031928376547451587,0.9984888688680925,0.0008697719049834811,0.0005695545191195137,0.0016543682665587525
2229,1.686427627696355e-05,0.8315030260662186,0.10377788993758567,0.0199645590917228,0.007399612735328954,1.1856931830243031e-05,0.00437835673698445,0.0006366259244576417,0.00037418219327787724
2230,7.389127236501146e-05,0.9383510245727573,0.11450336051279186,0.01654986397767622,7.986073188541135e-05,8.497578431548102e-05,0.02107982169904086,9.400903892114406e-06,0.014014900765590175
2231,4.2101613987021024e-05,0.6857702636239498,0.424190232821567,0.00024031302845297907,0.009559842174651641,1.6907504027200052e-05,0.02990995891911998,0.0001744072409556027,0.004708067579365287
2232,3.4866316807057186e-05,0.8690773811333464,0.09649343096487707,0.08065881736350639,0.00018159815226451704,2.4012816507154403e-05,0.0019667825553707978,9.378122851533021e-05,0.0014571046204143573
2233,6.986448861121443e-06,0.5238607028121272,0.37526943811867924,0.08366750680062365,0.0004918725649366277,7.425256002233718e-06,0.003990588438711624,0.0006384859439776275,0.00014861069074630721
2234,0.005649187858346143,3.102324791688572e-07,0.00047966156062350025,0.0009118625002675757,0.0001977879101039683,0.7294395361095185,0.02482483508197044,0.028821170784814977,0.0013005010800567153
2235,0.0020322878114466306,5.876726217197739e-07,2.6125086668581076e-05,0.00583319514442836,0.00028517223827200297,0.9985254994633943,0.001434424739140056,0.0015049366393193471,0.0005630479289185213
2236,0.0001932477444577122,0.9537919560549051,0.005327560949385609,0.052455803864120354,0.00029223735270432065,9.585363940172767e-06,0.0009122889402620142,0.00032796630714940683,0.009548840252350099
2237,4.589266654184098e-05,0.2779780035047187,0.7266066984621505,0.0011527371916298195,0.0009894173740667305,1.0664386439767464e-05,0.012909229387296403,0.0005899217918663187,0.004400112563333115
2238,0.0010959195020803655,2.1998209875506275e-07,2.174355295817893e-05,0.020434661663667177,0.00015544399970747819,0.9973540206610342,0.0005919778610839666,0.004225750853647164,0.0002478206890337561
2239,0.006841288308290921,4.64297409634732e-05,7.70652302801575e-05,0.00014585690374674967,0.0010966798975225707,0.9753761258826478,0.0014736684645422677,0.0026799738285266527,0.004590784080901609
2240,8.31493129328442e-06,0.9546344131060769,0.030679920883284778,0.00305198321449074,0.0056609703693082,1.8114604710079695e-05,0.0006665150286058577,0.00037628461499183047,0.0027173430809115046
2241,7.88675880473991e-06,0.2065273910473238,0.6129226919648102,0.2777237553632579,0.00012314783723157174,3.9788153546165844e-06,0.0036949845609109675,0.0007980342652850879,0.0004654632786657226
2242,0.013645352559739931,0.0009638411592181441,0.01772079852012552,2.2744806092711342e-06,0.00019398270813749064,0.0001186192827839506,0.552832407095594,0.39461822225069926,0.000771904306336139
2243,0.0010575749038474532,1.0966414535785553e-05,0.0007934560079033088,1.6853452323952425e-07,0.014182941484412605,0.0007076328176392802,0.0004912676581917048,0.9995015299406603,0.0020008882851109927
2244,0.018850817601861414,7.191649552119959e-05,7.973369812479535e-05,4.5790163317907043e-07,0.01564535515131048,0.0025666406231722905,0.011800407569186197,0.9920750117476054,0.004192419898720427
2245,3.96666801418025e-06,0.8761112897865906,0.20104715109227322,0.005226143850547201,0.001068216703938716,1.150854285935926e-05,0.0027227961840095216,0.00045299839614741704,0.0023857457185469714
2246,1.1904474165832698e-05,0.7658272267804193,0.16981611329382212,0.040544030640071366,0.003952931408828784,7.811757969962703e-06,0.004872821875953669,0.0013833973224625293,6.834379213743867e-05
2247,0.09006134039039909,0.00011366057048762632,0.0007164398509430054,5.061842159700902e-06,1.9237003948519716e-05,0.007326317061409963,0.8343373325020349,0.1358477174707817,0.056607220362428566
2248,0.0004555503891996632,0.9468088379012803,0.017909554542679434,0.0012656493136718662,0.0003096794288005004,3.615405611042321e-05,0.08521930538369242,0.0003307301425096017,0.0010240310366733643
2249,0.0030981313145844163,3.730874391194442e-06,9.771856664204577e-06,0.0025063627335733473,0.0006517482746045437,0.9976520859503437,0.0008562317022851824,0.0015846380011630555,0.001460657239320868
2250,0.007945958961014124,9.498961532479858e-06,0.0017508289981868163,2.4944281589517103e-07,0.003424332609805327,0.0014846590078661126,0.012956469234679246,0.9813471151472585,0.016993618485246876
2251,0.0023923248226572426,1.292381394332613e-06,1.3137055244768058e-05,0.004172222507398872,0.0003134472843700412,0.9979607795437502,0.0019510818550429825,0.0011185747640868353,0.0012516304459786196
2252,3.478324288110507e-05,0.07825608547390737,0.7248874847048489,0.002402244117270827,0.00028824407338610486,0.000302780350603666,0.04261829423009505,0.0001652995287913923,0.004937117765442637
2253,0.0013886623205808916,3.1980668011389854e-07,2.1173082300836487e-05,0.0012962156931116164,0.001958102294355711,0.968979371682446,0.0033446991198968204,0.12319081007136222,0.0002482865089908509
2254,0.0015148186918152963,2.3840922569741066e-07,4.457251553813828e-05,0.008589526746304187,0.00010421864297415855,0.9956904819161653,0.003822819859407947,0.0023106860516111504,0.0005296925366494871
2255,0.001277417809367442,1.6317397813283994e-07,4.415599066348011e-05,0.012483539040356791,0.0001465733873616295,0.9972328513868438,0.0013568081066269212,0.0045161255208664855,0.0001979815744852987
2256,1.935273125982868e-05,0.4884834611495454,0.29722319654424917,0.1437803723578518,0.0003933738496960178,5.749317711676259e-06,0.005478970254111415,0.0005253988195494575,0.0006819711181520371
2257,2.4387303082628846e-06,0.7827391677419155,0.14738846499548783,0.007351681856616822,0.017327690023780734,7.049481262239179e-06,0.0035997519986750858,0.007908267716339698,8.482533491787886e-05
2258,1.992969229701691e-06,0.08306650454025183,0.6893022681342976,0.007121076197640306,0.01789259167471903,4.818666240605509e-07,0.020701777364522018,0.03195648982024408,0.00013506585026089538
2259,1.1130626557314871e-05,0.9911982064385413,0.01135772796373964,0.010212064230249871,0.000597073724472376,5.250844757223852e-05,0.005102009836694715,0.00010903759352002655,0.00416894102981024
2260,0.003810435781246921,0.00281387149881756,6.729565804197282e-07,0.00013533268988858606,0.006683060841104454,0.8902266031497289,0.000247041256376026,0.09907050840316568,0.00021175084095700008
2261,9.691030820648551e-05,0.17068876854890572,0.17045735525123543,0.023969395873163497,0.025300630321259406,6.908723017962686e-05,0.001688025361841055,0.0005768545884637043,0.00018614804815555083
2262,7.749673579978756e-06,0.1928822540641198,0.7020484903304212,0.12931523820628094,0.0006162273891313806,4.942924374658747e-06,0.004561230578070046,0.000994015208047336,0.0001769662477449109
2263,0.005121881406204267,0.0030575307331821033,0.003947283115801645,3.868799286272917e-06,0.0672684603404973,0.008938043704882066,5.947187342909461e-05,0.002040845222498135,0.9878257320426377
2264,3.743351903661911e-05,0.6428796677594094,0.25582933403499464,0.011489794836143515,0.004673842770779238,5.18721137264531e-06,0.03917776099544176,0.0008876139265279356,0.00018284427403347743
2265,0.0012669267848376554,8.034990077469873e-06,2.5162365879330542e-06,0.0070653628741889594,0.0005441779103205912,0.9988700301519873,0.0004046660968200675,0.0005414208613762254,0.001327366844064263
2266,5.652364169811828e-06,0.42556181962556666,0.4647641708302462,0.08989469358112404,0.00033576200184019995,7.120833034694766e-06,0.0037229441744271456,0.0005292865264873227,0.000295815072252044
2267,1.4286127646625635e-06,0.020063853252171922,0.9633898582878595,0.04831555124880027,4.110350565930971e-05,8.9283073461318e-06,0.004368033235088604,0.00038259036231996676,0.000695676923904619
2268,0.0025266750442030986,5.14779195200692e-06,4.828845662537113e-06,0.0037393182871197084,0.0006459267240848955,0.9985989986065116,0.0010666760265395155,0.0005189781021494742,0.001779350731276715
2269,0.02253141145483621,0.037042709415369086,0.0019598727601792894,2.4141727106732392e-05,0.007267731874938642,0.0015990472441407713,0.00044769790451831804,0.0003359835445700226,0.9899251821148589
2270,0.13769616301029486,2.729428296044328e-05,2.9210455839188e-06,5.7773256583530814e-05,0.0002402912437365831,0.31987670794680134,0.00646469063732192,0.15260512069514345,0.05402932120748042
2271,9.146179362571549e-07,0.9589266955808042,0.029807373893933085,0.0014965854393139293,0.04422834525573413,4.429876171946708e-06,0.002498869359884495,0.00789556716264824,0.0004240888865040313
2272,0.030593068066053792,0.0006479789463346558,2.4832737453321325e-05,2.1789895069716765e-06,0.010192977486916416,0.0010408231868793932,0.009416074802246616,0.9733368624951874,0.002260170788897144
2273,0.9729771402619616,0.0003318801366476612,2.7634493383186964e-05,1.515103815457408e-06,0.0015088444988321438,0.008202177565267714,0.042160314233128236,0.04815064616436931,0.003720631139843218
2274,6.86376045320143e-06,0.33340399216549227,0.7201308219112831,0.05451998059106351,3.054205402134057e-05,2.1976648426733644e-05,0.021449638603963348,0.0001651975386527665,0.0008153074257020148
2275,0.002551350906405723,0.0034890207181141404,0.010575092562797664,0.00022748441828909788,2.5439317546472634e-07,0.00048586436712904317,0.995499623211761,0.007452912948507368,0.002501063215378646
2276,6.571589185180791e-06,0.42274683970531735,0.3232617110207944,0.24546785950966793,0.0002120254736518116,6.74967544652207e-06,0.0027202768223974823,0.0006637870088779107,0.0003950630183616462
2277,1.473633739781551e-05,0.7123236693462636,0.0022751664591411703,0.1664308284928468,0.0002901448754786589,0.0012888916209495634,0.007300624908490873,0.00023006705134275216,2.8318859490740568e-05
2278,0.0023550963182221874,0.025903241602778616,0.002179961530743489,0.0002288250004382265,7.509237701938056e-07,0.002393430449790876,0.9822035270789661,0.0005669251454854247,0.0016556499116018963
2279,0.16564124093216273,2.9662712904347655e-05,0.0002689644423184712,3.332269898051244e-07,0.0004830981913943189,0.020786381495103763,0.010897944677575131,0.4990174078633973,0.28672244037491335
2280,8.399341601512957e-05,0.49735172246535114,0.0010390324955791945,0.5225197242110566,9.79077041295665e-05,0.000507781689880753,0.001086100657778359,2.382171500793212e-05,0.02391512293441387
2281,5.528076424723436e-06,0.0016743278508194895,0.33003708778240337,0.9473971040502964,1.4078824176603012e-05,0.017044454225124274,0.0034787574272952485,9.960714812458804e-07,0.0019649585344462765
2282,0.0011658734927326867,1.936356290122717e-05,1.1955436172909619e-05,0.01863649994197527,0.0017016393099962284,0.9774381334003905,0.00041484269563563943,0.00022551004793175053,0.12157754548713169
2283,0.0007838099119714043,0.1781543548067983,0.03822307251071969,0.0005092558433925767,1.659059484171821e-05,0.0006356103624623822,0.8558687780786313,0.00035114842211341385,0.0004207472638385588
2284,1.700327610987929e-05,0.31209254277275,0.5885091147889284,0.09558318634376135,0.0006192645260132814,5.6690396157253665e-06,0.014077736672392132,0.0003631024744008156,0.00018116821567354052
2285,2.262054189546272e-05,0.8655769590213269,0.023725645107758174,0.06784062751375619,0.0021520702914166866,8.247274134815252e-06,0.0018186976472431933,0.0014461170547411795,0.0009243454960297708
2286,1.1641420535638125e-05,0.5755995124426052,0.34110849410461114,0.0016522748435066753,0.002181906290771953,1.1915409509221926e-05,0.01995881257782463,0.004013201758684229,0.0018424994852350792
2287,2.133987343197435e-06,0.3839555930898629,0.5439222452614954,0.033916963623506595,0.00016845614505349535,9.827117229977793e-06,0.001759236207447215,0.0004123319998082655,0.001212657014608486
2288,1.568839310157947e-05,0.9916943978182093,0.0030759542105510246,0.04051056130068908,0.0014115488824305823,5.252049242120409e-05,0.0026218624345159237,8.750575486397066e-05,0.001201013205608584
2289,2.89548285598363e-06,0.462033134244622,0.3857283951820649,0.05233569442926377,0.0003638583763106066,1.088915792483339e-05,0.0025860822484254776,0.0006837672725753235,0.000266577003887831
2290,4.8046755012697457e-05,0.006959514541540686,0.0031886943938897565,0.0002923901695331752,0.9898715712142776,0.0008151772827247323,6.557799003982582e-06,0.022661442231982826,0.003645090794592562
2291,1.0192516658653382e-05,0.6035156634106442,0.22120633377081425,0.16456034599116276,0.0002499951373399973,6.1891199142633415e-06,0.002542490042767133,0.00042837253179176004,0.001466516532281396
2292,0.002314737872643377,1.1516415395146919e-05,6.583229864775275e-07,0.005428633758262602,0.0005061124008857494,0.9981220412093176,0.0005901630959466068,0.001711102959067917,0.001680270858000648
2293,2.678985693176968e-06,0.8507910015245579,0.22554527996004417,0.005573563369080132,0.003635757983944285,1.0173498979593827e-05,0.011115915660699142,0.007027431687581162,5.089489176947967e-05
2294,0.6189135861910623,0.0003057523988901926,0.0001430062854211413,3.661409475091495e-06,9.054561691309817e-05,0.008113557956292818,0.24670457606349927,0.09801989914055194,0.06349991820089156
2295,5.105838684572488e-05,0.8686838463422323,0.06286404029888941,0.05249706257711547,0.0006886159939266036,5.766409953023852e-06,0.003827659499214644,0.0002506598706791745,0.007181615710849298
2296,0.0005525823134017681,0.2756359913660081,0.015896296423782902,0.009410889594185385,0.002270859963625992,1.683552301712955e-05,0.004295517401268367,0.00274852850001363,0.0199524704551066
2297,0.0011657783247031334,0.0009787726639233503,0.058833317792951506,9.705698812096457e-06,2.6157496297886082e-05,0.0012620649124982977,0.9790206612707163,0.035098106073539165,0.0002037105243384158
2298,0.015885369380070444,2.869720181259759e-05,0.00010338153821449144,8.058499816334186e-05,0.0006387490754948588,0.9585955654120428,0.004430463532495473,0.011025687187637466,0.0018573050891192951
2299,0.0018095975858079942,1.6343038237275729e-06,0.004558781805099122,1.5294409372255107e-07,0.008194570639499306,0.00025470349265243946,0.0025490059149253443,0.9984277098423981,0.006473853517954414
2300,0.0018500734660483048,7.845283921900622e-05,0.00013736625270407935,1.113564079743078e-07,0.034296390627039965,0.0011902713873601638,0.0006678283092363064,0.9993343423516214,0.0010728521333763007
2301,9.163502261292563e-06,0.7963532675658117,0.05097176879540384,0.21346921662834065,0.0003502887469678084,3.9862956884576904e-05,0.0013081185579459373,4.61646603199228e-05,0.002984325552120278
2302,0.0016680629338931827,2.0739275429867827e-06,8.241638860170496e-06,0.005215079693754971,0.00030479194699609076,0.9988202423225414,0.00122804824413349,0.0010752087318225965,0.000691174290053169
2303,0.001066632249580517,2.5217787891269786e-07,2.8584881047931124e-05,0.0161087070849227,0.00020800815534972197,0.9984255230966793,0.0006675088836591616,0.0028104297374896767,0.00011294728102797559
2304,0.0022994964004935123,0.00027049348468613174,0.011332021068893547,3.086548979947554e-05,0.0016012936367223248,0.0037183155450028764,0.0012253917461947145,0.011998018401514151,0.8963674839283371
2305,0.0012638078909216037,7.066351545481078e-07,1.4800176090919453e-05,0.008019358372584103,0.00018274612345971529,0.9978446253020705,0.0014698878132908975,0.0013082689254168341,0.0006037081247033321
2306,0.04471148210214659,0.00020656077726599048,5.095347922981416e-05,1.2438110768823754e-06,0.0032672268644006893,0.003286573712039256,0.014898166623472589,0.9534657914395064,0.008524212797702716
2307,0.02254275754021664,0.00032196039610970053,0.0001593750268358694,2.770975803608151e-05,0.0028443486059186013,0.9065187533120785,0.0024331109314746392,0.0019237424747033877,0.010798530219203361
2308,0.0020449461652233634,1.5958538347020342e-05,0.014911840861935978,1.1691338926066065e-06,0.0008500926600330791,0.0031180524246609705,0.29492756127419073,0.9164725136734665,0.001693626740715958
2309,1.5347664420873345e-06,0.05762677019237735,0.04400381736170768,0.9241104721847445,0.0001359848095161468,0.0002754562793156633,0.0006796390152251094,2.6198364320339737e-05,0.0004178448183833926
2310,0.1332385239235065,0.07427824152787847,0.0007010340292529207,5.205640539885077e-05,1.0958663006354103e-06,0.00017110829774909185,0.9966430978913433,0.001132428416060945,0.001836078796565172
2311,0.002229888881893517,2.2572537132011577e-06,1.2028508467291362e-05,0.0037678928746983052,0.00037253324034808023,0.9986039700194255,0.0015039289550203036,0.0010795466098466623,0.0007441135405230506
2312,1.3529478230866483e-05,0.4508883214854285,0.45122869629467965,0.08972411199654351,3.282297773092948e-05,5.704103010269725e-05,0.01598919012374157,6.771327376655129e-05,0.00123361888761433
2313,0.00405940124975775,1.377673007271041e-07,3.0114093815598844e-05,0.005090492359345467,5.891814584777033e-05,0.9602421101008994,0.03194873378214228,0.024524899677622683,0.0033447029814092674
2314,1.749826014544049e-05,0.7664779939449543,0.24076774696070635,0.0007451188182815419,0.011559084981096174,7.022423044521462e-06,0.008348626369811577,0.003744988478706098,0.00038485322157179677
2315,0.0074579763870930675,1.3552664919779021e-05,0.00037141733591580995,2.2363629066959572e-07,0.008583654149712008,0.004808122716497359,0.008107068199247936,0.9825142956235279,0.007642051711693142
2316,0.0018713717959058475,7.825934494024123e-06,5.843209923421267e-06,0.004663986331523478,0.00023566361644245274,0.9956245645438119,0.0034035042228545086,0.0012699919083693076,0.0004955317090819297
2317,0.0015336870146079777,2.836495679062486e-07,2.7046577978492877e-05,0.012731697931884263,0.00019426828024786443,0.9976534165243265,0.001174239486362715,0.003592231593614894,0.00020913775708477446
2318,0.0008893160316165853,1.2689548103797211e-07,4.139243736472895e-05,0.019160762432937847,0.00013268520361105833,0.9976303660779933,0.0007958288358246886,0.0031179512003781757,0.00019050851501239052
2319,6.783945293184969e-06,0.8476743003427777,0.0946759552947407,0.051168953634973646,0.002283729430318388,7.527608601173335e-06,0.0031713829476995997,0.001118987489873948,0.00012157214986006904
2320,1.9307569583860295e-06,0.16646885802165648,0.8352591571542098,0.0013946047571645741,0.00021643498207495364,1.5480574972592034e-05,0.0026260691850017535,0.0007395054274914251,0.035305268002642685
2321,0.0002538408225221168,0.010923283856838441,0.3929133704560144,2.927980812804309e-05,0.000340301812106217,5.056640612881624e-05,0.8911735890334012,0.00780942002961271,0.0003654486134772132
2322,6.054755316403793e-06,0.956295558106646,0.043821244299682,0.0012215282103444326,0.006293440823842654,2.7104325769750992e-05,0.008360648528519374,0.0005889765431030406,0.003369035217333501
2323,2.0957664624541393e-06,0.4773156025890679,0.34773542610859526,0.006187631680779702,0.017192105257540953,3.399001708752092e-06,0.008860346700569809,0.0062037852494230775,0.00012247535856619758
2324,3.949318140580369e-06,0.0004574173738064241,0.5184172013507907,0.9380462572350351,6.3108608724192436e-06,0.00688107215858231,0.0158043300532074,9.713990687465697e-07,0.002812909466606741
2325,0.0013623929348277088,3.6327738887385995e-06,2.755452354540465e-06,0.0046721269848485954,0.00027083893022435287,0.9980904144818691,0.001406444992668024,0.0008013184042041132,0.0015787729497962631
2326,0.0010776703940377323,1.8400822692434608e-07,5.4732427962619204e-05,0.01322936685626936,0.00014720663842812432,0.9986614031950546,0.0008918485787270309,0.0029138245636171315,0.00016107603199997628
2327,6.6336869010390714e-06,0.00031719970624378014,0.17188172924197342,0.8171346120507026,6.618875489268349e-06,0.048696941429468024,0.009576208696603172,5.052189546113328e-06,0.0006043602449713497
2328,2.1010634814751086e-05,0.5961495082347003,0.33176711262097713,0.07973260706383901,4.4594482229980543e-05,0.00011127370166264636,0.01250068854525381,3.2171239686956725e-05,0.002125185280583807
2329,0.0001805356833707694,0.00013184585001185225,0.0012800543164517165,0.09091049541266531,0.00021559480467961306,0.4664892728337436,0.005144340342075357,1.4971418349760137e-05,0.062450535011092344
2330,1.140400978992374e-05,0.948393939799878,0.058222845191460273,0.0009624155299904938,0.005092814276694484,3.93194070508095e-05,0.008619998252090767,0.0004781028299606201,0.004521127501655096
2331,0.0008301361311904365,0.08685786497216794,0.022395838354312782,6.95612335609881e-05,3.93790233087848e-05,0.00013406662426633566,0.8031643588593191,0.03602445128357594,0.000283655880287617
2332,0.0011842025916446869,1.6297585584021578e-06,5.681949815266506e-06,0.00655884968080557,0.0002471234687017496,0.9986086750532288,0.000921035313365389,0.0012757758782790188,0.0006070123384658594
2333,1.5053192953118113e-05,0.3300174529628633,0.547957462784935,0.0011019110624208984,0.005641103200943953,3.5963442794242815e-05,0.03318930924925252,0.0007580439596787206,0.0034002817252087474
2334,0.001200015202383261,2.1032294969861136e-07,8.341650419025156e-05,0.01639840943361923,0.00014476294647236123,0.997585154300245,0.001413167194929383,0.001515840709164199,0.00022930128196941267
2335,6.668428924971506e-06,0.3206670960804713,0.8555935299825729,6.611108226913796e-05,0.00818711086630397,5.610269215516446e-06,0.008150068145531335,0.0011061928034822393,0.0077241418183344205
2336,6.940418532495051e-06,0.7987222630509005,0.14860136245143432,0.051869976236145914,0.0009276336735816646,1.3465534500030342e-05,0.0032575145019974328,0.0005357144157509129,0.00030334181877083514
2337,0.0004069559898284907,0.9907088458163376,0.010442223710049162,0.00025302074824584876,0.00018732743371587576,1.1710180165750837e-06,0.0035076026178495136,0.0005032823111341197,0.6585431164754686
2338,0.00044006023906703086,0.9131598020819547,0.05695103471897243,0.009904537208500179,5.391507983622495e-05,0.0003282976220590206,0.01511371924779149,4.3209348677363325e-06,0.09907411802075451
2339,4.2526712215180894e-05,0.9836664221435539,0.013346844791438375,0.016486513595171576,0.0038472721004767286,1.9663614577120458e-05,0.005997091619211555,0.0004044572888748007,0.0003271797316748408
2340,0.01832765248019082,1.0816550808438081e-06,0.0003620297441478848,0.0014732723627412488,0.0008716508751401241,0.0877505650553855,0.0026826220288423447,0.045236220082125855,0.1202150138954045
2341,0.013464394477872357,0.034233286566105574,0.0030956910200707886,2.0761659691062085e-05,3.4633813254516393e-06,0.0009304026204258921,0.9932939565259935,0.016527254996402,0.0011447468647424967
2342,0.0029350384578720103,9.131986448380047e-06,7.0295309787307105e-06,0.0025797957714655574,0.0009434271524918443,0.9980043501092973,0.0008254284129631309,0.0005820016048506578,0.001927761776676417
2343,3.7273399859360575e-07,0.0766810268548002,0.9520994217702744,0.0008301725869546248,0.0013151457952995582,3.3244275727446774e-06,0.0020725573325294146,0.003380768949964776,0.0042290794483252165
2344,3.8101297309779887e-06,0.33631064985826015,0.5858666561114443,0.14005907276872706,0.00011460768773313044,1.1128720912249042e-05,0.0032752056090019008,0.0004481874208653298,0.00028730330373739974
2345,0.0002512024061835783,0.8973959183346801,0.023091910617125233,0.0025757241127943925,0.0003303343888314858,1.2762349521588715e-05,0.19650361063795455,0.0023588570254880255,0.0027755150282380153
2346,0.007342193405433499,0.001120750582031374,0.014317529624808308,2.6682107350925312e-05,0.005820254172221426,0.011840125728843975,0.0001620957674171061,0.00047389795544176404,0.9707169468128217
2347,3.5952202741184414e-06,0.015547167226427634,0.02792148339992555,0.9742387237571664,5.949385516283181e-05,0.000290294747092433,0.0014336035431600472,4.987889210483761e-05,0.0005125270220232267
2348,1.315788100803147e-06,0.2644629449009635,0.5802792819989615,0.014099082675763451,0.004793747874085156,2.1707213462894713e-06,0.0062356706497689205,0.008132890044695524,5.516792702543821e-05
2349,7.70126107066371e-06,0.8362149075906329,0.19579629263234347,0.00037091061890969976,0.05939186980872505,4.36531914570699e-06,0.012949678646199258,0.002689071523607836,0.0009357918275733025
2350,0.004544404932808679,0.8929458427353163,1.6786054324909336e-05,1.8653670945580224e-06,0.0015383065939443092,2.346071831291125e-06,0.5551785616459838,0.9728233140724513,7.714572091092551e-05
2351,7.066622212665775e-06,0.022089038244608613,0.9869668858799844,5.1266679543681634e-05,0.002656221826127127,2.9776360480806478e-05,0.024241492524387252,0.00022822323336088837,0.04948708535196508
2352,4.612007353409541e-05,0.026861512628903933,0.002654417100058982,0.00017959489024018402,0.976108109643881,0.0009139312403159273,1.525360623638959e-05,0.022233957353781083,0.00333252229527841
2353,3.1408245728636896e-05,0.8490116108121112,0.15516087420061606,0.0005330216150392158,0.012518842507791776,3.832921269878984e-06,0.009216447677154677,0.005775590491659064,0.0005551125523352256
2354,0.0023387401863040258,3.278802880612054e-06,8.607982728587465e-05,1.346560605060602e-05,0.004339307209635983,0.17730273479034692,0.02702617926745903,0.8718694970824536,0.0009958041310552405
2355,0.00020235148549715084,0.02110936560996089,0.03447513752479234,0.00017931011622954556,0.02574611317256572,0.03543177261412324,0.0005410932499503902,0.0002730772789652636,0.09338009265856674
2356,0.016757828216936783,0.0026082828792967842,0.005196925997841445,1.226939589456715e-05,0.011553638674660208,0.010879838801149448,7.640113339887891e-05,0.0005868024297160979,0.9902307447959541
2357,0.0031186398508919657,6.180730035509178e-06,1.6563731176598015e-06,0.005080106185600751,0.0008968264074436907,0.9980823264389942,0.0004693419655654629,0.0025252952336178047,0.0014382096548946662
2358,0.0004024795178838621,0.9812305793494381,0.006512285585601216,9.910418771569328e-05,0.003940277825174714,8.028406649851459e-06,0.005599993886467876,0.0013407625343753418,0.22375229870576993
2359,0.004892270351223757,0.003955739516904635,1.608093655082555e-06,7.529909425707103e-07,0.12959899357073698,0.0038860230936737894,0.0017553042555989052,0.9982091326910105,0.00014740213338847603
2360,8.89352416914081e-06,0.31237103594995885,0.6827571759991241,0.0009788060137020038,0.00480458268347129,1.2738511985519653e-05,0.042294481833783,0.00297599902250082,0.0004120195968280631
2361,0.051387359550585605,0.001612792125948089,0.006294492060489868,5.808435717829662e-06,0.010841526463203355,0.006293059056559704,7.297379436236372e-05,0.00042547940160454734,0.9811800431314206
2362,0.008917807485059938,0.05092579888928775,0.004308716708142359,8.180206631927837e-05,5.300071385680046e-05,0.000922338379115714,0.03705145676646705,0.0008404715258357142,0.12567542929420825
2363,0.08409610185623137,0.00019284435660102522,1.67686996891153e-05,2.798509180260442e-06,0.0027364724657667544,0.006174548180741938,0.01195240556819451,0.8669421388671272,0.018274154173771918
2364,0.002225473518433861,4.130786779634125e-06,4.236885137076828e-06,0.004674512530581919,0.0006749709389451488,0.9990770037844801,0.0005674548633785579,0.0010095514620663954,0.0008859541972258088
2365,0.39391240161432883,0.00014932934880993633,0.00022568154795572903,1.6379347221436439e-06,0.0006966303847746826,0.06470932582302914,0.16069200702065342,0.03261826737423022,0.07338477009891273
2366,5.014226074591103e-06,0.9127593986406172,0.03135294022946649,0.10285289244632212,0.0003487504623361394,2.838359055142443e-05,0.0021520875730780156,0.000156137335565279,0.000830737457507983
2367,0.20645749059913085,0.008063754656374201,1.0742152814389057e-05,2.2697360493450303e-06,0.0018209145067077572,0.05658598775110021,0.03864709666500058,0.17339396536221807,0.03852425799220414
2368,2.02392612012451e-05,0.4012039255974165,0.46079257244356037,0.11786070817784058,0.0007036831162455934,7.252113390980865e-06,0.007112271676618825,0.0004318218383355137,0.00019546298460905011
2369,0.07302820632706455,0.00012175642548710631,3.0257159509674537e-05,1.73955766221486e-06,0.0043236611261390865,0.00393774592852013,0.007772211224185787,0.9411474529294701,0.01688727486187605
2370,0.004988844511943838,0.09137802359501498,0.004618998061084625,0.00019344750663971281,0.001257329554955438,0.00188650700006023,0.003116988829885895,0.0002176550278458896,0.94877893025459
2371,0.0013437421304815455,3.3450452761993896e-07,1.7784170335802088e-05,0.016280452537372068,0.00019031894496009577,0.9974042626808357,0.0007968624171449985,0.0034382807724950147,0.00026755127266111996
2372,0.001980860484915569,2.1812936476308283e-06,1.2368333197300948e-05,0.005729466434047814,0.0006110611987083517,0.9985971454182141,0.00060524145867994,0.0009571192022464625,0.0009257909981077769
2373,2.260018391557342e-05,0.9304634975815056,0.052811589492978143,0.058076144234497036,0.0014565605434250402,1.6756239713194752e-05,0.002992979951169269,0.00011965702212039159,0.0012539116814759027
2374,1.0102239815767988e-05,0.41302310676677745,0.5891429668777551,0.000865547676497523,0.010196050059023267,1.0171052778773524e-05,0.019291086719638386,0.005273888501656718,0.00030324113672200665
2375,0.03438708166741348,1.4938918986580263e-05,0.0002364163754017689,8.975600536631134e-07,0.0019025642026009838,0.013028857138037826,0.009807286840821973,0.944789080471033,0.033098394489938926
2376,0.0021080804155049976,1.017586014585389e-06,1.0459555900901149e-05,0.009359722200023613,0.0005157442437598961,0.9985892194076926,0.0005391517067019899,0.001204942365517229,0.0007470217939366404
2377,3.1490988984744787e-06,0.7152204898151968,0.3023408478499549,0.022565772316032212,0.00016805994449416148,1.0947566097355916e-05,0.0025801137150895347,0.00042720952414846964,0.0017800475718581137
2378,1.2274782228298312e-05,0.5299894097016258,0.33326694898287745,0.04019606864349144,0.006131205420718433,6.690056825353942e-06,0.005344914919799444,0.001541107417687813,6.05223068017117e-05
2379,2.2034729054271587e-05,0.6080962149831213,0.307504515392576,0.06365825716119752,0.0015756957328028622,7.22539505683243e-06,0.009192617818959987,0.0004545095226514159,0.00011880121053526491
2380,0.015612157957771773,0.004298565376718064,0.00019599175060687149,0.0002044994513094375,0.0074297840978208044,0.09273955590423011,0.00023067042597921006,0.00040229483048652957,0.9394200277213208
2381,1.0051319474538986e-05,0.3760121012051883,0.5122205706891745,0.06623736445909337,0.003287945527146851,5.566139472050695e-06,0.004320313206518599,0.001579897259367608,7.205160016190234e-05
2382,2.1600971375755277e-05,0.11200918260408979,0.007510985005052148,0.0004811794983862377,0.9099756053532235,0.00011535091759036677,6.323883629949268e-05,0.013357872779292077,0.0018188360841318331
2383,0.054318320098667515,0.016340931320180777,0.005468612897362204,4.612979450150469e-05,5.115816286593916e-07,2.824651886551258e-05,0.996729789611165,0.013653525140790707,0.011017874769511486
2384,0.002128027766408413,2.316306454214303e-06,6.036173886830168e-06,0.004664497292723591,0.0005917730568864822,0.998992406887255,0.0008415633442971203,0.0007524110984624016,0.0010587474165590061
2385,2.7969738608991353e-06,0.0016392251710310903,0.2433859340330861,0.9663337723325701,1.1389329033566424e-05,0.0189063585024119,0.001563338625429642,2.335875912162056e-06,0.000683517057346401
2386,0.020182442329470716,2.2927990904764524e-06,0.005441897216910756,5.639729603826791e-08,0.002942694912569878,0.0017883807241864018,0.04514266415510945,0.9036346653268064,0.18705217651100403
2387,0.07449243236882153,6.487515735566504e-05,4.9440629955269184e-05,6.478610135217047e-07,0.0021403750386330845,0.006774431832472485,0.01953765618421181,0.9037222324283027,0.04510685168727832
2388,1.4272451965109833e-05,0.8176042216216423,0.12332222624469949,0.06347421773357376,0.0018984773674704573,8.179286816274802e-06,0.0048724362051520455,0.0006510326069306118,0.0001371939956748581
2389,0.2604642450902203,0.0009365022944930842,8.405085904844168e-06,2.769576522581735e-06,0.0010232376057171747,0.0161306315387846,0.006569418006762668,0.6823117759280829,0.02756220259783423
2390,0.009276957805691202,0.002342675477294389,0.0030273309428703868,7.650319301632648e-06,0.007266338602860071,0.007413915850239523,5.62410412528831e-05,0.002045515293075982,0.9919322474445926
2391,0.0047205211858672574,0.00010155656584521236,0.0014820809790320366,5.319207479753485e-05,0.004026206191826088,0.08686554456181622,9.730854071786322e-05,0.003052202761921601,0.9334940819775099
2392,5.300575542138726e-06,0.9150870596985262,0.06855336952821547,0.02006266789862493,0.006197148720659837,1.060196193563085e-05,0.002704286281261834,0.002428104144382826,8.42879487970935e-05
2393,0.00016807870356238112,0.9241154318569245,0.01814562908200282,0.04441927119403288,0.0001242029656548384,5.177264922014064e-05,0.0035596737324297247,2.839100885996045e-05,0.03074661694901213
2394,0.00355599292992906,2.916675634461429e-06,5.899961558463801e-05,0.0012217196107270907,0.0004219594805491132,0.9942956492915438,0.0023481735588056253,0.0016595251247327862,0.0012017377112989531
2395,7.460476944637234e-06,0.34537844336026285,0.5988753562565883,0.17947161065447725,0.00030000958309741915,1.1154615721987487e-05,0.002721949897323594,0.0005551262393177285,0.00016719980730918688
2396,0.0003495191813318137,0.04268099137795274,0.01993076014661196,3.103602948823019e-05,0.00014393109287336636,0.0002394771908115224,0.706939578005709,0.06518002342433785,0.00015831111868812165
2397,2.4353459624662737e-05,0.5423150087914099,0.2977222932838721,0.10553670441278112,0.0008807950794236124,8.33794273079156e-06,0.0055394213264576995,0.0004287069577221079,0.0002996858430793624
2398,0.03433793032343758,6.991655462872921e-05,3.848481036524864e-05,1.4493602955992776e-06,0.014747997437052456,0.0015024260944830109,0.006848544915737161,0.9849016541221965,0.007139028981877942
2399,2.885745984127114e-05,0.9903352896681068,0.013341399825378249,0.023003055298351845,0.0002462104466126888,1.794806101284536e-05,0.0044639377289377126,0.0001499820321571009,0.007954032001034872
2400,0.05318010967047716,0.00024914938855806555,0.0006353344027842833,2.2472006275992848e-07,0.00020351435642325326,0.005086630005393069,0.10501579722621,0.21143056662271426,0.496270102042839
2401,0.0037962411340531437,8.667425817573635e-06,8.772804732179161e-07,0.007089953142247331,0.0018985899327866155,0.9982708616029901,0.0007671245608065925,0.002637585787421725,5.925833332539076e-05
2402,0.028341338844434433,6.0773059578772014e-06,0.009025341967055147,1.8471249353978577e-06,0.0012817610148418304,0.03731562321614355,0.004126587484064224,0.060439226895036315,0.7636141120261724
2403,0.032618976842483625,3.6668700137058e-05,0.00011643726157281308,1.4752487928786108e-06,0.004097838054022684,0.0016312531092768719,0.0035330909838327765,0.9585492490028411,0.01870299934446449
2404,0.0007477203234739886,1.453800927965874e-07,4.394865375015945e-05,0.01659915185103487,0.00011471269964749765,0.9980854786110461,0.0008475461251071292,0.0028896175048843493,0.00015358700979182765
2405,0.06261385709474089,0.001232928191876243,0.014510913187987449,4.644967004919443e-06,0.010897738131273822,0.004523970408922513,0.00015390411168575953,0.00037800918502082793,0.9620937644410709
2406,0.0018102393236692567,0.002115481248448167,0.016789450311691587,2.3575059257882716e-05,0.0034528453367472967,0.002039626796228201,0.00024823458729394395,0.0021007070011160407,0.9870328191782317
2407,9.395243667400651e-05,0.8742916493437206,0.16470060300665731,0.012537514574125767,7.636343755559327e-05,0.00023379600726265725,0.01663044359444411,6.357097539922249e-06,0.024786433794384204
2408,0.002978991635481117,4.516374820125523e-06,4.2524244848305815e-06,0.003295427477790864,0.000905097032625398,0.9988912709569745,0.0008516807335767042,0.0012372310973657599,0.000582631084308494
2409,7.284840633427633e-05,0.9174868290587365,0.10774874451482204,0.02005001338251778,0.00016037329142881102,0.00013362837109802406,0.00922032918412716,3.446109137604199e-05,0.00952031567202442
2410,8.243582795949375e-06,0.9950089277342068,0.0020824658636337174,0.03460463571817725,0.0011008307483570774,8.839026936864088e-05,0.001265841939159098,9.07843670502792e-05,0.0018793163620970169
2411,0.04799384410437526,0.0019586338027194807,0.006786837896680366,5.733593208771135e-06,0.009995093508029787,0.005204489580437638,9.098395087085312e-05,0.0003214415482703197,0.9862508160212523
2412,7.482973785201533e-06,0.514172696155995,0.3455469152011452,0.16966581343658657,0.00036872363232960014,1.0485288967437481e-05,0.0029153530077990807,0.0004907826330384422,0.0001242517263897049
2413,2.068056858125064e-06,0.20613363642304108,0.7927615100392125,0.03187411571780255,0.00011089056611193233,9.038045464395104e-06,0.002442122334761008,0.0005281843197050982,0.0007951229333495049
2414,0.001922212595563102,0.2610766251212872,0.0009573982497508351,0.0006607955711614122,0.0731069037930801,0.010176866271210628,0.000194839116940799,0.0007814044126235714,0.02484039034943987
2415,0.0013033580997681312,2.0444613377296935e-07,3.886811397974844e-05,0.0172219297597159,0.00018121449776256092,0.9980645039981574,0.0007300362941027424,0.0028380074085347703,0.00018587460617320523
2416,6.643671740037581e-06,0.20284424890174693,0.7523606727948805,0.07263808401088595,0.0003731799871914093,8.938659399949404e-06,0.003952348434266835,0.0005125825421831153,0.00025226119393436877
2417,0.001339072892227833,2.476574593650629e-05,0.0005554848165472994,1.3730618150085753e-06,0.014230686413343789,0.031152291105284252,0.001293421406401914,0.9151535271469136,0.0002803411584850547
2418,0.0014249747230165788,0.11009764967951309,0.002845683707919774,5.4697198325721265e-05,0.00027459168749401026,0.0012213977780095326,0.47121508188726324,0.05820149366442497,0.0001113093777786678
2419,0.0005410180780015229,2.0283453623647734e-05,0.0019624317720086937,1.5904557074071438e-06,0.022108541177541817,0.008949782414718511,0.0004964251974749729,0.9598946531422817,0.00010462526146158164
2420,2.3734744601389434e-06,0.7276743448067845,0.3121979223955794,0.009716780619906287,0.0002636153263260914,1.1342235754398534e-05,0.0033550986101025526,0.0003856121412682088,0.002107553316373594
2421,0.02307737327867031,7.918727603087231e-06,0.000553201301409467,6.767027455622946e-07,0.0032426786463002235,0.001657254031465734,0.0040211876392746175,0.9642545996372959,0.032285412186537604
2422,0.849474859425406,0.007358289614856182,3.186973574581808e-06,6.508433343998027e-06,0.0002423958535900111,0.03286919959437931,0.10484375024770441,0.005689196265371646,0.017138424512737453
2423,0.0012130242741346948,8.394979763470761e-07,0.0074429373895186085,2.3702872955343044e-07,0.008709434361909954,0.00036302751377808283,0.0020035521507370756,0.9988022471722849,0.0036495225146358267
2424,1.3624756998618763e-05,0.8408316042066301,0.015213041242941153,0.0006873752001012551,0.4540196831143709,1.2197840881609384e-05,0.000884336654152732,0.0034402727469304596,0.0011725595332281165
2425,9.724588679286644e-05,0.889592504518554,0.1969198943068471,0.010158642802149495,5.928800978749862e-05,0.0002730184525089705,0.01098103477242134,6.4658041454486176e-06,0.026021473286027975
2426,1.208944283567602e-05,0.6949619601500515,0.012749755254705343,0.46231554878191067,0.00020926213008447918,0.0015690205307392622,0.0007519792833297442,9.494005489711768e-06,0.0019087797153963422
2427,2.4784147262205822e-05,0.6789838297882662,0.32458836611920777,0.018942504545860325,0.0010564913879185266,1.1238680998076533e-05,0.027952548012735813,0.0004216962003773899,0.00016583509133873982
2428,0.006660202061902209,2.3117615887250185e-05,0.00017107906420929132,6.912653462102265e-06,0.0016037487544439276,0.5863223854131013,0.012193757060976399,0.25496490617639106,0.006787562239750201
2429,0.0014402649637238073,2.201208704705325e-07,4.426130350492083e-05,0.011146916108065015,0.00016229679263012127,0.9980300438265081,0.0013668422131120283,0.0021276133415422276,0.00036029143844882146
2430,0.11163412760661724,0.0004853657345452894,6.123519632138842e-06,4.639413318944774e-06,0.0046633917774429375,0.002338721296398249,0.005768017000632375,0.9073069469085817,0.011094799156304324
2431,5.148276431834184e-05,0.004159143959935144,0.7674045371547535,7.754163331666502e-05,0.00027632259601080897,6.886345294009958e-05,0.7901678145815443,0.006947163706698996,0.0004526087001005709
2432,0.002120735500294381,8.222967443062102e-06,2.6830919300856566e-06,0.008511692332036745,0.0010278176988963686,0.9981239753794354,0.00030347605365853866,0.0006355155873010362,0.003365664266828867
2433,9.315978749077848e-06,0.18731032206667395,0.6493850781380478,0.12180112131514607,0.00019792584573594693,2.958999337368231e-06,0.0071402908814587815,0.0015575479457361234,0.0006302823908751891
2434,0.009800284782850523,0.000951354922395463,0.002270359886144477,1.4413559933417277e-05,0.006831145615361912,0.021415339559142293,5.7525733251183684e-05,0.0009607468052451858,0.9896472864658865
2435,0.12835055672769105,9.169302962179061e-06,0.00010160298573892685,9.102390169605167e-06,9.847185417273722e-05,0.11813903704629619,0.24971155558816197,0.18663495694692822,0.09768534889603785
2436,0.21392399384063535,0.00043781222259514467,3.403038306628311e-05,1.727446763524919e-07,0.0028208754672375616,0.026835325105170813,0.0030890179031020895,0.2783910154953391,0.47577068880515533
2437,2.0173673992172547e-05,0.8684097993270318,0.13832505800357978,0.00042399461191360466,0.014161513364023569,3.2382580803214265e-06,0.008816339398401186,0.007836036341811235,0.0004163846857995654
2438,0.0028894800630343597,8.864146281346689e-07,2.4361823347531056e-05,0.004112249728761294,0.0003602024848597912,0.9977006850286364,0.0015942653537900908,0.001608451126511238,0.0008880251301565971
2439,1.0649594467859655e-05,0.17169478959218337,0.7056445880866288,0.21949229738843354,0.00021901965057984232,6.30124394006384e-06,0.0042794550722691305,0.00037477036147756773,0.000489758241631775
2440,1.1507566794118387e-05,0.9922761481787463,0.006678337516009647,0.009729174070485402,0.008798850342505124,1.700277765926242e-05,0.0026870065611521526,0.0004836488656208909,0.000846579963363451
2441,0.03137464390838552,0.0011248826571727153,0.002167779576035458,3.605346645893245e-06,0.005214908035875173,0.011041339535291229,0.00018880893618951239,0.0017605839838064567,0.9827590847481134
2442,0.001707480029187886,8.400477888591285e-07,1.5639063952919333e-05,0.00809579766586895,0.00029486105927768394,0.9987589403393875,0.0008502603149762444,0.0013665839239085575,0.000500714375839835
2443,0.0018555129519903409,4.706332739419588e-06,1.5476165307542545e-06,0.0073878238813705945,0.00039451732356793806,0.9982967916996669,0.0005292718810944242,0.0020717534339769364,0.0009435041031341492
2444,0.003861455357010092,0.0004195201792087081,0.0032754985074282656,3.8948166831185463e-05,0.012952893394391672,0.05218975582447847,9.64889949185192e-05,0.0017691921961434296,0.860294651115255
2445,1.5782008878168514e-05,0.8233773177939888,0.12731750818146642,0.07838951576146806,0.0013649488720235846,9.291367881521683e-06,0.004884670729226843,0.0006706586585651521,9.297214718438662e-05
2446,3.543293828536172e-05,0.8149389722260433,0.08261979379941221,0.09921041927930897,8.671301674075496e-05,5.802063789578503e-05,0.002387073551296058,9.896660923205616e-05,0.0011983093336613117
2447,0.008248633467117267,0.0002444773204720461,3.366141918634626e-05,2.0793441255957556e-07,0.047335228106170225,0.003852574973267522,0.009141222903414624,0.9954325842056044,0.0010708674103289478
2448,1.7635737181259575e-05,0.004893699335511383,0.009600941677068755,0.0004930831190717747,0.9790748710414521,0.0005413958577413108,1.8372879187691365e-05,0.023943122214151964,0.002537296635696418
2449,0.00028719237184843006,0.001213930307596085,0.3293626754572128,7.14458576683947e-05,0.0015860560577501855,0.008236772910364778,0.0010087577003131836,0.00023902002895905214,0.8725245551522549
2450,0.018246255944767868,5.2315808022304803e-05,0.00032264729245165254,4.2545594697255535e-07,0.001029142880320535,0.003476964361345624,0.0034295482446303916,0.9582868442943805,0.012760767140770726
2451,0.0001383075809077258,0.7338542314006097,0.009571753508034736,0.15104490451151847,5.638307385746044e-05,3.373635294472703e-05,0.0036338028785828404,7.369629803883422e-05,0.019466783276068763
2452,0.00010461913933706978,0.8309121549815716,0.13552792979920308,0.015524587444703572,0.00034313534053044043,4.7237287070675386e-05,0.028082021755720443,3.869343621378435e-05,0.0060670781764842726
2453,0.00010080555628687893,0.2365784784578413,0.1275837641414343,0.03541051161411625,0.000658020528006757,4.59974304935002e-06,0.0035211734621818924,0.003945498212566903,0.004381951833528361
2454,0.0005626346789984131,5.67880280309285e-06,0.00013031603855365935,0.025397832876168282,3.4570844336651454e-06,0.5563105250293566,0.1777401541458221,0.0034517098543319085,0.0005883732619154807
2455,0.00456940991250151,0.1285617122341001,0.001449725955052474,0.0011083674926052039,0.15604444976014484,4.580312311031621e-05,0.0008822602512020177,0.009592903304229777,0.021484072577075766
2456,5.120267892812544e-05,0.003972135265301518,0.0021677654824325794,0.00025352510155761865,0.993593354967768,0.0014263317410751252,4.047379237655256e-06,0.025814981350246638,0.00460170089474551
2457,0.00019336658542168364,3.209169188148906e-05,0.0002194781413323126,4.283438390474448e-05,0.034076206331171574,0.08713460137303865,0.0012611841362402108,0.9049726944627065,7.69804131953575e-06
2458,1.8122996825193814e-05,0.3908316727857067,0.4546753943443228,0.0008964092897825111,0.009395653819587067,5.166910786598563e-06,0.04493521575263146,0.005692545789563993,0.0022693679896827633
2459,0.0016932122149252203,0.00017643403636415767,0.00010425608041588779,3.7461193533105594e-06,0.047494271302681385,0.009769001199170292,0.0007391336237726323,0.9781790997495968,4.70748571137434e-05
2460,0.004818508377725311,2.2772441744214345e-07,1.2351511345089925e-05,0.007421278777006368,6.871085783762079e-05,0.9703702860733993,0.011863478576560003,0.04329955958912663,0.0033640070308035798
2461,0.0018953588136764261,4.3669688274363445e-05,0.0027717902004929604,2.4056245851931527e-07,0.0036354737068507873,0.018285900006554702,0.0010715283785001782,0.5855850955182665,0.05279222789347736
2462,1.882140851890136e-05,0.0008930514810128223,0.01928873908572592,0.906104476488685,0.00039553996097332184,0.07536869171307871,0.00037832763820546447,2.1723564159849898e-06,0.0026807725753413784
2463,0.005568198087127481,5.846593222854978e-06,0.0016846935620070365,1.2867829966858704e-07,0.006683640218995604,0.000490030401770476,0.00866717360894126,0.9962736747057176,0.00824071845091284
2464,6.54397857968719e-05,0.8943435879107258,0.007566518964731298,0.01620460678660734,0.00014471936750736657,8.105951406172492e-05,0.007902909619245483,0.0002987932950999396,0.013383467055432953
2465,9.356631085342806e-06,0.22089606618050628,0.6490821234279227,0.2100512325967869,0.00028002699285155813,6.8869036445701e-06,0.0037830932504260887,0.0002865530382257677,0.0004938320707150322
2466,0.001168254234343687,1.5561387038943453e-07,3.1824284275280615e-05,0.012045173006942071,0.00013772122030462683,0.9962184110488239,0.0017975061863128798,0.003844837849415251,0.00027675212088715517
2467,4.8896143103260836e-05,0.9039136017748798,0.09502794202147236,0.032702900200955426,0.002470789447601073,1.5238589897445838e-05,0.011395060996090587,0.00044380692704209406,9.015385102669478e-05
2468,0.758183352828369,0.0008342888218056864,0.00016055180077167902,1.7914664133190497e-06,0.00014253479360953024,0.006194509226245122,0.15525650207291308,0.05727725598202512,0.011396895068851854
2469,7.134938531634333e-06,0.8513346410849058,0.14193108723189532,0.04650833328865217,0.000951368037810042,1.1622674131520842e-05,0.002970874365573186,0.0005599546397061431,0.0002958031330879677
2470,0.00015341370832194431,0.648085622001649,0.32635229140015665,0.01648223603962561,3.0904813214607335e-05,0.00017378968795755219,0.015442002786646883,7.260551726301668e-06,0.03913652757077859
2471,0.11007344478838703,0.006118250694304169,4.871535268806721e-05,1.086259798630068e-05,0.004227092521300722,0.08978551378751091,0.0005117000142224116,0.004164322538870826,0.752401615968167
2472,2.3346642902065927e-06,0.6664017077843295,0.22695679274532793,0.009807504000514824,0.011262229683486013,3.185446914416514e-06,0.0038062642559318163,0.0048479715825366625,0.00014178376947373994
2473,0.00018352283019035343,2.3241530933178312e-05,0.0004351725993991424,0.052132675243529575,0.008034247276251252,0.9856386353629333,2.827204871900469e-05,1.1071907114159798e-05,0.0978107449495716
2474,0.012465741318627481,0.0001145622297474983,0.10956099571198975,2.8839753381918804e-06,0.021779834290077963,0.0017920436569062565,0.0003483105294502759,0.0013040952125257428,0.9964114469627432
2475,0.021865093313032533,0.0004620735414731433,6.607734182510878e-08,0.0002854758522550608,0.006332942161800086,0.4688333475226754,0.005251038873198761,0.6426182805466284,0.0005116972191495665
2476,1.1022972829922935e-05,0.822285137530041,0.07571746026519663,0.01319490740802637,0.0007160671504817526,0.00010610846130493008,0.018213573195941957,0.0005791649674092205,0.00014386405927080187
2477,0.003643338276406404,0.0024427501131455242,2.7103280099590903e-06,7.94381813764996e-07,0.10699471225371728,0.004764582607878419,0.002254090251111501,0.9980066837938183,0.00013286022884244505
2478,0.005773672047514491,1.0172561142012252e-06,0.00036570190013428017,0.0006210436789608515,0.00028115036971397057,0.98622216465344,0.004350519200452076,0.0063915855880812035,0.0006378372747119787
2479,2.8316917028683886e-05,0.7091514898715127,0.37770064078223026,0.014110294554581742,0.00019176461804989146,1.9078525300802337e-05,0.02421672163377305,0.0003765435589201864,0.0002775590661411622
2480,0.02357338825231005,0.0004572064283076775,1.7192450512579994e-05,1.1318533146595218e-06,0.011518022092322123,0.001860809680095633,0.007323509766447319,0.9881940663328478,0.00262420278472912
2481,2.7248491244801294e-05,0.6499291776630982,0.2750426632623951,0.04707679638313739,0.003358148507080151,7.1663719628388805e-06,0.010504811307136232,0.0006523712261677123,8.895989052493914e-05
2482,0.001470979950255219,3.1176252543314875e-07,8.709360283752591e-05,0.008314238916872716,0.0001471890769021649,0.9976461746664105,0.00254285568600146,0.002466468897032009,0.0001671882202205024
2483,3.758877008687192e-05,0.39754285968508213,0.6003380705217639,0.0006197159635905186,0.0025934360999885667,4.41488000414251e-06,0.010208925136578817,0.0018672392856339786,0.0029969338804111782
2484,0.0021578711398364827,8.240989649753517e-06,4.95464332085618e-06,0.004888579475951307,0.0010881081296210185,0.9987211484423512,0.0004542904570651677,0.0004012226432965203,0.002148339741649185
2485,2.8521673070092908e-06,0.579194542723509,0.1833197774865241,0.0044051114738811415,0.03566573558191945,7.668776541750145e-06,0.004712795802781298,0.00504624468751344,0.00018786936229236813
2486,0.0013150949428574824,7.568640796855108e-07,2.352410908140462e-05,0.010222537469453185,0.0005021457133610528,0.9971901459483483,0.0005312416329045091,0.006697997589087468,9.472746878959982e-05
2487,0.0017673164794372548,0.00029709509896313677,8.783412323903387e-05,0.0005710070438450736,0.00010855441271688162,0.7975169598632894,0.02857468669564802,0.004036426953608991,0.0002900773361916561
2488,0.014088897476755671,0.02252267309553071,0.011757674980404621,3.613241870772243e-05,8.293903764713951e-07,0.00017253788459780416,0.9825689927034146,0.015657289432138573,0.0030795653963924248
2489,2.8580466585999364e-05,0.6452863981922891,0.2194591014327588,0.09555908506433743,0.0021506899167421803,1.2574355929896335e-05,0.0037037141506297247,0.0002328619949607495,0.00019999589361890642
2490,3.1833015701311716e-06,0.6370592112968839,0.49105236904196614,0.0049822225078138965,0.001165029509855277,6.71353601843014e-06,0.016280804532167695,0.003956005828865326,0.0001586960606080075
2491,6.060523541334549e-06,0.9264405267629139,0.04603066271636044,0.10777543969964035,0.0001871706886718907,3.246365257432421e-05,0.0019399863773731383,0.00010287458134864224,0.0019785596640018786
2492,2.608767438642922e-05,0.9391127067775362,0.040257618632975015,0.00012540927979263396,0.07194724463029156,2.5646692524055094e-05,0.0018245591917186235,0.0009137238428987518,0.00663026665624709
2493,5.188192653953608e-06,0.7703937731549447,0.1925972274079669,0.004238447263877633,0.0009300017832474273,2.783700842311117e-05,0.015266866922025571,0.0046413330632318695,6.866518284631955e-05
2494,0.00025395299650603665,0.9782376315935876,0.029764528486910087,0.016992087833731743,0.0003272493581358938,1.0727704650713194e-05,0.0027055912104537922,3.9963901184647173e-05,0.009370050854824502
2495,0.12066170518619809,0.00012963349431573395,1.8271785514676808e-05,6.8431022324659785e-06,0.0032318543230838792,0.0020981666008859125,0.004726913875343605,0.8610857949492199,0.01907378183319995
2496,0.00018531518491040586,0.99698382404804,0.0028288547605538924,0.010826377403051203,0.00024115553293613677,1.594926645871281e-05,0.0036107500407075344,9.123737117252209e-05,0.054600381826320835
2497,1.747745927395058e-05,0.2019231073536778,0.012168775376740189,0.0006598134982469991,0.8110385571898218,3.32401443215591e-05,0.00016474348906428608,0.0100182053301268,0.0015288097217338562
2498,2.2834308274603782e-06,0.9717359782153836,0.020115263928592468,0.0025017119615661537,0.030421675161629563,8.24877428758123e-06,0.0035022664312579733,0.003460329351891844,0.0005030129880144136
2499,0.004093766733664625,7.271424381902764e-05,0.00019079043831200744,2.2086283848115473e-06,0.016250655212790312,0.01286098887183968,0.0014957471085275498,0.9706790599974972,0.0002845491336489016
2500,9.149708700449567e-06,0.38045566701832195,0.5224563290868668,0.000999823655434524,0.010136576260069481,1.7006401255311617e-05,0.014622731317628593,0.0042764913938031016,0.00030734330347750844
2501,9.14393998503892e-06,0.9250037773706776,0.026286517849524616,0.10673135178750791,0.00029424907590304287,6.446740967508322e-05,0.001813047724209052,7.005923640380361e-05,0.002073708227749881
2502,0.060050470751543156,9.900457504952481e-06,0.0003143785526011667,2.4344958371223215e-07,0.008596826704914191,0.007945102943328487,0.03147902500001228,0.9551106589703178,0.03634852990785018
2503,0.017332293378255894,2.594567851104217e-06,0.000263684873377961,0.0001375284018020382,0.0004178608566153908,0.6376844079333763,0.005966476667318783,0.0949342067934885,0.012099307779121568
2504,0.002240306027374801,8.789487244986808e-08,0.00034338074379541595,0.006733971422995752,0.00012569202299940246,0.9940275685218841,0.004887715739373122,0.002824147122466523,0.00034450929923636095
2505,0.010668344351021581,0.0007310043335159034,8.38498186466724e-06,6.225652491216406e-07,0.057467475689394545,0.0011907458269941054,0.003212463344293109,0.9979965884823041,0.000759022329035059
2506,1.926723894974337e-06,0.010211613834856598,0.1907099115252047,0.9334312863096614,4.983286394890718e-05,0.0005055250305748388,0.001247532043441515,2.0158662019469184e-05,0.00038040677614281334
2507,0.010228820513215324,0.0007512123422952253,0.0021480507152261664,9.04772904243692e-06,0.005494528342420916,0.016641749900691626,0.00012400973948028304,0.0012333373262784792,0.9922850030835593
2508,0.019573784543454518,0.029135433651812516,0.00017110301391717696,8.199008550003424e-05,0.024830238687052395,0.06293850009803338,0.00010646190229444903,0.000512670861259071,0.9421697855416997
2509,0.0014910378502762162,4.054090016812754e-06,2.2428117507225072e-06,0.007401760941592887,0.0004717108129432603,0.9989725469146955,0.000359663417175081,0.0011823383601815317,0.0007487281815270065
2510,0.0054750471582464474,0.003889909784046267,0.0001523495554615896,6.771397139230895e-05,0.00540633822163369,0.0004974447431739141,0.010494170867489085,0.5822443158014784,0.007978190329537003
2511,0.0021860890755544845,8.359892372500028e-07,0.0004616992413796434,0.005552647477716186,0.00038043957267507473,0.9885427868503598,0.001602256699383393,0.0014299279540327795,0.0005746531352718368
2512,0.0012750743124781644,8.37138667065408e-06,1.3092052598768771e-06,0.004250462436889238,0.00037873705620946723,0.9985921133996246,0.0008830962442248466,0.0005546961371300792,0.0023317104318514056
2513,0.0018086452857586997,3.861765685236865e-06,2.26092307047953e-06,0.004973338636023311,0.000286822336839922,0.9978397824826233,0.0010417321663927434,0.0017823787353446344,0.0020795262644940932
2514,0.028182687548256074,0.0009530020967669093,2.0733958887399105e-05,7.821844205723657e-07,0.00412131862514476,0.03633126490904605,0.001567529363678175,0.8434309053890605,0.006391657552939488
2515,1.624914592199338e-05,0.6714543647519725,0.24922082637445175,0.0539381099556237,0.001125893658580739,7.6258288887846054e-06,0.009158606716648685,0.00044425437586034783,0.00012610065361893602
2516,0.0011227132803677982,5.104167147041921e-07,1.2338132752875835e-05,0.013114642662686152,0.00019621283726742499,0.9980263120925846,0.0007460253255389879,0.002203974979420727,0.0003086551574036652
2517,0.035310248493516834,4.8093870468966656e-06,0.000901821620505115,4.964993242535958e-07,0.0028800073116579204,0.007609695465702863,0.00943045144630237,0.9540741585330607,0.04762719993026301
2518,2.97747650515278e-06,0.9685888338002441,0.033799241142429375,0.00528141405503546,0.000939669506939331,2.227915342229587e-05,0.0018911399538039772,0.00035130877504111244,0.002244931165066245
2519,0.01250789766079269,0.0051596508570080505,0.003790314754284177,6.7305386152157e-06,0.009929168560403127,0.0072727208371676745,3.2559167134327365e-05,0.0012468097391781243,0.9927354192005619
2520,1.0559750275494945e-05,0.12234351353015743,0.5748571577713029,0.1572980516428896,2.991837495334095e-05,0.00010425667620736897,0.014862679288137072,2.0454287596783835e-05,0.00470380612295353
2521,0.0001309066886045546,0.9314288946780401,0.047221069888989865,0.011338712654776126,0.00013890478678837338,3.137940781714498e-05,0.011296196634114403,5.2959340757064376e-05,0.11790240591801404
2522,0.08944167969620324,0.009581632047944731,2.3391811934334427e-06,9.901001715874452e-06,0.007005853611305295,0.2985974263083503,0.01714299737439435,0.0123744620095424,0.3757649921470116
2523,9.693230233185319e-06,0.40349126339346064,0.44732618545331715,0.0790735464275784,0.0008523608206046536,5.878885623701199e-06,0.00572569351806815,0.0009508244267194631,0.00023813725203062255
2524,0.08047066441459887,0.00018539819201782528,1.587066942225168e-05,1.955797222570728e-06,0.005904817471905675,0.00421662125196309,0.007521963873281646,0.9262184568104612,0.0153946201120821
2525,0.003665088303201795,9.634686565486968e-08,5.432047801846585e-05,0.007457358604277645,0.00011910400037463572,0.9852243288013317,0.009161971783396545,0.011298343837389558,0.0010629711659544804
2526,0.004715656505878791,0.0001494001769628755,0.0003809467152778356,9.302826508375083e-05,0.0015259140407031379,0.7454858800662499,0.0012616527122192925,0.027117800238811454,0.0006623760802923856
2527,3.544832110517077e-05,0.8891297809856722,0.08045458218245408,0.025477122498038296,0.00721747820627571,1.4487557901730209e-05,0.005636916202339341,0.0006353076138417896,0.00011495769094026501
2528,0.0009301028569166185,1.5910867508554213e-07,6.988319821815064e-05,0.010063386019668481,9.086914065014367e-05,0.9971836511069941,0.0031593509898537393,0.0019525743099796083,0.00023774553347580987
2529,1.342071512288087e-05,0.15524133455595612,0.839769544862036,0.11537809816156741,0.00021344176724507705,1.2950912080069143e-05,0.007173582144493131,0.00024516926280880764,0.0003250590521857346
2530,1.9881095090009145e-06,0.16832472030789533,0.7648397648069063,0.06766605560384656,0.0002564102911922618,5.782069715513779e-06,0.0018492078934494735,0.0015516033040097886,0.000272020060957073
2531,1.7810228678212838e-05,0.5067864107020995,0.46817647733030426,0.04832384031344728,0.0001643445396709433,2.144119407435154e-05,0.019208933531975197,0.0001556160461674334,0.0005313613283195286
2532,1.9532347685570907e-06,0.9297167396015353,0.043042216526017835,0.010342198743109886,0.01241558544947627,4.682348514294199e-06,0.002363051317478367,0.0028962113436823535,0.0004206152982564265
2533,0.028969421480266735,2.569292776321736e-05,1.7081508796155772e-06,2.9624252138430404e-05,0.0035451457513785423,0.431308367062773,0.012562526128132119,0.6102585192091851,0.006723421556222733
2534,2.009171796531881e-06,0.12437461472527041,0.004723213214452021,0.9473079288310248,0.00011546397903196692,0.0008250623427263617,0.0007043002897548692,2.2706982687770325e-05,0.0010404165678220478
2535,0.0007855206533404723,0.976021089338398,0.004253910672970726,0.020287375666702565,0.00011085585092652661,4.65152336276854e-06,0.0038686897767765006,0.0004083232857916541,0.0581551314943579
2536,0.0014679917247838066,3.86998335918394e-06,3.1998541925643856e-06,0.005865771743437809,0.00043389932491470583,0.9991500995246674,0.00048223180263172656,0.0009393629998152418,0.0009073172572117527
2537,0.0035149285875642872,8.627865924304834e-06,5.924526717244247e-07,0.004625367977526214,0.0007246147972655905,0.9971151590820849,0.000939993736795873,0.003013028762480272,0.0014995889485173832
2538,0.0012351564436538238,3.6760282004459864e-06,2.648739558857878e-06,0.005473684955571925,0.0003207143668022378,0.998749715287363,0.0007850808087627343,0.0009525130557384087,0.0008730421342448011
2539,0.26098903336843426,4.622636608003131e-05,5.073027833633688e-05,5.296307649449242e-07,0.0003876727271837507,0.11742711241375894,0.01981728587542195,0.03520745139183873,0.3517920680951176
2540,0.0007999007894597574,1.211070724654366e-07,4.2591737832842274e-05,0.02114573742197591,0.00010048473558450282,0.996773068148724,0.0010215661563102235,0.0030151965031937514,0.0002296641779983224
2541,0.05908023072066426,3.305377379914952e-05,3.7121611430327334e-05,9.533533007143244e-06,0.0009903505333673653,0.3235433565263003,0.0018761503714696335,0.01046032543988754,0.48121230089712647
2542,0.005838484228311052,0.0029753939106769156,3.6621081560138596e-06,1.7640398635390132e-07,0.13845712495725326,0.002974978701689553,0.001207814738657953,0.9979837622839134,0.00026319251700960487
2543,0.0027615267043455626,4.787944770817873e-06,0.0026983389095248497,1.337507061416739e-07,0.009171611783032437,0.0008978771427653235,0.0023989909516804134,0.9980448255893896,0.004532614228769878
2544,0.011113229477799155,1.5012337646437917e-05,0.0006059845233539872,4.029611396004428e-07,0.0033998406803596795,0.0011569210723199554,0.0018147933449292808,0.9900211658979046,0.009540507366073838
2545,0.001911049444606764,6.419577804185947e-07,6.734855199587433e-06,0.01033283344270183,0.00017846174244598085,0.9955872456069078,0.0014866348968444732,0.007041409247966522,0.0005067959720428643
2546,1.1829305821533963e-05,0.9937281345294547,0.0050623420238175105,0.007432526302043991,0.004109875514666609,5.3502161065106094e-05,0.002411006137611613,0.00022277979793665869,0.001878239002053201
2547,3.6976332153522563e-06,0.24177382124494887,0.6091052133602847,0.09231363439238852,0.0003264421987460309,5.90609877706514e-06,0.003372429786312712,0.0007244610744875879,0.0006667234037918086
2548,0.07080233968243654,0.0013178732695551274,0.0016880107414259595,7.893416311658307e-07,0.0032593444843073997,0.004663242134805514,0.0021920293195224288,0.010649034886903113,0.858827371608788
2549,3.284149399304855e-05,0.15683897950906137,0.00749803208950947,0.0003812238337293303,0.9068617261225251,8.388740841910463e-05,7.656388354691973e-05,0.01038482764185173,0.0018100357451701985
2550,3.481096680227869e-05,0.906108355512542,0.09052117431223053,0.0011656323118621015,0.006554864671647502,1.5006281354804484e-05,0.006725892736035855,0.002013301052136859,0.000546183991911934
2551,2.419406104282744e-05,0.45788095754654323,0.344760848104475,0.12615485798381207,0.0004519120999324649,3.896374692500348e-06,0.006142518575712393,0.0013572992789209805,0.0004580604445703583
2552,0.09833713112589572,0.0004489531049015713,1.6594358969036178e-05,8.106235011792148e-07,0.001456458651238511,0.19137179506949498,0.002068835926530119,0.1049581757679022,0.571099474381333
2553,0.36473669712112916,0.0001097622511411696,0.00028779142258856594,2.1663858869997737e-06,0.0006609843209283877,0.06542617627911644,0.14886686805442031,0.037193202666396113,0.08405683284416263
2554,0.0011142850053539614,4.31421106216596e-06,2.761902625082769e-06,0.005065877068536118,0.00023495422864716755,0.9978667746274315,0.0015415621133288758,0.0006820559957369051,0.0013380890102892742
2555,3.0289776256978602e-05,0.358303870315163,0.341441939881748,0.09452901249467703,0.0008949665025607118,1.4525765920773491e-05,0.0038448484037736925,0.00046987935735601997,0.00047674414471212106
2556,0.010454996753840665,0.0031118843298155526,0.01139989762128049,0.00010851047002885448,3.1314767461364805e-07,0.000193376196360102,0.9982311385387078,0.011005171246424743,0.0036021426124054814
2557,7.969554997603437e-05,0.005101902668605705,0.001873938994156891,0.00020436686502304418,0.9944404125189203,0.0010574519153856551,3.540025645431146e-06,0.02321583063109719,0.005525677824272306
2558,4.4805424505430186e-05,0.00702917768983705,0.004700984013682216,0.00025231101890392505,0.9870588963797248,0.0008419405026823861,1.1637881546722477e-05,0.022745452663211162,0.003240937093106454
2559,0.017403146242030095,0.0014053445136553069,0.0046254861756788055,3.975545335576678e-06,0.009112403135394085,0.012411851293483748,0.00011491927889925309,0.0017903813889236554,0.9881879976921699
2560,3.5387212022429017e-06,0.7657294859233847,0.26436674432478185,0.02106645026337477,0.00019162241869040783,1.062591944641224e-05,0.0029286493123714327,0.0004267208428911075,0.001871525712929018
2561,0.915679983103883,0.016127775376870056,3.4815505220620335e-05,1.627187668582537e-05,0.02817189844848658,0.00653799935163485,0.000686802099297612,0.0002609850345143343,0.21616454097161125
2562,0.7403853881656699,0.35155831724643893,0.0006095802812469328,1.4053562010044745e-05,3.04961655357362e-06,4.3305325983254204e-05,0.9611721949172207,0.0012082659791386422,0.0009877340176058114
2563,0.0009452832890408376,2.3485380338537006e-06,2.7196959673113607e-06,0.010149188585040493,0.000347174886031913,0.9989889923348301,0.00028613983633280274,0.001151443355610491,0.00053507627489101
2564,0.00155701484065923,4.07947370484279e-07,0.0001708968747361151,0.011419604059623917,0.0003755017576558089,0.9961362105331704,0.0009240080136394394,0.0012422074592399425,0.0004593895406168177
2565,1.4191065453315878e-05,0.9681085330541931,0.010752634061914944,0.09096347107504599,0.0003372911075658442,7.21151646089553e-05,0.0008571674123130439,7.794772559281666e-05,0.0051119517972022304
2566,0.0005425108179704153,0.0009171885272190825,0.23734943418226284,2.4873361325408745e-05,1.2825987615577498e-05,0.00013045293254926237,0.9859496124829549,0.03456470030233317,0.0001726098249723979
2567,3.4335083247815695e-06,0.6272788967197054,0.3524996476722876,0.002005293075666865,0.014253729623412304,3.0848807258514466e-06,0.014087239317687208,0.022594629666042792,7.223787462821711e-05
2568,0.0001445309250838817,0.03151388054578444,0.018051734686396044,2.7265697726560238e-05,0.03300327495230154,0.0002128072969696836,0.00013186336249577715,0.013586899805586,0.6167364920725751
2569,4.987607214642434e-06,0.6344896615087973,0.20282006327876492,0.08701954404546527,0.0002101266471464958,2.6182429591000604e-05,0.0015536321028154262,0.0001250653966003462,0.0015856009281446917
2570,0.02109085693204352,0.0002914477048736793,1.304346858369957e-05,1.8214557825143889e-06,0.16608622874389178,0.000335788905467983,0.003710076102637649,0.9918106520546313,0.0023481911286809738
2571,0.0016285113085741153,9.804530149214017e-05,3.062289599072503e-05,6.0009673425417006e-06,0.012799992381537851,0.36112604480529836,0.0003472946168538964,0.40485426065128505,0.0031698880906594596
2572,2.2026290927408367e-05,0.9235918374133476,0.007321656836405127,0.19076052420643147,0.0001468699215936761,6.38275536586451e-05,0.0024511691961369765,4.841669662699117e-05,0.005180872894926968
2573,0.001343473209195199,1.0658496042834166e-07,0.00015460481056625447,0.014027331493072255,0.0001237749423241714,0.9971494410397864,0.0018387631460056672,0.0028756442108482617,0.00017133119327495324
2574,0.0022409298452239416,2.991848779035836e-06,8.25477868123724e-06,0.0013679189393422358,0.000559469880199097,0.9447220379338584,0.001636430037848728,0.004688518123807321,0.224525507361848
2575,0.001174103895923779,5.4535514695993595e-06,1.8399021540207287e-06,0.004843896888357229,0.00032010240638303427,0.9986301175204356,0.0008620182540861007,0.0006755318038284651,0.001427234019053274
2576,0.0013095708660747507,0.10724563392768362,0.029486283664444404,0.00014486448423760282,4.045705701342886e-05,0.0007769148225406128,0.8446127217147856,0.0011866652751389402,0.00033271940761845964
2577,4.237364975414239e-06,0.9749040799309752,0.015466812671693135,0.021678490707529797,0.001126094645573817,2.3213821728640874e-05,0.0020113596992297846,0.0003960877772643999,0.0006359718106416111
2578,0.00025351466940381394,0.9226675906474705,0.04151836930680995,0.010891307306035297,0.00023779647388389022,5.925707385563923e-06,0.02113494687870353,0.00012195545285352938,0.024120417257089934
2579,0.05952770153887087,0.00011491265957947666,0.00023556132979167679,3.461227271226366e-08,0.11055640255857499,0.004755246259564331,0.006469868582634959,0.7456673282967424,0.34694187314725716
2580,0.006047157701488659,0.0027557103379194934,0.0077899072824251,1.04801380957053e-05,0.008877039177089823,0.004043716553418529,6.479596147698061e-05,0.0017704567702148918,0.9923320205042733
2581,1.5903508940178385e-05,0.9242716196517782,0.04713666360028122,0.011190026864761058,0.01590361805056389,1.1170280721360621e-05,0.005269589932169902,0.0008766405093454055,0.00021961622730714276
2582,0.004430913120159129,6.8423548881895064e-06,1.3631098382887885e-06,0.00515251319660028,0.0011552387648038653,0.9983899477366953,0.0011614359310962521,0.003512629921715268,0.00010439565056982365
2583,0.02295934692269673,3.8360932842031084e-05,0.00012500553105607978,8.066058645778981e-08,0.015234037326799454,0.014288263943520079,0.007870560437543946,0.9659130787529766,0.04661743030100114
2584,6.647601848399886e-05,0.23538381476128714,0.27836066173100854,0.003298787516673755,0.0018357346698685423,5.49722957778251e-05,0.00020060746526573794,0.001330127437833295,0.0011986878221820884
2585,1.0307920308929182e-06,0.15576008252222548,0.7876064936496796,0.015242160070443277,0.0007808381114230635,3.575522904631619e-06,0.001970602854486114,0.0013314021753253365,0.0018730306114241302
2586,1.3560538426040712e-05,0.68026963511771,0.4123641593371077,0.05054724086310912,4.313854278733804e-05,2.583513769815953e-05,0.01744239163295369,0.00015025986909115866,0.0007546280124725119
2587,5.066532505161735e-06,0.5855106142268878,0.25460152413561526,0.0007660182448151067,0.005907643372733084,6.657553800580356e-06,0.03502469460169764,0.025649161872338174,8.960994415535079e-05
2588,0.010561965401502199,0.006852490897382061,6.667290743213949e-06,1.7682495443466646e-05,0.0064995444506609394,0.759165309556802,0.0010377145195668057,0.06920716259337713,0.000327749153557652
2589,9.90015918917471e-06,0.36125810638809513,0.40009937744503893,0.19233947066973658,0.0005751065350675416,1.8392253232527137e-05,0.001775621218669237,0.0004989990764814502,9.459712866389937e-05
2590,0.0014696131183558137,8.379986480875732e-07,1.3428664782418874e-05,0.007920672832929024,0.000283847835605221,0.9986774307464948,0.0009183981118684681,0.0010768298660650143,0.0006433110505978673
2591,0.12471682380840375,0.00570579665236533,1.7059900904935325e-06,5.980992794563893e-06,0.005379111526918865,0.01375248138969118,0.0016224967216031936,0.9011888197489192,0.002006635063066227
2592,8.792081340343337e-06,0.5665981154067334,0.4940954691101257,0.0015844734498822106,0.004245781111302297,5.434523802886004e-06,0.011249635070250764,0.0006185138229113347,0.0023263621845436904
2593,0.0018833410399585486,1.0323130181840885e-06,1.2970713705666531e-05,0.006624087882143733,0.0003839121066135539,0.9988330129575023,0.0008969405691582849,0.001100210089967297,0.0005856236953111718
2594,0.576248009133031,0.0034741471455255945,1.1809901524907604e-06,9.951866885246357e-06,0.0003303020491888994,0.106871543987012,0.039081229083895996,0.01140491593649554,0.046488344126596304
2595,1.2804345931440977e-06,0.19125382954663395,0.766829215819172,0.016085178395778804,8.970593320243977e-05,9.128206773114272e-06,0.0019548232163441653,0.00030431974462564256,0.003305585935638173
2596,4.343809282752647e-06,0.9859276613491975,0.012220461036748429,0.006161475491872345,0.010678703940403326,9.80353563268596e-06,0.0038047801129759114,0.0013877243122273524,0.0004900704560193501
2597,5.7758819991731095e-06,0.23784768891336894,0.3885802048635429,0.3220790169648691,0.00020005534287679364,1.688655407231461e-05,0.0013969763381627908,0.0003081565480695897,0.0004034966609113679
2598,7.423186078233109e-06,0.05415763553754416,0.9322484371872434,0.16678534810725157,0.00013070978101353882,5.684053879434509e-06,0.008957542928194315,0.00042227576031614176,0.0002868330705498037
2599,0.020653829398536876,5.08834940874922e-06,0.0009007585978716747,6.101795802640458e-07,0.003344349256897388,0.008511544466983574,0.01915460472039818,0.964347986545292,0.024000090929443666
2600,1.189466085585439e-05,0.6520971259798574,0.24537246153570316,0.1041596353896782,0.0008805213454105979,7.315932929388451e-06,0.005042961522041413,0.0006210495287334334,0.0001334430956245379
2601,0.01963643916035223,1.0764637187093911e-05,0.0002781259880497693,2.25032211533981e-06,0.003836867509856519,0.08415203481888271,0.07019090989552441,0.8680922786202317,0.004801098241586311
2602,0.01641231727817164,0.01823465463975583,0.003595445755499017,6.0852387102290075e-05,4.140295016609781e-07,0.00012346600523697166,0.9984556994849084,0.005225755688491513,0.006322160083688411
2603,0.0050614929890881455,4.556049959270155e-07,0.01618524621979646,8.879514847616585e-08,0.0017309776086372242,0.0015608159380373274,0.011178993960413712,0.9877954603690104,0.03202301521050748
2604,0.002229751734718835,3.3765136229752914e-06,1.288230216282078e-06,0.004289323795968726,0.00022838788518214238,0.9946676991152881,0.002432843420149958,0.003401511579312328,0.0033509872268343522
2605,0.003414930179137963,0.11099220387683754,0.000480465872494764,6.3154799171183015e-06,0.026585275744184584,0.0007555871408056719,3.64583587430991e-05,0.011515157842541174,0.9455322166683908
2606,0.0018525290501372027,1.5597792041739185e-05,9.525543680745778e-07,0.004154809241887509,0.0008326824639306053,0.998793003235701,0.0005876538735311664,0.0008026003306433961,0.0009340242755562487
2607,0.006345171510539895,0.005563050956540739,0.022530000022428904,5.7203800585243804e-05,2.839834403891334e-07,0.00015731461722174749,0.9982634276778017,0.013532354558115127,0.0049991877611563615
2608,0.39704062995385475,0.00010150503824821571,6.965355651229488e-05,1.5672929840603195e-06,0.00043997735253024293,0.008168429457677944,0.12631677870342262,0.3569513366094279,0.11406645763399045
2609,0.003110043215746011,0.9880605021052106,0.006995640627270579,0.003626875049995794,8.905800134859299e-05,6.292764810453037e-05,0.009891863801904417,7.946086170226499e-06,0.22507218691562914
2610,3.2231379281797133e-06,0.1272298341102238,0.3337247341117486,0.03007228013755312,0.03653635024663631,6.8767048649322e-06,0.0008188104424631952,0.01529650299477099,5.1099940244120504e-05
2611,0.00140443822064315,0.00018310787614627031,6.28809688459979e-05,1.5560445795933888e-06,0.03512784699154235,0.008178383067921834,0.0006118224153725118,0.9934117939226956,0.00010741359522044697
2612,1.3643202087053458e-06,0.014482686660616917,0.9826103703631264,0.018000339694664677,0.00029822205344062205,3.222973624620353e-06,0.002104770069932165,0.0015565956500339009,0.0006222522734711022
2613,2.2869955930702546e-05,0.23922089107410385,0.016774790299201345,0.0005974855054552775,0.6203390412007281,0.00017521751948928018,0.000274631508018134,0.003642192000574106,0.002487246813626006
2614,2.8466065506104723e-05,0.5437353219688197,0.3355821530773729,0.11345571832358332,0.0009842429947418154,7.667181963079468e-06,0.0060329875071654165,0.00042553271414732846,0.00021534278718456638
2615,0.01523333863527357,0.19743440227997022,0.0018728472146996077,2.945396418759019e-05,0.0007603422693531646,0.0007750823794412105,0.003834501149569426,0.0002678299681255838,0.9693134789749538
2616,0.016495115854390105,3.95022913336934e-05,0.00047330628123658214,2.9685186720571313e-07,0.001995824650644143,0.0015967658901155015,0.003030207799126513,0.9596224024108937,0.031378181427214366
2617,3.834776241796547e-05,0.020595138646136775,0.004866076586616577,0.0003247207884960787,0.9744383147570844,0.00034379150889426324,1.7859599878490163e-05,0.01812363102482312,0.0027944004382296464
2618,0.8134919658070732,0.025063334411229397,5.824027126051822e-05,4.438814187724861e-06,2.8272750032155307e-05,0.0008998857616738081,0.7041023797244516,0.005646235302036409,0.008744554861903647
2619,0.0001700722908750355,7.030587337450355e-07,2.118443917256543e-05,0.000923433611733318,0.024684743514273456,0.9765065247784862,0.0007717008295079069,0.27914703165231414,7.097385307068266e-06
2620,0.000663403236812601,8.753610828651948e-07,0.008193144048745854,9.070749339889429e-07,0.0033333584840962425,0.004664725870213681,0.002673949041895862,0.9865409451523793,0.007494057406537284
2621,0.0037613562717701637,2.319596297692607e-07,1.4882100614595e-05,0.006676075609501184,9.554124564627779e-05,0.9841751995887559,0.008286293641204043,0.02021976611242298,0.001959243966946866
2622,0.0026567031113769114,1.1410279954773113e-06,0.008856423304116557,1.001474644470901e-07,0.006219452374562319,0.0004825527751425964,0.004865894974667919,0.9977287184523708,0.008132064070336217
2623,0.013912009595959923,0.06094166594298212,0.003240934075112043,1.2511888437010884e-05,5.348038460649204e-06,0.0004712141062184225,0.9953297747172031,0.008040815655364814,0.000995134912650885
2624,3.4581559558778496e-05,0.0038768354860858525,0.004257927710856378,0.00035965073592556093,0.9901793238978582,0.0010353512250272595,6.7688964415690314e-06,0.027007309639646062,0.003123431820710673
2625,0.9490627593823648,0.0118653229843168,1.0458138283314946e-05,8.327817780726672e-07,0.0005769031336749951,0.004121158951130072,0.11230582660973007,0.009544904121592954,0.015155325535741435
2626,0.014317625716822121,0.002048996619374517,0.005127746631629679,5.795083714707517e-06,0.011388673946975545,0.004330204296890659,6.042169859227551e-05,0.0012362159023166825,0.9954902564394866
2627,0.0017665122118105932,0.0068496786262470565,0.003951167003326922,1.6915183221405065e-05,0.0865226625854564,0.015463923509542572,8.936454102380877e-05,0.004406945315987595,0.8351558235648091
2628,0.01105721082073517,0.0028419231284743445,0.010525141166742115,8.304701137550887e-07,5.439906779480642e-05,0.00015182376575523856,0.37630143509046426,0.06555736950912767,0.23461756416450974
2629,4.114773288352127e-05,0.5009464076175543,0.4124923569406133,0.000939433751216806,0.0025449132873591445,1.6897668355508312e-05,0.008643291492409305,0.0008143159873536915,0.002225982703503984
2630,1.349289882078188e-06,0.9728332498783294,0.034655975194678695,0.0010869938400404375,0.012713453174729907,8.756195027776801e-06,0.005134786139133814,0.0035032478251125782,0.0008449860657439186
2631,0.026628684789265587,3.843435785989925e-05,9.380788452624472e-05,6.275224506465725e-07,0.003176371969211793,0.0040089646925727225,0.009199735335454083,0.9727893289973054,0.02118141710867329
2632,1.8536489648690416e-05,0.8742914584030145,0.10530080932224933,0.052384114521790294,0.001592587614832261,1.3957691086948295e-05,0.005147555853429183,0.0004935835112962839,0.00012132153398697156
2633,2.8028593052106826e-05,0.02138996168546836,0.8350628798760182,0.25447660625147395,1.8146659407093753e-05,0.0005365696767712193,0.014380581847208501,9.449887338618743e-06,0.00426428899088949
2634,1.0939056252705315e-05,0.35409271159949607,0.48687002839269894,0.187923138127865,0.00032997293563872534,1.2257451500244587e-05,0.00254656056836308,0.0002863048011963225,0.00046593323047265385
2635,0.002602669076672184,1.0244472405089772e-06,2.6940340627424527e-05,0.0036888656989058177,0.0004022129572292625,0.998271544584851,0.001411349696631238,0.0015903598030210654,0.0005441972694140648
2636,5.0060738425761854e-05,0.004729079619143673,0.0026970142787289203,0.00028262565473421774,0.9929006195384431,0.001312842271002279,4.4502549864947405e-06,0.023998440074316608,0.0038916411496638915
2637,5.123342315197532e-06,0.9250142113232135,0.0637526718310329,0.007922858668501953,0.0001415889299029739,2.932024105954846e-05,0.002145299883347991,0.00046668942656782376,0.010602921789496057
2638,0.015663514179992687,0.0012182356502599685,0.014882758747677234,8.294260550726757e-06,0.010728630288597048,0.009837644656599925,0.00011194251166925827,0.0005864892098599145,0.9852871554931363
2639,0.6169106437464807,0.013278619121764831,0.00015693458118386244,4.38474219546824e-06,7.45994158073212e-05,0.0005011655174410766,0.3898587060987905,0.03860530852378441,0.0044990755128116585
2640,2.5236399369949934e-06,0.4936102549791707,0.5109487017379826,0.02568989014005729,0.00017087969493694523,1.038511702760752e-05,0.002334944229654863,0.00039685712023664375,0.0012653926004558076
2641,0.002857469146740431,1.500710540852458e-05,3.535117253677072e-06,0.002426600746114689,0.0013505530994384787,0.9969230246007702,0.0003884930012766914,0.0025700391213973836,0.0009155997581018084
2642,2.9803768853999607e-05,0.6775965086797566,0.12620803483005996,0.07480577963835237,4.675166724103295e-05,0.0011806559098618814,0.006946648023969683,4.532465319760153e-06,0.014511777415639898
2643,1.3627086896228232e-05,0.7564338509748217,0.13539179040885588,0.13213913368015978,0.0008953176471931907,8.355629154987478e-06,0.004058688458165159,0.00047507026283415853,0.00012688635375710715
2644,0.006162066026968293,6.732135920450367e-06,3.7163317913196714e-07,0.0046580752560997475,0.0005357894454899022,0.9786746173393729,0.00232269588129426,0.014441059010957947,0.010828521187335119
2645,0.06442795985404778,0.0007449288870353188,6.052048534630281e-06,7.434540294145948e-07,0.00784135795881255,0.009717697532216296,0.0029023276649305088,0.909733468557787,0.05748419584359733
2646,1.648641147826567e-05,0.5464902493610769,0.03633555829991206,0.2266426408952367,4.449607879452251e-05,0.002437662317080015,0.003969138468003533,3.0041563934298663e-06,0.01143507833775778
2647,0.0007791862833406945,3.0022051517767782e-05,0.00018022130734766576,0.02863456754486438,6.806431483305856e-06,0.5586101817030608,0.1755137028897767,0.001326611319687047,0.0002929473101180688
2648,0.006487361091359387,3.066912621634347e-06,1.4189234589418328e-05,0.0016227777980093085,0.00023808982556867929,0.991197671603456,0.003603200898403838,0.00740126561228292,0.001932846755515491
2649,1.6513280052420882e-06,0.1522965221279173,0.8522034845403288,0.00693591273899664,0.0005675570546398517,4.9578760736650525e-06,0.0027114167422255366,0.0009944628728096492,0.001625275437439753
2650,9.495107835634769e-05,0.6419927319387562,0.20347075953418983,0.043066224983688554,9.298891037598603e-05,0.00039329659626019504,0.006802820599280127,3.2141025155452374e-06,0.038063129154211985
2651,1.1406390289761527e-05,0.1880960539888779,0.6373473673590988,0.02040595979459923,0.00784519398114308,3.3296277976859842e-06,0.01607820682893379,0.003626773294261025,5.816970314706131e-05
2652,8.640924250492419e-05,0.5340708198944625,0.11971064390197186,0.0019971257450740313,0.0004218479494370355,0.0002391406892335429,0.10626533790536304,0.00046308211698648254,0.00037433483311960974
2653,1.110546476705552e-05,0.0022666560665006354,0.1796906489051938,0.9349054498357048,1.5525872316345823e-05,0.00979829539932596,0.004983259525342565,1.1992928187485051e-06,0.006630695017228406
2654,0.005308799360192364,0.0011841170270627947,0.0019815806683392083,0.0005969246143731784,3.2029177478338286e-07,0.0006801821609569771,0.9970031013129039,0.006128774764431433,0.004806238958352241
2655,0.006996466725300201,5.343390703773584e-06,0.0006950335596082576,5.658624206122723e-07,0.002736855464096174,0.007248822788430821,0.011532147401670752,0.9717487073489867,0.013961007510540222
2656,7.092322932219204e-05,0.007378848216835576,0.0014044566920124251,0.00024142083725219913,0.9943158988082692,0.0013977016792279297,2.6719408674887316e-06,0.023378233318612673,0.00487535478264784
2657,0.04022200561223423,0.027262290806714936,0.00018834228543113853,0.00013967768685446555,0.01462648391006889,0.029166151702421934,0.00011194696178199946,0.00023045880878080953,0.9548372790792279
2658,0.0011675696237499183,7.329562460550415e-08,6.376814233833562e-05,0.013737029722546451,0.00015381707627199647,0.9959823266596359,0.002191958668275686,0.0028909792500388205,0.00028862823826174896
2659,1.836356275886606e-05,0.33806784555835173,0.23895034487955116,4.0327086278017895e-05,0.14148915118537822,2.1474728946912812e-05,0.0014389024307888251,0.002263196702829621,0.012756296306333808
2660,7.417200192879709e-06,0.34775103995548645,0.4843937201446943,0.1323733279692711,0.0003560763512790715,4.89138280250217e-06,0.00580539594814168,0.0006535005513042054,0.000227780946700161
2661,5.260268801803219e-06,0.13777951150920223,0.831921012990446,0.027920578449097472,0.00032988906492736566,3.6577226157896343e-06,0.008638662136021111,0.000583350926846812,0.00030851600258984956
2662,0.06087705086217298,4.567254615771035e-05,0.00010403415444587787,1.2890775822782193e-06,0.002399199642892022,0.0069160630287663635,0.012144329758630735,0.9392491472554718,0.022043457836365632
2663,3.4782441434059364e-05,0.1522401146416911,0.444031558314879,0.1714805941259414,3.4590011842302e-05,0.00029554953776073485,0.009734804848679774,1.228924936523611e-05,0.006572915287109742
2664,9.286132579788762e-06,0.9582795039821672,0.03381006238645787,0.009156581951823983,0.0067191974086174095,1.2315283303070263e-05,0.0017289630787932669,0.000658104502242758,0.0005814490299063983
2665,0.11588063723410849,0.0001484730961119423,2.622097377302219e-05,1.3280911910451078e-07,0.02502089044580592,0.010019447213646157,0.04751432788040367,0.9513153991218342,0.02023696186367556
2666,7.205606207608149e-06,0.7142391609516483,0.1905112041202706,0.07288333798872781,0.0008146539648208525,9.270402886643827e-06,0.004271106179600509,0.0007128288536368318,0.0001196560402426843
2667,5.284309328349498e-05,0.33060747883713565,0.6790854249782041,0.0008014890160063656,2.5379444423985852e-05,7.77210793218431e-07,0.04905991112354194,0.00229830235982282,0.12012258109141816
2668,2.7162864260380367e-06,0.034037206234531873,0.9788226138651106,0.005801671390676052,3.864905264199373e-05,2.240676260173705e-06,0.013379917160581994,0.0010373955589339711,0.002961377064057578
2669,0.002244107495586559,1.3443333710541053e-06,1.3589849376281983e-05,0.00457979377091955,0.00047268281400673944,0.9988796601661355,0.001061409632615618,0.0009867092583407432,0.0007212160324162471
2670,0.0036844412326658567,0.019675688662563116,1.9926850259548886e-05,2.098878037012083e-06,0.010359448148356406,0.000504669525783317,0.009153215706419207,0.9835684164686047,0.0003597264060889856
2671,5.237324188564231e-05,0.7756423545071996,0.1568963861800019,0.023931598527291067,0.00214011535633017,2.5888846102016907e-05,0.015077428067408066,0.00027866497429641175,0.00012386490923101291
2672,0.0019990493107861756,2.091618293338832e-06,5.761620460148595e-06,0.007952725881447919,0.00046849544218643274,0.9987961719406327,0.0004324625235833088,0.0019020009954073527,0.0006753476263839299
2673,0.0002468102651881993,0.7407802793810221,0.1692798677499623,0.013228194356059536,0.00027501860196307056,6.792699335909832e-05,0.053915420419998326,0.00010092871721535981,0.0040148010568781525
2674,1.5341731737221262e-05,0.06115686313080864,0.7738012594918003,0.11201000432244632,1.350369429377919e-05,0.00016997849600550204,0.04536039058915013,1.8048531707812156e-05,0.0036575676771722987
2675,3.735863523601669e-05,0.37130174870171306,0.09906985589074545,0.013703797352381931,0.00020784806389140728,4.1159294972446056e-05,0.06071373511761658,0.0010233011744379128,9.621501826637666e-05
2676,0.01508410827465483,0.001495327384533868,0.003408699898888208,4.760157535051465e-06,0.006641968952255227,0.010578273309131697,0.00011145759180834132,0.0016489841166042246,0.9906182263733738
2677,6.53009667440222e-05,0.8928360220222159,0.07549348176006448,0.03674806128324541,0.00011911624581940798,0.0002991556031101065,0.004189285305428006,6.586892430842368e-06,0.017411066069862147
2678,0.0038153016771644145,0.9503170291059039,0.08833223269731168,0.0023036109417651227,7.280576547448963e-05,0.00010429937881201851,0.024418421140053593,1.779943833177338e-06,0.03252183834021442
2679,0.00028588073032357827,0.9896364308398118,0.009022134423768905,0.009056421525156356,0.00015277869715489166,0.00015048376895396471,0.00250179232909138,1.0601480009415417e-05,0.08667760409169904
2680,0.0024978438257252746,0.00015734610308459747,0.00015522294792357996,5.607764913275484e-06,0.008219684926578583,0.03847553086653824,0.0012859562470403235,0.9209268319712518,8.9122303019295e-05
2681,8.78186575696811e-05,8.663203172756162e-05,0.0019894932160647747,0.16868817945067188,3.490854768083975e-05,0.7927296831077946,0.005113569163734771,2.9704983343632737e-05,0.0008918845493264949
2682,1.3560820016608892e-05,0.3960508049072786,0.6550507290739266,0.001464445364515744,0.002260634490036924,3.85732480166239e-06,0.0033132853853988175,0.0034089974687881034,0.001086193504702811
2683,0.001941227513811755,0.004880791620241123,0.012326029964543272,0.0001872558088136766,2.3719520886156635e-06,0.003943313475851936,0.9660500462570545,0.0020880647112123266,0.0002506962910487856
2684,0.0018859337006322762,1.4825308755638881e-06,0.0002973003210929633,0.00407342392887735,9.785811530124941e-05,0.98178404530094,0.01359386732764498,0.0011235435430708481,0.0003691634871260493
2685,3.1611948809817904e-06,0.20093490565148775,0.4775447401296015,0.42590896578537457,0.00014334342129233586,1.9663400845415672e-05,0.0013264533517652129,0.0003644153279792636,0.00013906206405577622
2686,3.1701227146673073e-06,0.5880062142845296,0.08508779716117329,0.25655844319472315,0.00020545427504546244,4.029617975555143e-05,0.0011459452355096272,9.173966968816593e-05,0.0013796224980631804
2687,0.0001905994322676994,0.9244778591222074,0.050476672902735456,0.008751626107581609,0.0001158007925232106,0.0006606518374636002,0.0068143608138178735,1.0847632150454939e-05,0.07443691583511115
2688,0.005131065445871439,7.953508098656709e-07,0.007259686102335182,5.521850339731299e-08,0.0030933070087519115,0.001301075407265487,0.008233783448618416,0.9857117655878741,0.08448235696092837
2689,9.543449191044437e-06,0.13236496635171058,0.009118159890957623,0.8406111730797505,4.712873331707832e-05,0.017864558423760148,0.0018380461009384161,6.569522888696058e-07,0.010608522195125392
2690,2.3071033800118897e-06,0.07247558605822825,0.7924189108277838,0.054979172410053324,3.738194180450612e-05,4.432454987955467e-05,0.007804958445974313,0.00015453601429624012,0.0006932565631053872
2691,0.011348362797808414,2.7948362957241585e-06,6.201285687255739e-06,0.00218126620765478,0.0011392595082590558,0.9366297138694727,0.0014779078179906367,0.03359472849884047,0.0033544673275309636
2692,0.0019925805749534415,7.394077175359948e-05,0.00011770294959404088,3.706523910985992e-07,0.02314979897355029,0.0013880801153729836,0.0009082323707175939,0.9985883533615366,0.0008664173707050542
2693,0.006783288558032854,0.0004557738607290271,0.00014005393091615087,6.3621651423029e-05,0.0031809098092840373,0.893852479261689,0.0007820110511956482,0.0031083166535528627,0.007808520116572613
2694,5.621331027514821e-06,0.8171945201494089,0.1114439480863644,0.009913354940529893,0.012336981884659905,9.61681645625321e-06,0.00464891778313281,0.0025120066843947915,0.00011166848206777376
2695,0.009884467739167723,0.003637999224813659,0.004884913838657034,1.5526564650665546e-05,0.012639136297776821,0.013670211506858636,9.966146119533876e-05,0.0006037367515829864,0.9894357038625596
2696,0.17501386809248815,2.7419111215572457e-05,0.0003998732943518062,9.352531186827502e-07,0.0017760689579704057,0.009487880311382799,0.029295427763831587,0.7310916762701155,0.01378431996091784
2697,0.0025867487269148706,2.4481103604035487e-06,6.94324436568222e-06,0.004227985540818125,0.0004902109049894509,0.9988015433745131,0.0010099430064868357,0.000978109724619414,0.001181015173592603
2698,0.06112831543421863,0.008649497415146748,0.00013162959651502593,9.280351928767506e-06,7.141448495347442e-05,0.014789123886925125,0.9472464127096804,0.03388366811392781,0.0023849837372635456
2699,9.544760373984755e-05,0.9320966442520546,0.009539632996878438,0.08281977985191642,0.00012169106857147044,9.378191943006522e-05,0.002377124221272061,2.5237251688645713e-05,0.016131200299913943
2700,1.7846788264775272e-06,0.9395511204175019,0.05043103205327556,0.0020923702592753773,0.01753839068094929,7.276579466844821e-06,0.0034712775261192463,0.003143724121009305,0.000649784265183656
2701,0.0016124361799387831,2.6434636774095463e-07,2.097236078236537e-05,0.01756687890713772,0.00019210156618792738,0.9968253032744624,0.0008275232895070797,0.0057183683989935905,0.00020601453837214813
2702,0.00011094206196016644,0.8227472649620337,0.15916429554681147,0.031087064796789486,0.00010412974304067684,0.00012335126802563373,0.0051779340689964365,1.1138723729774787e-05,0.01744228818884694
2703,0.0016115337757089552,0.0007913739339095919,1.943642814844392e-05,1.2181120140554595e-06,0.0875059130854138,0.015014737057777078,0.000256758622771155,0.9916041889525304,4.288988737677426e-05
2704,0.0005859470516460578,0.00027083605460449784,2.8630292778412115e-05,0.024259094762065135,1.6318190401807797e-05,0.8105961717836251,0.09302557490689774,0.0005252838728751223,4.364550365356978e-05
2705,1.8058075737016524e-06,0.5472161582413205,0.3899129729848112,0.011608221790613268,0.00824353062354893,3.4887191889598576e-06,0.005819543307801483,0.012454550343670693,4.391233966560544e-05
2706,0.0011041617577602857,1.1633242840046511e-07,3.4430987212842514e-05,0.015475091980466977,0.00011533951756711665,0.995275221849134,0.0016307129255982542,0.0036296063922507983,0.0004812511029971192
2707,1.2842081572459682e-05,0.975212196105385,0.01793732725326652,0.0417017358099416,0.0015688602638199737,1.7590630303612864e-05,0.0032774018615455577,0.00026406961250303356,0.0004648726871826997
2708,0.0011305439021844894,0.003223207313024566,0.008796104807736956,3.3294606947114363e-05,0.009462013316067172,0.00164328623173311,5.834118575479746e-05,0.008626533510733269,0.9372109110553091
2709,3.311414366306476e-05,0.7640973735659843,0.0721009648689876,0.002613399008464833,0.00018507532972437073,3.621828475814692e-05,0.089027933787389,0.00231425204723581,9.263401811688909e-05
2710,0.01655826783148934,0.0002746089264555425,0.05414845964698936,3.389055666076853e-06,0.011795378824332004,0.0027148002201513896,0.00043682682181133477,0.0005395626847541821,0.9977027747294931
2711,0.0036495282971535747,1.0870132658069205e-07,0.0572628376558278,2.3372327303892764e-07,0.001201320009451998,0.009401854864711148,0.04168771152051786,0.960119884392683,0.02613410740116905
2712,1.5623644662922462e-06,0.9174665237765435,0.046547598280305406,0.006959257234012921,0.016090282980671635,4.44156491658668e-06,0.0023184870858995936,0.004721983972703295,0.0003360206638858922
2713,0.0038336735931544285,3.702381718564667e-07,0.0003256516917572247,0.001955518453582214,0.00029355676869216325,0.9897759578412021,0.002688871056442511,0.005842214285449256,0.0003979772267337963
2714,0.11979619492629492,9.405296460760163e-05,5.970973475770916e-05,4.5566293539132694e-07,0.0016246956906386073,0.008204695607424243,0.005399706304219087,0.6695331430106308,0.23491996138057714
2715,0.0013387613620667177,1.824000397259148e-07,4.4416327049997825e-05,0.013005241621134709,0.00021567988897028468,0.9977000435639455,0.0013435982665525122,0.00272663879463329,0.000140058258427352
2716,7.197620065230241e-06,0.4940129676010572,0.37768731915770565,0.08922336455651105,0.000550120682233252,7.15939318811756e-06,0.0029960839414492966,0.0006006405100204962,0.0001522847179419588
2717,6.525756602275011e-06,0.6112023363426496,0.22778678209310613,0.0009464344839329567,0.00558568774786454,1.0942099471713464e-05,0.04778700851631048,0.017144194053406992,4.679514789725398e-05
2718,0.2646520588840022,9.470976747869148e-05,0.0001398866672627954,9.018775473217918e-06,0.0020182432668395677,0.017640496477237,0.024709923404121696,0.032444083776453886,0.6145626188984601
2719,0.012894085744554683,0.01107851500704142,0.0008122212984693196,2.0374850554368184e-05,0.15374513930815506,0.0007320613732307043,3.123604074491937e-05,0.004144432771518243,0.9643944157946966
2720,2.5940239437481277e-06,0.8626143257708414,0.1802210230825711,0.001264287104914558,0.0015517867815667723,1.9874670110702428e-05,0.0023118036963291405,0.0004709588993337306,0.004673620752254025
2721,1.0946631854533032e-05,0.3982724637938695,0.5757093221675963,0.09795796798999486,4.6356824336268606e-05,2.5834897043706925e-05,0.01652917252618032,0.0001167894019720832,0.0007487002563351394
2722,1.951465750605881e-05,0.9927902395729774,0.0064200515817699555,0.01973236685041877,0.0028084016178246286,2.3830572242233715e-05,0.003206975028005032,0.0001621960020416047,0.0011876794409590285
2723,1.5325005463401212e-05,0.2931223864845455,0.6077679014723464,0.15939736997363965,0.00042291977572517063,8.333224617274563e-06,0.004499487267486485,0.00037029433726285503,0.0003174753919215745
2724,0.0010665235475534707,2.7342686369253624e-07,0.00020195967808065625,0.014602298901891866,0.0003077810894016854,0.9970024066430361,0.0010704463281919591,0.0006576970307661638,0.000736536531523104
2725,0.0030938041125698913,0.000270356140558033,7.029114554395122e-05,4.556389331151118e-06,0.01122262448232105,0.01997710119641893,0.0007564587737467,0.9591604106254964,0.00011909206862079221
2726,1.700904408402786e-06,0.23908994574512005,0.11875383023664497,0.5815948080915303,0.0001068744317310265,6.961679024823189e-05,0.0010504870625546144,0.00011529802018860473,0.0003178165399393002
2727,0.02889380058634098,7.777045887494752e-06,0.0010386320819874295,3.6250965216313094e-08,0.03620001170903856,0.01183489474985464,0.01879935436088012,0.9419474513884148,0.014120235866843885
2728,4.5931136862110306e-05,0.6746692910106672,0.1712233982839439,0.0009792513986120477,0.007006351525814049,3.286223619547666e-05,0.002952492332182858,0.0009016483403204087,0.0014443606543367432
2729,5.56507250885481e-06,0.6611278776395183,0.23133620090973522,0.12823044358441898,0.00029823753716610627,1.0371267267250707e-05,0.0024413146683501855,0.0003521545671988329,0.0003679772078555776
2730,0.0025164409683616764,5.583293334598233e-06,2.7302169050218343e-06,0.0038201255392181417,0.0005992148884415023,0.9989479426980173,0.0009372012181053203,0.0006841257014387791,0.0016134617026926114
2731,7.194740351015757e-06,0.8756752748069101,0.155996915659235,0.07202626299834673,6.236202086648318e-05,4.4997747373804963e-05,0.005570750966519645,0.00016924550115199108,0.0005442536986086861
2732,1.3265820220460178e-05,0.8488819771775975,0.12123223452911629,0.0007862252692515412,0.01610246521058305,7.217317085421834e-06,0.00447954866932694,0.009104499402937047,0.0002605610560114988
2733,4.019703446690043e-06,0.34924458822513216,0.4798330810713434,0.062469078295102794,0.0007622484525270998,4.619954975319479e-06,0.0036217245709804064,0.001141580677046056,0.00034734768603042124
2734,0.028388621632798896,0.0008047846817060235,4.526903046535667e-06,7.989047427560785e-07,0.022606251901219763,0.004463951903256365,0.0019016180106572373,0.9626965068800468,0.0327850724946088
2735,5.203790502883573e-06,0.45008161754777376,0.5676200444505374,0.0010628961329470449,0.0077449773844491645,1.0577330573953658e-05,0.02159526801709257,0.005885883285899881,0.00019872006040116803
2736,0.00015950233568889682,0.988662612903061,0.010374662304680524,0.014001131704542088,0.00020007747353754297,3.524759387039639e-05,0.0033373461840560175,3.857010534691847e-05,0.0373339776634054
2737,0.004659940035500876,0.0007355741930344133,1.0172348518354786e-05,5.30526470908899e-07,0.042711852287501115,0.0014094214073788747,0.0013835936805871897,0.9990146637391399,0.0006106945837735483
2738,0.001497448667444893,0.02432661945580076,0.0022556915441673863,0.0010454878836381018,0.0006672132634892163,0.010923672651035233,0.0045193865786718156,0.00015475739978799134,0.8685455525701383
2739,0.00011831073050128702,0.9805848338063223,0.023785778033765016,0.005228676575617658,0.0001163861003875455,9.661112259351299e-05,0.004782175336941874,2.8613206541794944e-05,0.09097658100727325
2740,0.0012619404244260284,3.2613122519102725e-06,3.2319260240043947e-06,0.005816156727703226,0.00036691505032802977,0.9989873949436825,0.000608938110875136,0.0009006983302144015,0.000952121403673613
2741,0.019073905911341695,0.001754740871503207,0.0031355250484252956,3.0509236478010588e-06,0.007565575513114025,0.0068815623522666975,0.00013442763381428267,0.0015040952327649802,0.9944402145575549
2742,1.4830085407504543e-05,0.9634978829888202,0.03887953354742154,0.021770484256909525,0.0010788972050562852,2.088154118122399e-05,0.0033563914420709547,0.0001231500877231697,0.002265859114180372
2743,3.602438480904707e-05,0.2665765983857292,0.03347234349682607,0.40419212361100837,4.9593011104131426e-05,0.002342156146917566,0.003871495992410478,2.0672387958040826e-06,0.023312211866317864
2744,1.2251274043576944e-06,0.023763522611870067,0.9550293308733365,0.006794196912406552,0.009202387897548719,1.1153860416357603e-06,0.012548064050864937,0.013729296398704592,7.157152766175249e-05
2745,0.01307248276475807,7.926006620581424e-06,0.000825524875636029,1.494135362184321e-07,0.0016489265349394825,0.0023062400651893606,0.00355934546007566,0.9749416345610258,0.05038138754249507
2746,0.09476042708242932,0.0011348422155055115,0.0015010323645317817,1.4561198709341643e-06,0.0042407616881815135,0.010114649911382083,0.00038474899046301084,0.002032936944410159,0.9576412895451651
2747,0.012920773670766694,0.002221949533885806,0.005618633616916369,7.971816521494056e-06,0.010004961225561758,0.006633903416236585,6.911843912499365e-05,0.0005763082423965325,0.9958275413722346
2748,0.11956060288026289,0.00011295599055418535,8.29730697076778e-05,1.0108484712448586e-07,0.00601384918046427,0.020361646282389203,0.005051228410504129,0.5637617053088267,0.22963687422762116
2749,4.2018429871332556e-06,0.12500078167054857,0.7605138851786644,0.30059865332541086,0.00014468864631172378,8.223279616289726e-06,0.0020933548750907472,0.000531531239943508,0.0001950653732704193
2750,0.2554984191481674,8.987007123661034e-05,2.9290972875827874e-05,6.671693516628136e-06,0.0002468545360108659,0.13381324116719312,0.029047331509037065,0.2956255038381164,0.05231660101712691
2751,0.01442660479604428,1.811942490544357e-05,0.00029364052951353763,4.4102670464485654e-07,0.005596117520089243,0.0035582868975504224,0.008934909123418404,0.9887504744091634,0.011847381799427108
2752,1.5082146925674408e-05,0.6248627405176863,0.25630729539539965,0.1286808530951457,0.0007898556465507156,8.28693867037662e-06,0.003992729690973519,0.0005017962655236953,0.00018092314196625024
2753,7.154604927252563e-06,0.4910717455954891,0.3018316257280104,0.14643859122267727,0.0004832736169488228,5.515375468627281e-06,0.0032889957892265967,0.0009650694082134385,0.0002948532856383303
2754,0.09278819312691282,7.578582916646458e-05,0.00018509877843085715,2.375356370080532e-07,0.0006801501783636183,0.032037683145655194,0.017316901488998605,0.2853596266844044,0.21143591182031418
2755,6.183315829302805e-05,0.1720181864008696,0.020482778191172953,0.0001867115643038892,0.07740092103731419,6.219707983409715e-06,0.000656006375331486,0.16153608711789813,0.002553241115253941
2756,0.001845943897606344,8.533603714583638e-07,2.2681122719723494e-05,0.006909071851520419,0.0004981560429142413,0.9986304572186813,0.0007536539890779262,0.0009614289548353838,0.0007342684029845818
2757,0.001248577137651985,5.366140718089443e-07,1.3687441254942197e-05,0.012071405207464327,0.00020717056817557921,0.9980450821829698,0.0009108258300626463,0.0023580871397871407,0.0002529672816961401
2758,0.00380788337688986,3.7133144958042885e-06,2.5204576482525327e-06,0.00337999054720106,0.0012631412878169334,0.9973804345734981,0.003575550289823827,0.0030526191870384354,9.86547960943256e-05
2759,0.0028873332804533907,0.002462363013587741,0.009112643991453074,0.0012163948713451143,0.038245478218296436,0.0002025885901755552,8.785253827462477e-05,0.0192823709157296,0.11340842184162368
2760,8.982168427936535e-07,0.10254512854521375,0.6837594456077477,0.010474437659593914,0.021100719878889007,1.656167576233173e-06,0.007192191404176167,0.01954166944366846,4.789412126551007e-05
2761,5.5058578472127025e-05,0.9812577045671886,0.015765022314388366,0.03097522881258843,0.00019713908005666907,1.217406278750353e-05,0.0044119789276396105,0.0001368279261578359,0.012214341495392552
2762,0.0007762862199720422,0.014351172570304844,0.0219773052073917,7.085397083213553e-06,0.00010395688537375721,0.00011369662578232032,0.9695978713903298,0.21794211758581797,9.74209378363577e-05
2763,0.008060348637018535,3.5876361137525864e-06,9.925967365572577e-07,0.0039517294131904785,0.00024890017434684797,0.9842425529525012,0.004602451479583671,0.014894879889668224,0.011983444999806848
2764,1.3418174168034284e-06,0.2457367665270855,0.8070518442188076,0.00021178090534185255,0.0016193303225361315,3.635680185822046e-05,0.002845524572000864,0.0013477879873608593,0.015049949694368086
2765,0.0012215237395055208,5.887512432767909e-06,0.0023522436160344617,1.9050010748218754e-07,0.010280360231246434,0.0011527997164044884,0.0012784720277185543,0.9980198381577017,0.0015682002047563454
2766,0.07103977894959938,0.0002791136562664965,9.363959130884796e-06,4.128426681878767e-06,0.012348255519743234,0.0013579890770686017,0.0046784562016523165,0.9597138383237585,0.006438668225214164
2767,0.002672480426888088,0.004109097839270373,0.0582186308365419,2.2278051872461817e-05,0.001762395128942296,0.0015973276893148753,0.0009396367493497904,0.000493612814185179,0.9884963481313678
2768,1.8266443059955018e-05,0.7065157783683305,0.21632794853799694,0.004928638783128891,0.0012237853665580595,5.2581931224636795e-06,0.016089448091087272,0.003743726141959392,0.0011922439007687104
2769,3.4405795441481923e-06,0.9554990848103436,0.025625196100374,0.005740694209864425,0.03215818982753389,6.2393454180413555e-06,0.002853481852246779,0.003074785010432217,0.0002889241109162769
2770,0.016918093505325076,0.0010617839426680163,0.027517305340680177,3.0069222117060144e-06,0.005783387135569287,0.001886964365790795,0.0007671197335624411,0.0004377707811662744,0.9982547731473079
2771,0.0020978183286105693,4.279358547550077e-06,3.6890411452700974e-06,0.004631151433206026,0.0006194824348711016,0.999017898084122,0.000616448042935051,0.000778999381669075,0.0013507397400151888
2772,0.0011207590097546559,1.0798076914219335e-05,4.040209713536721e-06,0.006890046237702999,0.00015609678844696258,0.9941503344889258,0.00343389976939084,0.0006803013224547368,0.0008463978828533514
2773,8.816513442762541e-06,0.9025257273401348,0.05453455086449404,0.08160847815164717,0.0003368082055279937,1.9080370106668803e-05,0.0022377051417006694,0.00028895206276111584,0.0013148039391554865
2774,0.001172839288667709,9.263121858750115e-06,1.6370629581924392e-06,0.005392231860589372,0.0003335241240569123,0.9983583653691391,0.0009030914838259478,0.0006045082847290385,0.0011829147035825312
2775,0.013521330801071828,0.003072096800635266,0.004771689350936685,5.42365636348285e-06,0.011241995985597514,0.00690660242673269,4.6098308169284516e-05,0.0010769251569104023,0.9955878725455539
2776,1.0581839048560415e-05,0.700088859534132,0.42124180963664626,0.012620101757009722,0.00023780128132269463,3.308413439519268e-05,0.0032036022147552213,8.765545709329668e-05,0.006563541285766679
2777,0.00010138907111612323,0.7747767166503764,0.019175367354437107,0.14335820821732806,8.747685972127174e-05,6.0336205726551415e-05,0.0015053939812870812,5.7646983059562326e-05,0.004216439291649257
2778,8.894727249785893e-05,0.21249223175844498,0.7790784660755372,0.0017624675255600935,0.0004846599379404589,4.4678968984907064e-05,0.21817104222387998,0.00021392717104807494,0.0023270430954637155
2779,0.12453164219380203,0.0005788510639795748,0.00014703492559759785,5.14648158309677e-07,0.0016826961485800795,0.033352132835105346,0.0011608296514362588,0.018806706870480947,0.8877499826061698
2780,4.791691699352574e-06,0.3089462797451872,0.5188397991125644,0.21723647841607813,0.0002230409431585314,8.849709469101946e-06,0.002349531456523867,0.0004946625015260014,0.00016546648648819043
2781,3.880629460989958e-05,0.5243295023804869,0.41843738307709355,0.0005571209881550971,0.005236685158963336,9.422324633803335e-06,0.006491433869556222,0.0016761454642347448,0.0022324597707417022
2782,0.0011033287966053574,1.282946930944206e-06,7.384349954038436e-06,0.006571876407292981,0.0001933276899449874,0.9981414228272858,0.0014520075430467367,0.0010370665842426709,0.0008067034919202828
2783,1.7661133931490457e-06,0.06721063919540572,0.45956988860881,0.5628523935140803,0.0001034612196348792,3.1342860206383255e-05,0.001524591291859681,0.0002225286567513779,0.00015764285110807464
2784,0.044115816100526416,0.0007254707150013887,2.772549738883862e-05,1.2742113595459689e-06,0.001797649333512481,0.09484359815485637,0.00042157995439044097,0.05149832848168671,0.7779145536473411
2785,0.002660498774499585,8.84454363406322e-06,3.753506674195907e-06,0.004045459526688708,0.0010404960695725397,0.9975677343635404,0.0007811854758062706,0.0017822584164785592,0.00043584702110637495
2786,0.7351530638947659,0.0017318428600186,8.39584307233427e-06,5.56376513122547e-07,0.0011987947771244965,0.06496195927004757,0.017658304833558822,0.050733470950580235,0.07082482104717525
2787,0.002270429551101031,1.1745321096357283e-06,2.4973310267719638e-05,0.004317644818518201,0.00045886121086453034,0.9981068542351236,0.001235001896421503,0.0011998439866739389,0.0006695945402650298
2788,5.33112559360438e-05,0.001389497061233355,0.005843833279189249,0.0003062559210256019,0.9944381296924504,0.0015219429550718674,4.1205988148967895e-06,0.030165473446952203,0.0030468410416139334
2789,0.0781042703446921,0.0002480100913712546,1.451400075161068e-05,1.5385875947445416e-06,0.007805483092085657,0.003396124774601967,0.00794709972933838,0.9498719806479426,0.012822959779645688
2790,0.2493772158369861,0.0004592151988390552,1.9032394460438587e-05,1.5619036684743456e-06,0.008788208702385003,0.002542773270522471,0.006368984592551818,0.908562126851371,0.001744908761432728
2791,1.9281049409372936e-05,0.37762894524276663,0.49958244065511426,0.0005943041158164408,0.008225814334063032,1.6458654843781577e-05,0.012602974746623386,0.002817155607248933,0.0008610601938078935
2792,0.13057558531108465,8.559491769632225e-05,6.780062585191337e-05,1.4707034503624746e-06,0.005950500837242516,0.002491719477325889,0.007594761859025897,0.9533582237691537,0.002518994882506943
2793,3.680176718625095e-05,0.6151177393697271,0.2334025531042652,0.059931483799598485,0.0010334206829300796,5.475587551340478e-06,0.020730003701495636,0.0003525043330853272,0.0003145338540508454
2794,1.4951755294741228e-05,0.4613142017769922,0.457543312001395,0.046211889341397666,0.00011523537495743678,1.1360539492136318e-05,0.02219832333615597,0.0005066192842630745,0.0011085682947261978
2795,0.0034208403281430137,4.4910706690398845e-06,1.950639220774434e-05,0.0018420792382926596,0.0006375320392375771,0.996428596478756,0.0010117682862634144,0.0019271180346093104,0.0011890965063180204
2796,0.005023846197267654,2.2111865574799995e-05,2.0014269321264002e-07,0.003284318122334919,0.0006636712303050306,0.9950010870691035,0.0013806164933250055,0.004534404473130586,0.004829652304206953
2797,2.0939242601826317e-05,0.04554913403819289,0.006614474147551806,0.00039526374287641677,0.9204818268360516,0.0005318958963877922,4.845374433381003e-05,0.01903339748163769,0.001805944120947945
2798,0.004143363366188881,3.188131394128474e-05,0.0003786787836089159,0.0003228910752630062,0.0011139155158837427,0.9548450880514153,0.0012971013278101967,0.0016106784125621723,0.004213341286012046
2799,0.0013041145329814067,8.18484746327755e-05,0.00014217901646600695,7.403780459845975e-07,0.026149590687877197,0.00815948128033551,0.000604163984956212,0.9949527855568266,0.00023171570045970634
2800,0.004823815280111965,3.830502545580735e-06,1.291811720459288e-05,0.0020398625208308857,0.00027245138493697444,0.9947857859214003,0.0033519148465583383,0.0024886195633035076,0.0017756718295882546
2801,0.00030836207661550654,0.02085791574665225,0.012857878026667924,0.013779804539758323,0.0012508970634343747,2.3696839829709656e-05,0.001523676062060421,0.062369312263971514,0.005596167220293418
2802,0.0025227181899579983,1.3114139191063018e-07,0.00010430893959530665,0.0071468235821683605,0.00012070193928402192,0.9958480256278325,0.004545022030002481,0.003704908506091294,0.00043726920028850784
2803,9.722871239831896e-06,0.8774254786249418,0.146924855231382,0.0007594295038454448,0.013777552633275122,4.445752165186914e-06,0.005976954181611966,0.0076633016639116175,0.00019923041749042917
2804,0.0023436005820078173,5.846937169793441e-07,5.672692051904415e-05,0.004459710854205403,0.0002070052677122731,0.9977968328591963,0.0025034845327822244,0.0019680796898436893,0.00044104732048409116
2805,0.0016737175644392286,9.750564807758154e-07,7.6375339598246e-06,0.013328386079619252,0.0005039469810482702,0.9987605108964885,0.0004065383829203934,0.0023153280081417583,0.00012868370081413848
2806,0.66898135166363,0.004178339647960455,0.00016520692740158762,7.586387875942679e-06,0.011097884048768021,0.010194461662150642,0.0008168066600945514,0.0010386030861363011,0.2803451849045271
2807,4.450805335842085e-06,0.10512244938928182,0.4525942832903295,0.343734683982199,0.00011732111452900798,2.1129897519376044e-05,0.009220524600270036,0.0001267964665662247,0.00025259918689746327
2808,6.0252025189430504e-06,0.7120502654535521,0.24231204927952396,0.031860695443071664,0.0011247023288449803,9.150512915250592e-06,0.0028528945657394916,0.0010266843503175455,0.00012225645933041577
2809,0.002570862379764549,5.775503844814627e-06,1.9288448102731027e-06,0.00473646542366837,0.0007411223200655589,0.998534529248041,0.0008261749268618707,0.0014889836921645023,0.0006663502644470799
2810,4.90494121211519e-06,0.11125206436779349,0.5498829602840134,0.4189383911892601,0.00013626649163795876,1.189083383929171e-05,0.002659735793252403,0.0003096670202071531,0.0003020304621840276
2811,5.609932855601223e-06,0.0018253513382059606,0.17055868956835765,0.916729164535244,1.636268884728751e-05,0.02039588862862905,0.0057240477184759345,1.761145700077713e-06,0.00114436861858693
2812,0.01028309532742235,0.0024304055193033513,0.006884671355684148,5.4331711259932775e-06,0.010094929221343014,0.010150274361511714,5.46760903158204e-05,0.0015014999292652514,0.9927078249780633
2813,3.071819223185034e-05,0.9433507308968526,0.05954210419068353,0.00021143066584351208,0.07712268197476789,6.63778252328047e-06,0.004486392327632267,0.001019899358959475,0.002149468266813021
2814,0.0070351680878813425,6.685912791874362e-06,0.0008104498902280025,2.1193955707690663e-07,0.004562864027449416,0.0013996470010679124,0.0073625955338891816,0.9918631365410152,0.014256669674740156
2815,6.996545538643026e-05,0.5805341868005429,0.28038745345537414,0.0005007650310751338,0.0040534738379197355,3.0988117457476345e-06,0.008764411941395238,0.00442639359379801,0.005273669180242948
2816,0.006859123282482289,0.0002069708789075772,0.001204385181157465,0.00035747034679932356,0.039834461184672675,0.004681798420817683,0.00013444578675108745,0.014849866727168431,0.6240447645660935
2817,0.037794874287907974,0.000248172834929486,1.5053130343026145e-05,8.785218772620943e-08,0.08942759219072939,0.0020201411928490987,0.015679072090704915,0.9904946221233274,0.006508444554931632
2818,0.26736888476588655,0.0027748937616614983,2.16358092522168e-06,1.2133379021945357e-06,0.008347798239940779,0.022761342151269938,0.007507308462082698,0.8548269235064925,0.009914970203401385
2819,5.378714438475403e-06,0.7384197407100511,0.2361258049980867,0.0012946627903870364,0.02459286701251394,5.64608337745613e-06,0.006317987855141685,0.017603805584990518,7.13613000003068e-05
2820,0.01665105054114419,1.0155511127741565e-05,7.523556285357158e-07,0.0009607019597876836,0.00041155015801668367,0.9763765148545323,0.012911885151710458,0.01420994639444111,0.018249962775403434
2821,0.002465805996296666,5.229427764811306e-07,4.226268466126652e-05,0.005849148408321565,0.0002801826350854162,0.9979160779083909,0.002216410941060961,0.001100007610318055,0.0006673373622365877
2822,0.0013531048437062131,1.9302187092323722e-05,0.0004516270051185165,1.820802518343839e-07,0.014442417460914608,0.0008343040543154992,0.0007032314559242475,0.99938200847484,0.0018957050571292901
2823,0.0018980165383128027,1.305378737717749e-06,6.677808323023868e-06,0.010944235628846019,0.0004260715108393247,0.9985156864958078,0.0006862437139888638,0.002511872655847942,0.00013629374781144594
2824,0.00031254915401885075,0.3103019255564987,0.0007873401708440338,0.22223904791291998,0.0001052665382734226,0.002451980293065936,0.002175049011105154,1.6569865381196898e-05,0.23663117171544285
2825,9.446667150145138e-06,0.010560482583202439,0.9890743967809353,0.0005638786546314389,0.0004330409766238316,5.2892359239134286e-06,0.008944642584672749,0.0011668294660491091,0.009938781867247847
2826,5.366753956389801e-05,0.24437662842852473,0.5987609811428302,0.0009814125682658034,0.001697369416583387,5.020275079063001e-05,0.061408974122045816,0.0005799789025131078,0.00340084619235345
2827,0.0012953979243084497,1.7330424628842357e-06,3.419278603225894e-06,0.013522381226864465,0.0004068609381221659,0.998473639369486,0.0002535229276364805,0.0016250797500314991,0.0006645591919327906
2828,0.0010896185119441014,8.079988366527839e-06,0.0007538830162086492,2.2387130233506777e-07,0.008844000445840636,0.001028617900187903,0.0005712105291341997,0.9989976120537957,0.002935138802750329
2829,2.17445918917642e-05,0.6790604322091075,0.011140327371719752,0.354108027131565,0.00010088690049265327,0.00011333180058696998,0.003133946635439314,3.446061882839837e-05,0.00858505811763501
2830,0.004699833899393226,0.0015885018432711582,1.8704571557525168e-06,0.00015372283821580692,0.005357123884438379,0.8929008337791836,0.0003300396357245663,0.03209444781641827,0.0011569673117647501
2831,4.975329578718654e-05,0.9711567891595453,0.024206833478876165,0.021704613162444954,0.0020914632062848707,2.664040783320833e-05,0.002145259466418114,6.328228523827412e-05,0.0024092812152070116
2832,1.931749840102028e-06,0.6406746131329419,0.21149343108218702,0.04853656985366234,0.0016592160098790245,5.30257264650763e-06,0.0014773304094493327,0.0013441439354649307,0.000770113181325104
2833,0.011587628441678413,0.007063246297189766,0.0009642941262996079,0.00017413719420566448,0.0015916495317698923,0.08545502164572101,0.00508227413919852,0.0005122205506933779,0.32216573183851144
2834,0.0013000252239213203,2.741171751393839e-07,3.720870332032991e-05,0.007720738052721589,0.00022938229380406664,0.9973969426256204,0.001671616516962445,0.006818692101763662,0.0001649132305676193
2835,2.3017566966338085e-05,0.062167482260528865,0.006460561905222816,0.0003783252718202113,0.8907360834699517,0.00019853835919544032,7.057287855915932e-05,0.023176184959293803,0.0014174603057567686
2836,0.0032212679279775974,0.001477062710274815,1.9750819169923275e-05,1.1165364365164678e-07,0.04072846821758471,0.0015465531029239948,0.0001717003040975735,0.9795439910413819,0.08354661054420287
2837,0.13396480985419948,0.00043718068284626983,7.549831927876675e-08,0.0005799454920189529,0.001532922597078145,0.6929011818042787,0.00048312413059538957,0.007811871694967597,0.13245097036256076
2838,4.626295317828925e-06,0.9555530882720663,0.07219480871552415,0.006215422579306502,0.0008676211937313632,1.4060542341261282e-05,0.0022282667923971097,0.00029598722226456645,0.0029567674479224573
2839,9.560739324529015e-06,0.022666499467526354,0.006253839870853027,0.8516033720168593,8.837985659225411e-05,0.1461264341931948,0.000374969979934099,4.869143063204616e-07,0.017821865492490808
2840,4.266711663821622e-06,0.7513387324930114,0.10816681228799313,0.020552953218272375,0.00011751187620350093,5.2894049387407926e-05,0.002276588134335858,0.00010181162483259695,0.013461391242344347
2841,3.173411346028596e-05,0.38831542577657413,0.5635835706081477,0.0012371061057717082,7.928923994825943e-05,2.528965624496119e-07,0.0038566680382813258,0.01207466571555727,0.035204700954348626
2842,9.349993682802435e-06,0.5747299566534487,0.2847601361591274,0.1854092215031269,0.0004632714034175507,9.485388427436418e-06,0.002984279770982198,0.0004765736638377776,0.00012564286429694285
2843,0.0003059435662618085,0.7560666771601117,0.23886556845575663,0.002134516101163331,0.00040940974985874867,0.00012221387622791583,0.1733386523116442,4.0651970888117136e-05,0.009494116737863514
2844,0.0032210046980243696,1.038248260830341e-06,0.006723842219415102,1.550647157241434e-07,0.004872629601490326,0.007906494997345052,0.014515683796839084,0.979827178133343,0.009118661431968695
2845,0.0018049270539519354,1.467126113316399e-07,8.161614020805559e-05,0.013087775160255975,0.00012348897112071308,0.9963735528777571,0.0023544367290071803,0.003167895852792368,0.0003708209314645029
2846,6.559060051228564e-05,0.006999930772739574,0.002400913562526026,0.00022066659472543088,0.9924651650354976,0.0009628444354407343,5.2947730881155585e-06,0.021119570720732825,0.004695682696719976
2847,1.7571032250942329e-06,0.21447329247087726,0.504397586551206,0.1368966126820987,9.156851128565201e-05,2.3153184812959465e-05,0.0017965180251161103,0.0002657320554324038,0.0005845513179742501
2848,1.8501044232819814e-05,0.9623233239523403,0.05583385428661975,0.001798994397001121,0.001944019200547019,0.0001181766131920224,0.007603006837444276,0.0002353211795157995,0.006270956942174866
2849,0.03539212122510725,0.00215312237489119,5.1507106639885006e-05,2.9721806059733505e-06,0.0018236187407259775,0.0007335363502910917,0.039610613821790264,0.875031709518273,0.004301695534710212
2850,1.612211471381555e-05,0.5339814915144978,0.6085270359708427,0.04562399709642922,9.647364432937774e-05,1.2389857777048834e-05,0.013342282499427633,0.00022660830579000518,0.00047370296605387546
2851,6.223827751963986e-05,0.5384415691991393,0.04716262814077528,0.0010218009029972128,0.001658573028969945,1.0516574504335486e-05,0.001312002668790376,0.0025103525527447284,0.15168998292340224
2852,0.006474617733000746,6.820984446411406e-05,0.0001233007559179881,2.5885353620772126e-07,0.03112927110674494,0.0006686581580403334,0.003731810724364404,0.9989444672766928,0.0016557490078690815
2853,0.003486840354172522,5.1317591414934e-07,4.381944876800786e-05,0.006703110339459956,3.896623647383736e-05,0.9362966139388833,0.052701777524815537,0.007551024729211969,0.0026440257418282264
2854,5.2424478384671196e-05,0.847316014585096,0.07316192305209454,0.050490630279570514,6.799120484678762e-05,0.0004080716463465967,0.006744765923202443,5.267502088222822e-06,0.020639793273865215
2855,0.0022131210666350414,5.899546335894826e-07,5.887949286366919e-05,0.005210932872662029,0.00041640179155980636,0.9976998466883499,0.001372677403704119,0.0011165725412797475,0.0006393316849746445
2856,0.00017412917074126837,0.8791776717474984,0.0345755453202319,0.028498997760520377,6.296430028265106e-05,0.00019129013602223142,0.010170987374824546,7.6029774795821785e-06,0.09208369273117266
2857,0.00015941355471298907,0.059269538964279535,0.2536499915553348,0.006182263539127696,1.6179050501363947e-05,0.0018339295183477276,0.13485891226418487,9.253690710281265e-05,0.0023030282604129893
2858,7.959187962076733e-05,0.9899619647149174,0.014290571842532985,0.014862828289940544,0.0005254136030338365,2.162718510000665e-05,0.0029486453784775394,0.0001139867194056428,0.009632697795365944
2859,7.747521168947625e-06,0.15929442458868098,0.7504726020878028,0.21847075934892152,0.0002282653421885899,6.64626150787614e-06,0.004816343299303033,0.0003743465604218558,0.00018634516756710343
2860,0.06892081179501416,2.94378790322275e-06,0.0021275228482539256,1.4371230103542852e-05,0.0002591387108071187,0.0036294452022946964,0.5720792441951202,0.3943276309683769,0.03147469725854974
2861,6.624715267964077e-05,0.8101409007079428,0.08056529277029437,0.044577451658096734,8.767223881511145e-05,0.0003615172037121496,0.0054084115346195475,6.3014066573491235e-06,0.028474728703319196
2862,5.862940973004745e-05,0.8814206344436066,0.022162390435487053,0.0696231687481157,8.557938297299616e-05,0.0005348925238634284,0.004107225170765253,6.49245559808458e-06,0.028486864756856065
2863,5.5857053717120064e-05,0.013471969743012348,0.0019843925516966404,0.00023130736895120378,0.9847198348562014,0.0006377542923757438,8.568575615261424e-06,0.022206974755597395,0.004852403132701706
2864,5.7332612966915296e-05,0.02413996428100607,0.003253117839064031,0.00026302670625568563,0.9838155261819895,0.00038066081576964455,1.2271193530757554e-05,0.014358928582659514,0.0038350468497004675
2865,6.603766591629888e-06,0.48640900994453323,0.2745076902582169,0.1832192206897707,3.277719113157049e-05,7.618805320848147e-05,0.011936792536170795,8.395611344708961e-05,0.00046403631681027894
2866,0.02123938916983668,4.54921936600365e-06,0.11597860189938639,7.059968781446742e-06,0.00468845258226852,0.0029080908649787127,0.0007983340847880282,0.011323852748205217,0.9635647808769456
2867,6.0244646967155346e-05,0.005655183090571692,0.0016619990995782841,0.00022629185140092664,0.9937923832663483,0.0013896217507085508,3.181401321600084e-06,0.02607319556247477,0.004813184342457934
2868,9.096863575542745e-06,0.0015431377922965673,0.5343461231587413,0.6923392280507297,7.032433934939017e-06,0.005062853504607815,0.020990031514293635,3.8306706827708285e-06,0.0023573843942535032
2869,0.006494390852378413,8.108548292182048e-05,0.0004871666111350991,7.930798665596863e-05,0.0018217194123091465,0.8431250935739047,0.001370130390676221,0.01887344208593822,0.0008054572719058329
2870,0.003497348285079862,5.346159431018352e-06,0.002770623997488743,1.0234542682857584e-07,0.012465465179681638,0.0007058568483399255,0.003938522141316788,0.9981252761088174,0.004047004457946001
2871,5.445795811773726e-06,0.9922915991506462,0.009636743713514483,0.008433372104080185,0.0043508317355583975,1.5230371602675865e-05,0.0030529299716477716,0.0007935632252925975,0.0006112132686254734
2872,6.004456992216496e-06,0.9908705640164449,0.008306187086166828,0.0020419480097061916,0.015433911422028811,2.8398863102694944e-05,0.004186051798579816,0.0010562648780817546,0.0008511439220965637
2873,3.777754569933394e-05,0.005151744939493379,0.0052523054946369855,0.00034411337385970313,0.9861328015107745,0.0008303643823336456,1.0234300616624146e-05,0.02708321856261998,0.002665647880801909
2874,0.00024287347518036332,0.020749929672139948,0.19846717421011859,0.0019779502518955483,0.00012536425380532367,0.0021180109416106215,0.005984020711651584,0.0006639758361098771,0.004298760753442075
2875,0.002260619026081235,0.05373190888208376,0.08404930545608398,0.005458802210710889,6.539961454172487e-05,9.40386917557496e-05,0.020804693527578955,0.0003301590009761449,0.3908593590396839
2876,0.04092636217552113,0.0013595834565593853,0.0005411659939960035,9.495287736719167e-07,0.0032414501173327545,0.01289145512467079,0.0004001214044408249,0.007469704742620427,0.9835593855543775
2877,2.5200735877961426e-06,0.5812663804426708,0.2574185706071098,0.0018628118772370393,0.0162056446567242,6.8064760478537135e-06,0.007614039010792285,0.027047544674489957,5.344211034659219e-05
2878,0.0004624166327119956,0.9682454045794356,0.047361368914183674,0.0015632319656230882,0.0006646474272141569,0.00034821078657935433,0.0829220242531707,1.834774751929903e-05,0.015202857263600496
2879,5.755587185631744e-05,0.5445296235829041,0.423953821108184,0.0006606581943916541,0.003052623230319513,1.1802861358819335e-05,0.011039267042806908,0.000940200443582211,0.0029038403491400667
2880,0.0035126325314522805,9.03404740273564e-05,0.00013872609536604849,6.84368337965965e-05,0.0007331606682134953,0.30196341251573905,0.0016073871177223638,0.2361150373356978,0.0005202311112626044
2881,0.00791548639118029,0.14755327343180769,0.005592939124201764,2.2352373867272534e-05,1.6884990372123574e-05,0.0005175337502997618,0.9882491716263395,0.00587871823075472,0.00021292872983309926
2882,0.04497795170702957,5.788678775338878e-05,2.3678390378419422e-07,0.0011014367017275744,0.0008388990359029808,0.5368188886774371,0.0008202303767068496,0.1550273366959036,0.0105075922037394
2883,0.0021771043439513067,1.1695462295675407e-06,4.645200092136361e-06,0.008860574929316366,0.00026793592967809055,0.9966983871725552,0.0011015238625891961,0.004150537342538622,0.0007460380742503786
2884,8.933922597476264e-06,0.8320703667165991,0.10914961883255873,0.10703824803699,0.0004451906901936064,1.3468081927374572e-05,0.002501102070084761,0.0002207678673214317,0.0007467142368749005
2885,4.393113244458232e-05,0.5318396241912557,0.4469083967164899,0.02981692567408377,3.0264001121191807e-05,0.00013219560741174337,0.04120269494471784,8.025372753880876e-06,0.01518800280517461
2886,0.009775654854983825,1.7088739800124918e-05,0.0003555904126415654,2.2987723182943957e-06,0.0071030138465245085,0.02264414140770882,0.07432521293162223,0.9286571639545825,0.002492103027674474
2887,0.00957986494013558,5.185512363213312e-07,1.0746725536694668e-05,0.002968317449932942,0.00010841881105006766,0.9502234197689746,0.01689817270333835,0.05235396284619477,0.005319290257085779
2888,0.0018854090333550132,1.3305642401150353e-07,2.142153644572522e-05,0.00883258761092546,7.430181895188335e-05,0.9868985632972496,0.006605082900906226,0.011780835785240907,0.0013748904217468253
2889,0.01964038023765532,0.0028720480541642008,0.002585766681743309,3.051123289847447e-06,0.009156276873202232,0.006542883093011294,8.540619511573328e-05,0.0017000455825156957,0.9945147137108625
2890,1.301716193490193e-06,0.5874156437062269,0.2676905539337584,0.014354760551747399,0.003611374627157919,4.007971455722742e-06,0.0025679961804913995,0.002513801983961829,0.0004811694022343269
2891,0.004041494512754558,0.004300030812465628,1.7089516178579885e-05,8.562711090436005e-07,0.02988174748052142,0.0010037609421660685,0.00617856317443926,0.9939814173681709,0.0003933244661632569
2892,3.5293070799901643e-06,0.706878075705043,0.27399215801166205,0.02988223335158287,0.0003806492638405456,9.640966648318311e-06,0.00333473525750457,0.0005808975310184943,0.0005657280310527307
2893,0.0010654896496010288,1.5192117361453913e-07,3.6965770712481786e-05,0.019795297150925945,0.00018806241347462546,0.9978389007394212,0.0006696730834739402,0.0025833840446126185,0.0002052947664309298
2894,4.036740639960382e-06,0.38354776200273266,0.03825175468510944,0.0028265347240596676,0.37195301299868405,2.079333149383981e-05,0.0003859247392632429,0.011557024531732409,0.00047036436924923354
2895,0.011128496620177708,0.0003203435772673046,0.00542511250975424,1.1731846298261945e-06,0.022681031476644277,0.004317974318572261,0.00039950857575596506,0.03620774915425198,0.7832653048033955
2896,0.011228076793243218,0.00021730108066812258,2.780838862340002e-05,1.223505636584587e-06,0.0228812598503661,0.0004801068835858491,0.005488345202052004,0.9974468414265593,0.001668864254421387
2897,0.010542162060799028,0.0004180131893839503,1.5104600448180956e-05,9.812583748864225e-07,0.04524360017472495,0.0008983349936598168,0.0034298603974653053,0.9963323763313381,0.0011175623064008414
2898,0.0016380220231047452,5.590871389505511e-06,5.233523412851258e-06,0.004882922226298094,0.0008182684373443752,0.9985855086379768,0.0003406722130938181,0.0008362007413348183,0.0016224838843904043
2899,2.509565654546637e-05,0.08409767302708251,0.7196750143392404,0.05824899737659767,2.713944929314592e-05,0.00011547990646732455,0.08746862823188822,1.5067912114079063e-05,0.004027292424542137
2900,0.5530033253810567,0.0003277658361016867,0.0005161248127554861,1.0498302615639609e-07,0.0010098051724471062,0.0019752195887543255,0.07345297663967687,0.05899209820885657,0.04731294323284572
2901,0.00014000878742823438,0.9788003496381862,0.007523225885511991,0.031107414312986234,0.00023016641265322522,5.792742684487628e-06,0.0035520674756284077,0.00024052648365493055,0.028931354152113314
2902,0.0011021950863320845,7.243097646148167e-06,0.0010984264894955244,1.614398472223451e-07,0.016960992982752096,0.0005131617451754518,0.0006179763144237013,0.9995628190911608,0.0021965826951685047
2903,0.012391396172715594,0.00013202727498399163,0.01589572928755479,5.209423746144309e-06,0.0077985581324434075,0.006764647557435371,0.0002716023533091862,0.0032552693953021563,0.9907245430381577
2904,0.386119375860436,0.0006340916095837781,0.0031877599456124144,2.7679667211486266e-06,0.0055598236478800545,0.0098028188598756,0.0002930871186098304,0.000578681050410922,0.614397473473917
2905,0.017394293126538597,1.3731014746863735e-05,0.00033045908586160934,4.3690403587638595e-07,0.002072261166223991,0.003239330212358551,0.00879931059114256,0.9719437330463014,0.02312063094398572
2906,0.12010205108176104,0.02045621840631994,0.00015072517192632148,2.0690275048045964e-05,0.015362124656775378,0.019396858330324816,0.000179684398336926,0.0010407944722920566,0.9487600217413099
2907,0.003323310611881327,0.0004263156907016181,1.651843477997352e-05,1.064028854439269e-06,0.09775968842934923,0.0070390150629869586,0.002301557022379744,0.9932644259704251,0.00014418138492355544
2908,8.607603393611806e-06,0.4059810899618157,0.422846704082756,0.16841899742979025,0.00039870024315768744,5.5997573610536044e-06,0.004293143270788629,0.0006496031355814897,0.00020345618204902093
2909,0.0014986272965899319,2.3628474676746675e-07,4.785585163207529e-05,0.013073039740331126,0.00028248218995162005,0.9986248242543287,0.0006096735022574616,0.0026140585490806723,0.00020559619975807702
2910,4.587650711659851e-05,0.06042088738859232,0.002480465997170038,0.00022116042834723458,0.9624614989311698,0.00036903116998931437,2.135850310161526e-05,0.01741481230594535,0.0032086326828062576
2911,1.5453677113050222e-06,0.7662403220338379,0.14565015690271596,0.01144098941720353,0.011148087982698026,3.438974962686955e-06,0.003242776942915383,0.004953455383168881,0.0001846151200389406
2912,1.1001922762585505e-05,0.43777092248350086,0.28097901212558796,0.2173104018080697,0.0005748697626972522,1.2399662530229247e-05,0.003196939338417641,0.00039097881604569483,0.00011756133196523955
2913,1.9544890595499553e-05,0.7304175708054836,0.21058304226719854,0.08178690387560382,0.0014020419840741387,8.892580486411491e-06,0.005286085108475248,0.0005176508727784165,0.00010074667825375649
2914,6.4913989714547195e-06,0.6124563623871251,0.3295554367520068,0.001374856469334853,0.008583528665491598,7.113754595700832e-06,0.019705446082035873,0.009351029010801018,0.00017941936062476277
2915,0.002952914756585608,1.9218883684493642e-07,7.004653686598427e-05,0.00808479989514946,0.000273561316850109,0.9977377992239183,0.001659425112589326,0.0028444576261339167,0.0003735223859649475
2916,0.010694293534633793,0.0004959027434414534,1.1036145104498987e-05,3.847639571731692e-07,0.06387505077167592,0.0007994992037250811,0.0027660618254848183,0.9982562044373288,0.001272488788842159
2917,0.002140853074634041,2.399698662089719e-07,1.8706737094053986e-05,0.008624171439340942,0.00013968864227797831,0.9938370112768008,0.0036337159784304114,0.005334841351539659,0.0008254650987732188
2918,0.0015180121660060175,1.514020985509904e-07,0.00010314188663358646,0.011017014217618483,0.00016897836005415158,0.9980238407510392,0.0014442126547585595,0.0027614503285910016,0.00018969941467284474
2919,0.0019665461140418255,4.5965681320776935e-07,3.297657406133461e-05,0.0070087358768312815,0.0001563570111098486,0.9946407283104973,0.006256495512958262,0.0020817924189071527,0.00040940753209601854
2920,0.0008236456556721546,2.852369500389582e-07,4.586608872104535e-05,0.019467305390284136,6.866980241910172e-05,0.9921563790717747,0.0032015411119279166,0.0021366678100521504,0.0003286022269084615
2921,1.927361620888181e-06,0.923098939119134,0.05003449669992889,0.003444065751229359,0.04503665264936146,5.302219304030923e-06,0.002511577516622211,0.005928292342838177,0.00030128378809881495
2922,0.0025858442706398824,0.0007206766588274013,0.04235746589212169,6.550149817942919e-06,0.018441306952170156,0.005144585891377372,0.00012929906685857427,0.0026062414805439965,0.9757094200778067
2923,4.491668039798833e-06,0.18792687953797696,0.5269429247911512,0.3606213298017362,0.0001695898891216532,1.636546307548022e-05,0.0024043393902304184,0.00032312140880577645,0.00015529662278915068
2924,3.820718490522888e-05,0.4438120290531192,0.26340517756990045,0.0077826881875399136,0.002470417918019355,9.05781409951081e-06,0.06049709488014105,0.0013851798304389523,8.158029847835999e-05
2925,0.000230151270725707,0.938141492333585,0.01463933769574067,0.041971924418499035,0.00010175185395479947,2.8294361474124745e-06,0.004924245456571168,0.0005359152931097768,0.01702254889327348
2926,5.742883041614827e-05,0.004793125321981885,0.0026947503582521277,0.0002532837878502353,0.9928227325485903,0.0011293835454890952,4.648080875218356e-06,0.024212627158934148,0.004136133463106574
2927,0.00014241383814309877,0.9623968898110865,0.008907430394584246,0.023394982016240264,0.00010398864279100085,0.00019643877478770416,0.003031994204431461,1.2241013131038825e-05,0.09722169679966208
2928,0.004370445688500317,0.00519708079619334,0.01944605268556341,0.00012669523727486856,3.5830285779652206e-07,0.00042796996756728876,0.9958745523687116,0.0034160740902234948,0.0016388998263034396
2929,0.0012873750330737513,2.7519552773694487e-07,2.3916046432966477e-05,0.01642257839559025,0.0003244211944221026,0.9981734699304197,0.0005462856035733511,0.001641830264079518,0.000352375370415441
2930,0.0003226506392989513,3.413056892237032e-05,0.00041129938554483966,0.10479999573524952,1.4724469165535329e-06,0.12860631075223178,0.27661464304984656,0.0016390436024861217,0.00029304422584375197
2931,1.589574963250889e-05,0.8497188064788934,0.14609699019723218,0.0009491444315201556,0.01397507967234403,8.170647005817022e-06,0.00569072103740011,0.00482662278025748,0.0002515825406401204
2932,0.005529978625993356,1.4434964622340047e-07,0.06458279170455376,2.3317948518967877e-07,0.0008151694983406412,0.002941797311057701,0.15374047645772188,0.9231373478282712,0.05170402262949239
2933,5.095932957202342e-06,0.004427049670165631,0.6448340592416076,0.5571342672081512,8.586691536529917e-06,0.0010909330321007586,0.02847827974441129,4.5995046642515355e-06,0.0027758638082612157
2934,0.7827583409403489,0.010374021161181402,1.997977838052799e-06,8.682892898906475e-07,0.0024637787502750008,0.08124174495496943,0.011293521121808104,0.029814094907225114,0.15780987957797504
2935,0.10213665896759476,0.0002449985470408053,0.0003571479760474788,9.611384657418342e-08,0.0015398350515004036,0.00612851390952475,0.06808425525028924,0.16174579712722253,0.3580226008680297
2936,0.0016701328267256822,0.0006709771430263317,0.06287696788728493,5.7898512882278247e-05,0.016841080498625,0.11271113412402084,0.00013379673955214266,0.00020734816224093382,0.7621779971902529
2937,0.00023019643888357486,0.01913776828179317,0.11248707462766193,0.0010054971126370893,0.0006395566230144915,6.211471850602401e-05,0.2181412518178851,0.0030199426389344794,0.0008010041840712201
2938,0.0009351963357170088,1.9235215084429444e-06,0.47674309988170444,0.00015422963276426544,0.0008421805561620434,0.0011580208312847978,0.0012634355614964045,0.04688237824033815,0.5036764901675438
2939,0.001612589660326374,1.8516825893209233e-06,8.15960204667524e-06,0.00725544883971082,0.0004448056215221111,0.9980828679776983,0.0008566996070207733,0.0007117712585026568,0.0014011883134508528
2940,4.522884377458198e-06,0.9650271609868599,0.01768793769745556,0.0006498182838764843,0.03533305788727751,3.9125907073283735e-05,0.00450276316602783,0.0025648738103920435,0.001009956285916582
2941,1.1852413160971541e-05,0.40597300543270237,0.46660052306695665,0.0004810297020033418,0.005938217638782739,8.351489191413425e-06,0.047800638113599116,0.00908728384665575,0.0002254247653163085
2942,0.31081016262086086,0.004608605928635714,1.4489931384768892e-06,3.548918883724298e-06,0.006550542154130566,0.0033109653351841187,0.00320224847762905,0.8733474331990065,0.0025370960004161666
2943,6.287098556024962e-06,0.9924868338499466,0.008456154316394626,0.0078640097039708,0.0013737454628781694,2.8225655716040654e-05,0.0015919139593134118,0.0002377860991176973,0.0016207971243006874
2944,8.226817697138425e-06,0.8898554229851141,0.1168952423613032,0.00524515218990135,0.0008207346628457886,3.57099396391235e-05,0.010520927382869617,0.00021913425628478526,0.005204795648381472
2945,3.385614202515699e-06,0.24835860515919742,0.6264144006752836,0.007748257972642791,0.01327686620863158,3.266696895529564e-06,0.015464951002798474,0.007239825221151398,6.997131971934723e-05
2946,4.581842542921812e-06,0.2176905693570531,0.6356509401444946,0.13288808657114737,0.0003388041959124652,5.455301893126621e-06,0.0036986985613250193,0.0009369031182828131,0.0002405300820449628
2947,0.06310409044718301,0.0003178834030412961,0.021514397368934693,2.9084066960069957e-05,0.008155042555501623,0.009280067934629248,0.00015934451765943844,0.00026199351425469175,0.7689213173223747
2948,0.19422280878341588,0.0038821401564872325,0.00019768221847722597,2.8661551675152555e-06,0.006230777971088478,0.010653459965916703,0.0032412156982133287,0.00454529687600347,0.760393972327818
2949,0.0162167764729276,0.01140347869494205,4.986157076388686e-06,4.6648894196045766e-07,0.0582644548787377,0.0005153594637056282,0.022980564052564264,0.9961844168897881,0.00043374767410211723
2950,0.026127703515042455,0.08717964372589976,0.0005393201142096735,0.00011835834576702548,2.245330915414274e-06,0.0006103711354834927,0.9090496637331745,0.008536353916430248,0.004307510646283622
2951,0.001482700903782937,5.736532837027936e-07,0.00021765773268154882,0.005817920080910274,8.203983064982366e-05,0.9930064153395151,0.006171749354586162,0.0024261339930334302,0.00018489778918479553
2952,0.07923078999985213,0.011707590479605129,0.0002524107891736453,6.447524202481838e-05,0.012829863650101801,0.027466120546710188,7.235978326254531e-05,0.00023121568607353915,0.9339090989656808
2953,1.4852351928964794e-05,0.01626538553759595,0.399140845771643,0.6227933833707806,1.9511890868026413e-05,0.0044382692888545,0.008279517569042489,1.6932695195944827e-06,0.00475037037657711
2954,0.006532746352577625,0.0017818695144911866,0.00954027057976074,1.2165356605001858e-05,0.009098451441481553,0.0072253001231177396,5.493443378441125e-05,0.0011163988715538794,0.9932939275825673
2955,0.9573904215873247,0.017581057894634534,1.4242068827823883e-05,7.765663590315145e-06,0.007133831276178801,0.013185940951825396,0.0020677626358198736,0.0004150766948448452,0.12822528676231335
2956,8.729451996535788e-07,0.9245760823404886,0.08375539542501508,0.0007954700710624632,0.022592102932505513,5.0357375269662315e-06,0.004234551411836592,0.006354703887703365,0.0007288065710225309
2957,7.879858071035458e-06,0.0007117870902433719,0.5859083877217944,0.7485118014912595,5.538043414583297e-06,0.001462139547015991,0.07354252807935421,1.98309834049106e-06,0.010067731304227813
2958,3.759493085530811e-05,0.7755680375422197,0.23091808771299793,0.011202315460626054,0.00024600783348399023,1.4645245092002394e-05,0.018298674799548303,0.0005206730974944714,0.00027420793759523235
2959,6.839387402398399e-06,0.9893756918423291,0.008465258117491584,0.028932705633671556,0.0005095333789795203,5.6474340561058156e-05,0.002226217228297222,0.00014063390346515326,0.001781740707351065
2960,0.002112644879019447,1.321368327573233e-05,9.885420053101773e-07,0.005254367412620716,0.0008910465575427638,0.9985741444547896,0.00031647796869539805,0.002061772734342097,0.0010837827267436572
2961,4.782011489268885e-05,0.003592615116035657,0.0031917649303894076,0.00028304781530794884,0.9929043873252913,0.0013289055343710836,4.867897054804682e-06,0.026423918766345787,0.0037628863741732545
2962,0.09831841840665805,0.0007057057339436317,4.628001511983779e-06,5.238520058736188e-06,0.005185329469298271,0.0024229500628307303,0.004066604082016656,0.9210656424118663,0.008946094369913069
2963,8.794740986149862e-06,0.3839957565355649,0.5874435476346128,0.000622528031868216,0.007409795014187851,6.786807178927682e-06,0.04351299177325443,0.006835018481441623,0.00020337194235252418
2964,1.0887377721896017e-05,0.9834534591571078,0.011398054213070597,0.022976942472987445,0.0019525743902267616,2.412019666002813e-05,0.002598890574755261,0.00029234466945656965,0.00045493578744329254
2965,2.68789779755892e-05,0.44663495298437267,0.5053455779401522,0.008565094795170192,4.290794865980734e-05,3.5944170490870614e-05,0.09725661070812222,0.0002915642967479186,0.0005786101057800596
2966,0.0006328820570920732,0.9991272395613386,0.0007986383885315837,0.0022951944256596932,0.003135818966858085,8.391571969386119e-05,0.006879089773538486,9.858202502251119e-05,0.017425904329949667
2967,9.143963801273623e-06,0.6924692434002101,0.23692448606299624,0.10995241319200716,0.00042235629050465053,1.2237009225930443e-05,0.0022191582849457403,0.00013845829395509255,0.0015577700689966842
2968,2.2920588551369957e-06,0.09044347328528472,0.797959180647696,0.013850891839042924,0.01658946107918578,1.5928245563616479e-06,0.010757872129110746,0.011455427272437911,4.593866062757686e-05
2969,0.0020711481127953066,0.000797864829119059,1.6938922493625223e-05,3.8780283055407666e-07,0.1274091922573226,0.006113178894072065,0.0003470415102420408,0.99661956526449,8.713649065599195e-05
2970,9.23546515451096e-06,0.3295936339795828,0.46061188706839784,0.16467174718885122,0.00030710084282313586,7.976345415570605e-06,0.00554316254954521,0.00042737184807364686,0.00016843959355865355
2971,0.0026982880710342337,3.0192406487773354e-05,3.011215134604469e-07,0.0030622682137649215,0.0007378404165753074,0.9980528621026958,0.0008295782346265944,0.001413577866372292,0.0035224018765548557
2972,2.6610209302185963e-05,0.7664848151134893,0.2111311238500106,0.000565967088358763,0.013838483288508787,8.764779837786011e-06,0.003620031367806214,0.003915177455493493,0.0006311045192120431
2973,0.03345806267475385,0.0011099967984182916,6.566291209307726e-05,5.508791530980667e-06,0.0008651659320455351,0.0012355168329748118,0.11699339770871586,0.719711500401503,0.0021739856847750364
2974,0.012914797340362801,8.904349491785059e-06,0.00033437121910801247,0.00017410617222174038,0.0007940691313503845,0.8026633788323784,0.003443714220179575,0.023577524910318882,0.006021376321695169
2975,0.0038818555304229374,6.763308640566313e-06,0.0352057215742981,0.00019808758205171122,0.0011003275135654598,0.0955746649844407,0.003434665264473224,0.005642223425343932,0.07147366703710785
2976,7.802650527128655e-06,0.3688085137529767,0.5225498113930035,0.07390719289687273,0.0006009688612713362,7.26153597631142e-06,0.0037239758756822,0.0006986314641073955,0.0001732181832028994
2977,0.0016749639003897773,7.350220687765258e-07,1.8833423925506434e-05,0.00712813740104809,0.00025984393670310874,0.9986808740965124,0.0011647655645931998,0.0012646301169525907,0.0005415899805215817
2978,0.00134198758661719,2.994831123191286e-06,6.296609032316661e-06,0.0054081663166233055,0.0002427694192199672,0.99859013122706,0.001300320906394911,0.0009461962735090357,0.0008561418846018595
2979,7.659328820615568e-06,0.9764128504011903,0.018197327827556297,0.0361664364767839,0.0011406032770458442,1.9229161099145873e-05,0.002311456059609771,0.000299106977167086,0.0007125231007654838
2980,3.444306645005685e-06,0.2838088465638602,0.5660046799984786,0.11473066395807376,0.0001933531076327129,7.412955356823923e-06,0.0027163135266691165,0.0004897118915468363,0.00032359488712529734
2981,0.11662199188053571,0.01629744733182796,3.206968534679209e-07,1.2530122000429404e-05,0.007161400972410881,0.012791429868283697,0.000815876789327462,0.9369636340421214,0.0014615153351952288
2982,4.258324641161246e-06,0.9897018280579113,0.010491800871166483,0.0028604059425766074,0.021256859896182936,1.5717098676296865e-05,0.002744157161833699,0.0021283734765445202,0.00045017200142346864
2983,1.804338802930025e-06,0.9730629759503896,0.02392434718534752,0.0031573802807470627,0.011567045560584546,6.837531007990851e-06,0.002628348458504071,0.002418297813425991,0.0006073090952091482
2984,2.513576491557765e-05,0.8216767987788769,0.16227412063424143,0.0007679093909304457,0.012226679003779117,1.0272981213315056e-05,0.004666560157947831,0.0032140817779417997,0.000464777929611269
2985,2.3077666168372648e-05,0.9205773237986671,0.07117881937924113,0.04326882074241955,0.00023502659383904282,2.9487719594231245e-05,0.00286197644328068,0.00011104949006826391,0.004846828431379933
2986,1.3797529057377279e-05,0.9611665209798681,0.04443324860781428,0.0020028057735289144,0.0019736877707269133,6.521085656637094e-05,0.00454678783289518,0.00013369068311568552,0.006503312138179755
2987,0.00015272846728685602,0.804459518845973,0.18956125871010815,0.006751894971775544,0.00012181421783554693,0.0013557009028039096,0.007887009819467557,4.173503230117131e-06,0.0618202912091132
2988,0.007650111935413017,5.0095801156192454e-05,0.00013348715927253218,6.842152194158093e-07,0.013109870649660911,0.0019343371221580024,0.003423215907295708,0.996796795048876,0.0025927367469381654
2989,0.0060571087877509385,0.00115886516555026,2.4157356393422013e-05,9.599995240349315e-08,0.021754259705290303,0.0027637061338308664,0.00032770989374160446,0.9373868637386306,0.1897256977037605
2990,5.0787664539481616e-05,0.49151930407683897,0.36457148169077697,0.04710654915866012,0.004827417302206544,9.952934179263473e-06,0.009425400075613112,0.00031661824561547415,0.00012427422828815345
2991,3.4985775053965605e-05,0.0075156709418665625,0.004778083986301143,0.00024084726814851674,0.9748364247506021,0.0022460392483628104,1.9866847453507613e-05,0.0188883696863687,0.0039185263902656075
2992,0.00773183307273939,0.0073587541146558355,0.014726233016491785,3.9074892780505074e-05,3.3800504516625953e-06,0.0004114852628471167,0.9662393964410133,0.04813100229533435,0.0006426131986129053
2993,1.9777536274826345e-05,0.4395172027390228,0.15643108903293487,0.15742320626016298,0.00014655623578354067,3.7867840561256824e-05,0.0036860720417831575,6.039519235141956e-05,0.013773889076704258
2994,4.666205719964991e-05,0.016261138774533314,0.0038875740373243406,0.00032301861071498206,0.9826444853021947,0.00048608186865356685,1.0908529175387533e-05,0.018726965199571143,0.002927072718931565
2995,1.7867902315582252e-06,0.6620765477748538,0.49958538555593535,0.002097056108203867,0.0005823796758814833,1.0236276098293291e-05,0.0027945783792872707,0.0005335854684270301,0.0054697504089541195
2996,0.34040662948494915,0.00031122635166183496,0.0020999198357391914,1.6255165487203298e-06,0.00027581975882722145,0.0003587020426741873,0.34528055334007,0.233191290574188,0.00228624930426678
2997,0.008797298844243726,3.450152657652149e-06,0.0013256334014420783,4.4928913258986945e-07,0.0010970366898844953,0.006663730739237915,0.0029464321274077793,0.9703120332078105,0.022950176379333245
2998,7.63737835111503e-06,0.9807062472680217,0.008959280039640962,0.023501094971035787,0.0008975339352552508,4.117216686744389e-05,0.0028258967433576376,0.00014073516862636552,0.0010395777368008583
2999,9.145446792560096e-05,0.9641306827065338,0.006738570344249797,0.061333269952387644,0.0001384557118869276,8.036286191982955e-06,0.0037564508372914837,0.0002809499979663461,0.015443486879796978
3000,0.006827236447574318,0.0010277514964685782,7.472076773785351e-06,2.7897916300246064e-07,0.059065283985094676,0.0012699257453024028,0.0021503849404977556,0.9985128058831834,0.0008329248410446047
3001,6.065351765649577e-05,0.018461550037489918,0.0044003132848361905,0.0002477158097702932,0.9799427094682827,0.0003078469192760201,1.867325309086648e-05,0.015300215894508883,0.003920876444089615
3002,0.0019798052376547746,5.157726275942993e-07,1.4770510367597587e-05,0.01040360382209743,0.00022919998448565527,0.9975895136206938,0.0013320810200234962,0.004944471439633802,0.0001956234238721333
3003,0.001168178083145102,6.637493184293668e-06,1.7104194547964986e-06,0.00506407931307759,0.00031569662802100295,0.9985092665343169,0.0008525808469801367,0.0006240190725720832,0.0015471725640764443
3004,0.0009639181640375029,0.077000831346184,0.03582526962943473,2.9141858275929227e-05,0.0039006118670721836,5.9309540773643534e-05,0.06330605284370033,0.04550861141829168,0.008401065825901425
3005,0.0016541860491677933,3.6226095491969013e-06,2.097583666199826e-06,0.008021372041952347,0.00030371694513981785,0.9982170439768271,0.0005387671436804127,0.0021830515127574386,0.0012328864386686848
3006,1.7719076226642437e-05,0.8751012365548103,0.009883899454281062,0.027027044881761053,0.0005148719089420378,7.988940068806021e-05,0.0023431304455917134,0.0004502227900419788,0.0026464247914096367
3007,1.5445940974216954e-06,0.937506538436805,0.04674486614278583,0.005139962355695577,0.014602602838669793,4.2681056558079395e-06,0.003915274536971404,0.00446398062660402,0.0002923784358811794
3008,0.0019900825835280638,3.2113432586529687e-07,4.571386919625338e-05,0.006956445809976773,0.00024237952935593344,0.9980857141795582,0.0017615765309489193,0.0014759454854783674,0.0004958978826206421
3009,0.014966274155261085,0.00015128634769795603,1.75627221821538e-05,1.759372954782794e-06,0.0034459515958141095,0.0012856424508274804,0.010206916637679047,0.982194418033065,0.008165742387461138
3010,0.002239728470375705,2.919975385851041e-06,5.455257959194413e-06,0.004670307763769704,0.000643920146884838,0.9990065712789734,0.0007831120061572023,0.0007440581842945597,0.0009930640097833671
3011,1.0755140537166297e-05,0.9283586090766237,0.08266326230093633,0.01520292166249932,0.000636288838297338,1.6128657456230684e-05,0.006771409719309774,0.0003540712133880983,0.0007147753832964466
3012,3.1147083259766633e-06,0.8533356215696768,0.15077495714544642,0.009850989597490823,0.000998049254434313,8.566911961063581e-06,0.002294848841269303,0.0006986081794491148,0.0008888719590467613
3013,0.0036089301505424325,0.0004241483959059053,0.028452949530020928,9.904448000534904e-06,0.010233182929356788,0.016904904714612225,0.000140045846635184,0.0007966826328332693,0.9917951936262481
3014,3.8484418889071754e-06,0.8569244763765757,0.09853764305959917,0.02076848735022142,0.0036229421757930673,6.119870755526392e-06,0.002174598995283643,0.0014348167484427373,0.0007132854667988012
3015,2.89703611399162e-06,0.11979830950375593,0.2939075863665028,0.673733924188942,0.0001506601014165875,3.2922324645997396e-05,0.0011703526469300982,0.0001626635240095122,0.00020336389406543497
3016,0.0003985202952845969,0.48241032721697524,0.03710188116208619,0.0014123970286096332,9.819930502870138e-05,0.00039650773533573186,0.028914575398519778,4.854508821053176e-05,0.7325833361124907
3017,3.1631129364626004e-06,0.9247452950789462,0.0660694275341259,0.0251600447868579,0.0009106244467908786,1.168578919344255e-05,0.0024712809600805252,0.0006383444406172521,0.0005890304679525638
3018,0.0018196968663271636,6.960052344017275e-07,7.587916605412301e-06,0.014876137886651484,0.00022802110049871657,0.9968447764040218,0.0006321403659289125,0.004814411962923315,0.0005450054289881842
3019,0.0013760778034973666,0.49548134707135716,0.0258639709334286,0.00021038447864451558,3.577368437107532e-05,5.469199130156468e-05,0.29830361103537695,0.00023881688393162309,0.7311330182093061
3020,2.0098087205547687e-05,0.9675213372760195,0.02793511207740063,0.0187612572665556,0.006733245855033451,1.1448901900444618e-05,0.003376363533787885,0.0004184566855379877,0.0005118113144279346
3021,0.005189771181605176,0.00017059201126670955,4.2514011342869325e-05,3.5258151736716654e-07,0.0327941847971044,0.0009250163917316897,0.002584946604409918,0.9987875341926261,0.0011038319881709648
3022,3.388855256257222e-06,0.8257691060084125,0.07650868069487066,0.0571921955563852,0.0013513158608045883,1.2445297144077348e-05,0.0013288036560430195,0.0009624652999173674,0.000196714757946609
3023,0.04397674043721399,0.015560809759563197,4.676244201466305e-07,1.5575901800912322e-05,0.0077539304449020996,0.040861384600828214,0.0006994454705415221,0.8288213490295763,0.002364636118031644
3024,8.123932754980543e-06,0.8927264607334089,0.09179017346158438,0.04050134628501432,0.0006423980399184695,1.5344167048099838e-05,0.004364090491116885,0.0004124608735129289,0.00033649780172213145
3025,1.7601688139944187e-06,0.007179271947009822,0.10383706168780227,0.9420227329064321,4.5702659506271064e-05,0.0015808244056125743,0.0022817087713874295,2.7647102600723237e-05,8.109172719983561e-05
3026,8.111172548964806e-06,0.809023840543658,0.1494116861668485,0.03643158975341101,0.0007582219631536312,1.0400425969036525e-05,0.00594162292281548,0.0023684661453995093,0.00010476571004067939
3027,0.0013674293901017617,2.9455189152112963e-06,1.066169398823257e-05,0.01003955863711274,0.0006802022246670339,0.99844443426756,0.00043041711718062804,0.00038470474949717947,0.0016816012104768215
3028,0.015758176877697153,0.0005114043488342351,0.0003939245762605196,1.0504658103887862e-05,0.0008680628448744348,0.35603226279962946,0.022258740017380096,0.007022027199815089,0.06158683537560835
3029,0.0002595275027236108,0.0028063143931665686,0.0016764485850667432,8.538661679889646e-05,0.9601185230498328,0.002105644898079606,2.7499081409639625e-06,0.19012063427962816,0.0006050534713888545
3030,0.002044706206612532,1.926818459992072e-06,7.0068249549237395e-06,0.0071819536921409735,0.00047158887740577846,0.9988153743266794,0.0006392549912314681,0.0009101044040032989,0.000977292579454322
3031,2.0247507924289506e-05,0.03655559700548157,0.0087680845129094,0.00038620426930694026,0.9459067560401851,0.00019818497045758174,4.4308196304601355e-05,0.014373628375966067,0.0025916682577838525
3032,0.11042143804025302,7.115606583839347e-06,0.001890716073504879,3.5509665956088404e-07,0.0001285173055825524,0.02025948438420124,0.0422332002498961,0.42522191361092354,0.27350151625722957
3033,0.012060571733719,0.0015567787954109938,0.008586847399268072,9.251400815206556e-06,0.011825465782894888,0.01193785170891489,5.206085810535281e-05,0.0010811345985944172,0.9876245209737274
3034,1.620610147441689e-05,0.7280959657260596,0.25260006616755937,0.0009913831266890791,0.008366711826702697,1.0446850412064928e-05,0.009351138014228879,0.0042832854394500445,0.0004344843614524978
3035,2.8724379847999474e-05,0.6802048289638185,0.3207304915036933,0.00046699298151496864,0.008635598814114175,4.6893310178634615e-06,0.016889149362185416,0.004955529201196365,0.0005958437708214041
3036,8.370396201509719e-06,0.001115517160215634,0.14729122191968347,0.8642380458292936,9.789964405370769e-06,0.01877781861225265,0.01225517876017835,1.4861583493913043e-06,0.005452195276235709
3037,0.0010630055991421774,0.038637832157276016,0.2633444608674495,0.0006010887468747178,0.0006994770215943613,0.0007002006107020071,0.004672647844697955,4.021293014899131e-05,0.4903384976092478
3038,0.0022818963362703304,6.288202532629923e-07,1.438033210312059e-05,0.010328641379436647,0.00022082435159545961,0.9962905778330347,0.0018899425098234369,0.003499179977067472,0.00041481541106333465
3039,2.0955303026635135e-05,0.34926241308192785,0.7477814056230931,0.031185866029264656,2.807632061735252e-05,5.52099709546444e-05,0.0411827130872299,6.495335859954912e-05,0.0018138743783642146
3040,0.0007332069324619472,3.3818685278852717e-07,7.452844128524825e-05,0.013162828209969073,0.0002596323706004172,0.9946733388927775,0.0009186059588724648,0.006659567872173894,7.205102998169892e-05
3041,3.744707755866345e-06,0.962522423598838,0.046687432391844155,0.014255469961027552,0.0004942466802397807,1.769789671869456e-05,0.002324359174286059,0.00032338727522744604,0.001781499340488123
3042,2.2861153533250444e-05,0.879282967320447,0.07461170549780564,0.07670867349953091,0.0002840187175314543,1.8860659040231085e-05,0.003587176491695932,4.1276720347486524e-05,0.007400051881845735
3043,0.0019037124726395186,0.030350014213348025,0.030982710693615943,0.0006366260710743757,2.9493569628876296e-06,0.0028061186255650553,0.6283828389184525,0.0009976500894883107,0.00045688152397575413
3044,1.7674183456177025e-05,0.7960768317259248,0.15243020895963988,0.079324399325594,0.001755974256445363,9.619988644670257e-06,0.004354779676779422,0.0006273553775536961,9.214310709150805e-05
3045,0.001365285583296001,5.785546900561395e-07,1.9583604237669982e-05,0.011247408076403403,0.00023093583492310218,0.9986284605330363,0.000646162050670663,0.001900067341399724,0.0003842863973841585
3046,0.002004998576315763,4.943668370195323e-06,3.1447151095957083e-06,0.00518143664649423,0.0007693225061666979,0.9988054004010587,0.0004058923696350854,0.0016568534746212713,0.0007430395415034346
3047,1.8646370129214947e-05,0.3454639998229114,0.3736114545279472,0.03934575484289424,5.0920299954962324e-05,9.406453524507218e-05,0.08164309670335954,3.497962619344002e-05,0.0012866810559178886
3048,0.010220876775354925,8.999729303972619e-06,0.0009695395708504646,1.3797394089899815e-06,0.0010005866901366867,0.038471512347268935,0.020792519170139828,0.4948027905586172,0.09634927300391213
3049,0.015502704290496307,0.0003664437249840623,2.401351248345252e-05,2.744559098668042e-07,0.04821374268953084,0.005837170568383313,0.008288042434254076,0.9875666997777532,0.0011221525248416623
3050,2.73658316207661e-05,0.9184386551609297,0.013829293067590594,0.0075750992844574065,0.07654017812043504,1.6418007860254732e-05,0.0012593830726370934,0.0006238144091617852,0.0006765826940444667
3051,0.0024602263980127172,3.938779377200307e-06,2.249467973265568e-05,0.0025717567563646,0.0006329107514042926,0.9974078878499689,0.0008726580661696545,0.0011448800550520647,0.0011160566153264537
3052,1.4161932961859649e-05,0.5359492501423537,0.29704574262014155,0.20215713930479107,0.0009474620884382018,1.1578718340916766e-05,0.0020387226676372864,0.00047017629372995967,9.475577133905996e-05
3053,0.012421129764519081,0.00039358039493792203,0.012560127402109544,4.048489828588843e-06,0.015791939904825913,0.003967975123822194,0.00010320402090112933,0.002314870865797523,0.9951714447494824
3054,4.392759071485124e-06,0.8161423476791083,0.01397283715917339,0.32685143096128877,0.00019842616209159495,0.00018806482777122257,0.0010304936967060788,3.116253924835187e-05,0.002187004972182253
3055,0.03052529557644581,1.352197839394773e-05,0.00020982462138238685,4.7120050298301806e-07,0.0016197916631301025,0.008430488465284606,0.012403618749295754,0.9315252623000406,0.05042710276682581
3056,0.0027295747559168315,0.0003740279484844984,0.03075880995678831,4.7882376043093404e-06,0.020467271537079734,0.002303437958191957,7.257416090515235e-05,0.004464551437552238,0.993470167259271
3057,0.000324992698087772,0.7242192460376804,0.30035782956131457,0.006414830945907337,7.957136185646779e-05,9.798321044938187e-05,0.027377723314855384,8.72261586587027e-05,0.004638043333418762
3058,0.06322683305603967,0.015432493423934726,3.83680593379493e-05,0.00017842743640441737,7.726050033903386e-05,0.021856078046034722,0.16810375558392884,0.0010681605801287429,0.049924221907704146
3059,1.4348727471503908e-05,0.13916743984361296,0.8049936197083744,0.0005161835840700755,0.004364424713079687,1.2538509449300895e-05,0.07306912253865132,0.0024613004694071226,0.0010200019232938793
3060,2.5058026372462434e-06,0.9205955992663701,0.07205516504454165,0.0016950936697634632,0.009239876444775065,7.698847477454336e-06,0.0032410878263807287,0.0012121688245135714,0.0015992841876225328
3061,0.03630382700515281,0.05701759066752619,6.391654742975797e-05,2.870804532213574e-05,0.04265056913527638,0.052746134212140736,0.00015328666667612913,0.001281326052247258,0.8846702871050488
3062,0.00022971159966957616,0.3593446091279778,0.0016523109079824361,1.2926364307395423e-05,0.0011157342002699737,3.9563842432949985e-05,0.34456152968233134,0.7093681665077679,8.419988139679493e-06
3063,4.385288347630707e-05,0.004118098785430484,0.003915488667856761,0.0002968226449862601,0.9901202183251485,0.0010276520554238966,7.154218144877431e-06,0.026104801931336026,0.0033934781367922044
3064,2.2763364994583313e-05,0.930022053690183,0.0419051033013842,0.05693307129836089,0.0010263621261400989,1.1309440735415414e-05,0.002865309439154758,0.00020310730457212447,0.0018690422458944639
3065,0.0012442887068091417,5.892407591929411e-06,0.0006608440456092149,0.004167860111536184,7.4109948659370295e-06,0.4320991334233448,0.3985680911015787,0.0029543202518442857,0.0005853615765458374
3066,0.0057139795634796806,1.5053534007163978e-05,1.8133780075349186e-05,0.0006325983901471993,0.0007397186329116682,0.9897803893794355,0.0014586402748142109,0.003301228801977387,0.002559470338641263
3067,8.35880547798749e-06,0.9697554944217854,0.023764928014256958,0.030447878502986806,0.0016148469003458617,1.2592646894695535e-05,0.0034811256664658776,0.0003943580242647026,0.0005571038120417319
3068,0.0042707374176734,9.65005915564014e-06,8.329696056714499e-07,0.00492504512643072,0.001965116088756518,0.998898482966031,0.0006968007812613941,0.0029181738109656016,6.478620447681604e-05
3069,7.671874703403663e-06,0.10772428631550703,0.8377042807685916,0.19534380359919315,0.00022169880893501117,6.99508623882821e-06,0.0031937658885801824,0.0005811636404162012,0.00023219485356273597
3070,0.014203387270225439,0.0018252142914829757,0.0034064114197747985,3.6667466063463194e-06,0.008177710411921571,0.006990773440521135,0.00011002537620884712,0.0016749646790621782,0.9939557239262533
3071,3.833952742431438e-05,0.733257870460986,0.23091849058174993,0.011485262721906152,0.00024396522339046806,2.428283229382818e-05,0.058590933242644555,0.0004708382442510797,0.00017348572403203915
3072,0.018851280600876156,4.796291801058528e-05,8.078666830988125e-05,4.566669577425392e-07,0.015101546913500123,0.0020770698062699804,0.006614030102668385,0.9904283393084242,0.007930382658592205
3073,0.005107728186311672,2.2794706233063098e-06,3.116863019344363e-06,0.003981761864990358,0.0002534422337326644,0.9925733820902076,0.004691299749083889,0.005066465314023646,0.0035954690229303247
3074,0.0013765770670575435,1.2858032996903455e-07,0.00010521729502422031,0.010619808573831515,7.468922443835916e-05,0.9935596417440623,0.006490387459055816,0.002404078189684097,0.00042742426775066716
3075,0.007732240494281316,0.004988152421987164,0.017549310121383076,3.5322285683718e-05,1.3575046540408349e-05,0.0006013350355739005,0.9546532053203185,0.01562815680140266,0.0003693869863278889
3076,0.00011626512587561326,0.68024180833278,0.5072665641387875,0.013915819630216743,5.582596271360343e-05,2.599400212449637e-05,0.023552000242506473,5.371872783080281e-05,0.0021189784562035915
3077,0.11308054453520823,4.361524869036458e-05,0.0001707055439497027,1.88371159584877e-07,0.0020014813566308367,0.013148818438529667,0.007419236193596153,0.6802634232517888,0.25904062986981446
3078,0.0021954085046863698,2.10517805488073e-06,0.002403708252210514,9.626294190352879e-08,0.005348153743924342,0.0010468658087659192,0.0019114496791918555,0.9950164559714224,0.031783170193160334
3079,1.7520126491099482e-06,0.5964260516700479,0.002042334350663405,0.7913342161784812,0.00022884662510885002,0.00053792533432503,0.00044742482997646806,2.3373929337100376e-05,0.001547304971277249
3080,0.04485025322604827,0.00013872486645971694,2.2476091834262542e-05,2.564198437679628e-06,0.0077754574894318374,0.0015890650388166087,0.0048207406282322705,0.9713101169817233,0.00803007685213088
3081,2.730656689689687e-05,0.46387265191747096,0.1790786467479131,0.1454550533900889,3.7966388173815427e-05,0.0003481621359455046,0.005411260314088581,1.5918410954922414e-05,0.00209628176352165
3082,0.0027470705009141135,6.770767522235178e-07,9.923275561506857e-06,0.008411273256042788,0.00020458922822650394,0.9951926313235584,0.0022380505711742313,0.008121551670020617,0.0005151726013501894
3083,0.00010039883718720987,0.9537079990210395,0.08597181822556656,0.0017466749016984032,0.00024170300472814305,1.192425488072639e-05,0.0022678260778475467,0.00015200672280573895,0.07429680796114557
3084,0.0001701917911910792,0.23587463870159173,0.6492261516649737,0.0009578070300982355,3.798035328905874e-05,4.178167796775314e-06,0.09884521061074004,0.00029284328396675374,0.4027483680996489
3085,3.6561353836061297e-06,0.7933236964041606,0.17327878261027438,0.029091119222696273,0.0002889159009636815,9.299596116062197e-06,0.0014951014522548221,0.0003077681617827372,0.003234811827244718
3086,0.17824240042657757,0.00037883397721596204,9.381190434142957e-05,8.895974125990791e-07,0.0015618986747012358,0.05444950788326661,0.0013897196849265861,0.013277535724691342,0.7994975230485789
3087,0.002285028114821157,0.01996978990978293,0.0020995916065423737,9.282709053036668e-06,0.0009214776985673288,6.822068860275574e-05,0.0008315434338738178,0.5087265523837373,0.04180425171615484
3088,0.3345704909104641,0.0005433337869002074,0.0003080420603226285,1.8977373158907115e-06,6.505649818660045e-05,0.002128930067079029,0.4219512442834106,0.1407467059483369,0.051319236659149864
3089,0.004619311778488203,2.1942841963705767e-05,8.385677378032368e-06,0.0008900983515611142,0.00113908853705872,0.9961257739373196,0.0009326577723212162,0.0013128768028500455,0.0019321744305921121
3090,0.0007439038593273743,1.3079176467615344e-07,3.785654360361429e-05,0.017578949038026512,0.00012072385334223778,0.9974062492054412,0.0009743812992352291,0.0028124347870445653,0.0001852966676345333
3091,9.045334892082404e-06,0.5520922128441674,0.40244118454814093,0.0008439992036892735,0.010242360738495564,7.339315989970062e-06,0.016376127858009355,0.0060925312501446316,0.00030988523771180665
3092,1.2606726858515662e-05,0.33917790367952566,0.6250267255407347,0.06497732583509815,0.00022493198088360532,1.9972613029354494e-05,0.012401314488257488,0.000271431032349015,0.00022570559952878988
3093,2.002605141745771e-05,0.8505239947082687,0.2550954171786651,0.005007158255309115,0.0008957983879345688,2.0427429589393805e-05,0.041920536046113836,0.001144376927544546,0.00012139990750276314
3094,2.2402389385868504e-06,0.0671115300590791,0.5128218563326628,0.18257279895526912,6.300805374901199e-05,2.9698924156637703e-05,0.0029874811112339927,0.00015140449621861066,0.002046856958233009
3095,0.04171365888877183,0.00010537039901494446,0.0001547372622919754,3.098396446275355e-07,0.008695980622044694,0.0030721871320032864,0.02788516543420441,0.9509030109571179,0.013863658066829182
3096,2.081197019694877e-05,0.23458297846510442,0.7113462176959288,0.06921620152026971,0.0008005090244868914,7.402448399532695e-06,0.01375311366814598,0.00035745703772572786,0.00017937632523004548
3097,1.6546878332415687e-06,0.3237522379324366,0.6941034521534066,0.015483102791693865,0.00013412814925318106,1.0276887306518231e-05,0.001640591516343841,0.00034955622378860966,0.0023994220741313894
3098,2.6224668238980696e-06,0.5594010463776594,0.39626467858455483,0.025396453495360728,0.00016450899074295226,1.0213661656956597e-05,0.0024996641997627697,0.00028463283482231777,0.00208571484497723
3099,5.3321349648140824e-05,0.003928691976726838,0.0021371755010070053,0.00027123903754414536,0.9941362587347335,0.001440735718784983,3.451413256345832e-06,0.026693093543118874,0.004435412971780519
3100,0.0007716371405432205,3.6388410824616723e-07,0.0016102638635906664,0.02271072081308525,0.0005267702604798549,0.9897751674220678,0.0006844157057611332,0.00042077559048948616,0.0010625644214087152
3101,0.02649569133183562,6.268399902945723e-05,2.631258054221514e-06,0.00013859389224976578,0.00011531172905176778,0.5749916020735845,0.10077916325250899,0.027271747409885028,0.07284032739532417
3102,0.001553331171152756,0.0002589391416064388,0.0007557960447139855,0.003447460305738559,1.2905662630219435e-05,0.21870846663612106,0.22568740467895093,0.0023920996451489633,0.000321215253854535
3103,0.0015995406226105595,3.1274687689495374e-06,3.493290533695389e-06,0.008715987393890871,0.00043097027095067154,0.998919502214597,0.0003878852429198304,0.0017511657138631592,0.00040997694996871306
3104,5.273771928584236e-05,0.005626662274830192,0.0031254387853688523,0.0002787979808595664,0.9909272121869317,0.0008978139450389585,5.634565349122301e-06,0.02457472110571953,0.0036912926491828716
3105,0.0763975151840472,0.0002161545018821592,1.7636248616113033e-05,9.71808126465276e-07,0.007844422849384391,0.0036311373037043277,0.012113407679444611,0.9502889942495026,0.014958306911285132
3106,0.002275060322033898,0.0024201458444404315,0.22688957300508839,0.00011155903544947412,5.0835050755872e-07,0.0006684954255665875,0.992190218124353,0.0015416127093197537,0.0004952140737608787
3107,0.0004175982849307972,0.992033930099256,0.002990758516732272,0.0064073412316789395,0.00010815822131487405,2.3470833771247204e-05,0.005763959512220167,5.995638229249432e-05,0.3010848802078872
3108,0.0014740590910411213,3.791388961533604e-06,2.455941631085e-06,0.004495068229572662,0.00030399254488951675,0.9982611606532045,0.0012474359095059856,0.0008721224048695496,0.001696059058573339
3109,0.014059141296403921,0.0005221267981878097,1.770893830128808e-05,2.5532366620163577e-07,0.06170049167862009,0.006131608419094107,0.009441040959281326,0.9921134438387372,0.0009328621417452367
3110,2.4574561015697907e-06,0.6595115432606391,0.16736218687428253,0.004095420547377043,0.047490801456527315,5.49761822747813e-06,0.003598291225193737,0.010823435689820549,0.00013116599539572983
3111,0.01809004588574605,0.00010244480501814464,6.109366878506045e-05,5.719552544779606e-07,0.01772410577858673,0.003813621245392816,0.007208464545854275,0.9924025466268135,0.003045208460868777
3112,0.0044622612506518165,0.004268771958565228,0.0028918833506464316,0.00039866209496593685,4.1119027790077975e-07,0.001057986209685079,0.9956237052043936,0.0011146305092283744,0.0017575150786612855
3113,0.020901412909757132,0.00013329106750973547,4.9261502518337246e-05,1.7840966490339421e-06,0.003932257609310851,0.0007706253513286417,0.010750162012284011,0.97746457125245,0.0069211754390079835
3114,0.005361582410169881,1.0826055243691174e-05,2.454078266485885e-06,0.0023495910329747803,0.00026363126693580344,0.9724017863716993,0.004248789012183653,0.006463994350691054,0.021915648837875484
3115,0.00023548009787387032,0.8969082705630953,0.002120290287432165,0.001919993294895579,0.0064578305790716425,0.008831766363125887,0.0006453640810140107,5.8054906462237726e-05,0.026370765545413274
3116,0.012727368688187322,0.004623922322425895,0.001929436347914419,2.442421438863999e-05,0.009334953609546604,0.004753160623083266,0.00032160385855729346,0.0005041810167977295,0.9953403611370356
3117,0.0042828198918602005,0.0006561389783755381,1.6717478719316737e-05,7.256631159799576e-07,0.28501061180512727,0.007212593630212479,0.00294936775819521,0.9838742885070143,4.263276633676065e-05
3118,7.549876056333608e-06,0.28325288711610497,0.514264351521433,0.02310013673828552,0.014988024974629033,4.588658899388951e-06,0.006433625655737571,0.00273156467221342,5.2971668878597934e-05
3119,3.0731382375406713e-06,0.30907515244136147,0.5753957031138562,0.10009592292769744,0.00030587802671538006,5.710957597978818e-06,0.0037609905643674717,0.0009199859032946332,0.0002677490804502928
3120,0.0030846358332800522,0.0001385840748847802,2.8971082221717097e-07,0.0032364884254079017,0.004192257265910442,0.9985281777217533,0.0004406666785450723,0.0008357665619549191,0.0004708915118986803
3121,0.11382589306287715,0.000606201068729618,4.861033272932444e-06,9.762354074713025e-06,0.006714354171849476,0.0025485925528410027,0.002572457959925314,0.8514451441447454,0.012162388521377382
3122,0.0008161308599715678,3.634714347355464e-06,0.004685341737384963,1.1477863310049017e-07,0.0246381423189078,0.0011398039823658915,0.0006546197167528934,0.9978702897831233,0.000959527792841649
3123,0.8910284339353343,0.007869591359086953,9.221301172156449e-07,2.654950572975725e-06,0.0012262114648624786,0.11728007560712383,0.012215684346073282,0.011060018051879412,0.053642754129250105
3124,0.0036547966288937297,0.0006885787313707423,1.3083510675479216e-05,4.2516391484852e-07,0.10101357938916318,0.00245541820141692,0.0006743209693570838,0.9983936512769923,0.00022851738040985313
3125,0.0018595907052388369,1.3122912916752033e-07,0.0001827382091603901,0.011063793413975502,0.0002350380955957007,0.9971099580079801,0.0014002514132053377,0.002942327652843791,0.00017271132825644907
3126,8.196881833300706e-06,0.43910624434684564,0.5487936313447503,0.000787106191315396,0.009513243013396653,8.545646189084067e-06,0.02204003419095591,0.005547007559525638,0.0002775352983705648
3127,2.258282958056139e-05,0.18735939277327976,0.7205818677168625,0.08167269045152006,0.0012908141409927636,8.525161943129116e-06,0.008684919233958555,0.00032133018444878403,0.00016547700759953973
3128,1.2245609407877274e-06,0.8605312630565344,0.20325174411593822,0.0018540309508625304,0.002684519580465689,9.997202941589555e-06,0.008656417661493295,0.004835954058692369,0.000252825952083172
3129,0.028723119948806237,6.351559913411278e-05,9.092488149074989e-05,6.125757231944273e-07,0.018976062865673663,0.0019342286154904436,0.00582374470344834,0.9931911073053774,0.0031839933814100845
3130,0.0014176646005990398,3.43619641787376e-07,1.8267866345454665e-05,0.014140160364349607,0.00025587106807206244,0.9977654034755733,0.0008846458987990705,0.003158178695264784,0.0001372431035432795
3131,1.983720335231297e-05,0.5482748426455831,0.39534601996916774,0.05305621087551183,3.0142599642863566e-05,7.786339887336886e-05,0.023032430158133534,2.5885051237397755e-05,0.004634726162012636
3132,5.1454388613162865e-06,0.9390065546874905,0.02507922359978096,0.07480075377425241,0.0003396477038365085,4.321093192451129e-05,0.0016498652152297853,0.00012037140205394654,0.0011786832924061822
3133,1.258369264363886e-06,0.7711539859416969,0.23390151930143194,0.0018207988164727147,0.004205917388541198,4.883555351921437e-06,0.0017861404871957795,0.0020425438255431954,0.0013832535304672392
3134,0.0008222562630421114,1.1994860387960465e-07,0.0006343818718324956,0.02814205972781601,0.00028010100171723995,0.9955388417741998,0.0008732551773219999,0.0007368318743989192,0.0003822973594345407
3135,0.04449361128118466,8.724125012449451e-05,2.3691326787538968e-05,2.9183550471651854e-06,0.011797778075279222,0.0007973268340098923,0.008141756019485006,0.9742833503209568,0.006695393644754499
3136,2.502579334708642e-06,0.5389896308668499,0.508766832851754,0.0058206068838697325,0.0008270385628601525,6.922313853199972e-06,0.0011813007491501485,0.000488596186839108,0.004484110166906803
3137,0.10880100510203836,2.3521420197233234e-05,0.00029011620660257043,9.177449989478562e-07,0.00026253268428468615,0.023648844101845815,0.01878907449287498,0.6528520618592913,0.07430805524066363
3138,3.112909371060731e-06,0.5509855183778101,0.43991321398243216,0.0015895139895113193,0.012944291623839095,8.391764780038848e-06,0.014461275007986087,0.01267777033855914,7.707223955693288e-05
3139,2.2381083081264536e-05,0.28732366594617337,0.2898890949396049,0.204086898299312,3.7257529932924575e-05,0.00040779691482394477,0.004751561616715422,1.610772782810223e-05,0.002033322015124798
3140,8.669613871946178e-05,0.3162369232717724,0.6687427828747081,0.01394254718663351,0.00012057083158233284,7.057015913012788e-05,0.02374547958084422,7.590561388201944e-06,0.05010598176809662
3141,4.866956775347658e-05,0.9487713235737346,0.0448180272172711,0.03287897567542818,0.00014716855627809462,6.769934730815301e-05,0.0043348018508124935,3.418018769445086e-05,0.013675831698967755
3142,1.3541277871363054e-06,0.17924889478954883,0.6357806504447109,0.008082615054119889,0.026831075116310315,3.208645625303365e-06,0.004891692565383771,0.014699682114229399,4.105623351882135e-05
3143,0.010203680816600735,3.215991808487594e-08,3.670480598090134e-05,0.012176483128064918,0.0005264093495492442,0.7642564391149687,0.00281092550457136,0.03846438731846656,0.019011510970666542
3144,7.18627754680817e-06,0.28457418921804617,0.5286404650273187,0.25685849706348,0.0002161470136195212,9.365540467349698e-06,0.00286174858889468,0.00033124738489096107,0.0002954637749278798
3145,3.061087419023575e-05,0.9311944939284483,0.03043630720246012,0.09558820337893631,0.0002615786235536251,4.684947289795808e-06,0.002934854925881518,0.00035126234380778966,0.004294900895382604
3146,0.012701311948385943,6.761700743160905e-07,1.055507472389335e-05,0.0044975913794252495,9.348828085072401e-05,0.8410275995441652,0.06309609381727238,0.04547185169525545,0.0063825982444667955
3147,7.656973365200475e-06,0.33710941470940103,0.5931446674051694,0.0008730012982419862,0.007846865121563708,1.4743864126393851e-05,0.018632378620497426,0.004391298243762431,0.000387575733813279
3148,0.028498238772860493,2.148534557403251e-05,0.0001034144889890667,0.00016221649211377984,0.0007699182057500604,0.03347852344090305,0.007747660416320147,0.32893850909293554,0.015586050213918283
3149,0.0017935586476179402,1.1541650840014925e-07,8.904042781596702e-05,0.012321121362930254,0.0001549070741689959,0.9977306217943069,0.0017687511281576094,0.003297189197487493,0.00024161964207430027
3150,0.003960893671593619,4.4220872424385244e-05,1.5966579753828991e-07,0.002325284671067016,0.000879797091385008,0.9979230118573679,0.001123418165718776,0.002633730548072294,0.0021101753650890264
3151,5.7095795603332755e-05,0.00725524471740284,0.002891869010773448,0.00026215707969939796,0.9910523295978867,0.0008768986938405116,5.921012897975813e-06,0.02176311726953884,0.00390436354655851
3152,0.00034120202660592827,0.7385691846348528,0.09849858577045323,0.0017087695545023188,0.00018604236196685398,0.0002804471644425844,0.19526830868742884,0.00011569580862718475,0.0022111262818965915
3153,2.5290033899740227e-05,0.374388722353798,0.6311991949258555,0.0007425047986550058,0.003775273949627894,1.2364259130571222e-05,0.021977409774500804,0.0014135107505634668,0.0013605017239152815
3154,2.9144505169821143e-05,0.07905797759572934,0.881008038335179,0.029259426170275916,2.9113536924393537e-05,7.612663330755844e-05,0.07307895863096359,8.11556415384962e-05,0.0011160008396328468
3155,0.0032234537940385153,0.026461447512839256,0.05269166527935019,0.0005116313653310327,1.2305532116606469e-06,4.3128759170459886e-05,0.9698666841535364,0.0021865603073138082,0.03626205916347173
3156,0.0007733426184867569,9.970228168000557e-06,5.6363541969959365e-06,0.01446572587208635,0.0013882607514161772,0.9957103288789654,0.00012916706582098548,0.0003278615144347246,0.010358738476288782
3157,0.015366308512292374,0.002336240228599374,0.005966304598708991,5.206159626060958e-06,0.010903701793411002,0.006299655999387266,6.341609847290633e-05,0.000950844120401478,0.9959140339170185
3158,3.630608187184829e-05,0.9479534302832473,0.05142077744454032,0.007591681555973878,0.0003098078631990875,3.9349130913288936e-05,0.0665918851971656,0.0003242346869758171,0.0001835729961010636
3159,1.3646567901766734e-05,0.13865440116308025,0.7753720789101481,0.027568254204033506,6.725810580813948e-05,4.505883134565627e-05,0.03881494297601916,0.00014229370189934625,0.0014017797690479962
3160,0.005943647784645279,0.0015361548048127957,0.010602240176613787,0.0009084637343338362,4.0582598018158756e-07,0.00037096621946961964,0.9917377822215059,0.0071954962672545674,0.0020608219627426326
3161,1.8875292845386156e-05,0.7517547143075756,0.2143596523414616,0.12154767748349622,0.0010498332210127851,1.0479210308949232e-05,0.0036635224980259835,0.0005275854170082733,9.238666341272756e-05
3162,0.010190447252917163,0.00017217379716168483,0.07466829131575121,3.4634195277782084e-05,0.004613255825997686,0.0018534440263665573,0.00012140916979007133,0.003515371985864319,0.9570096739591942
3163,0.00012024777284964015,0.9815546822261846,0.0066234382674079445,0.01613188375669151,0.0002617384690060387,1.5344082568816312e-06,0.007264712359652809,0.0008135795181333614,0.06359588153097068
3164,2.2856632237883682e-05,0.5890343086559534,0.294718151960647,0.0903028562770456,0.0014639021889619878,8.359774137469883e-06,0.005604826890676101,0.0005420543848756707,0.00016813828990662545
3165,0.004267027813580286,8.734744188545599e-05,1.1092221651235085e-07,0.002593304671523213,0.0030109799048806582,0.9992739296178988,0.0004981654532521552,0.0013216830534826306,0.00022992226327638143
3166,0.03953187799608082,1.073207346788171e-05,0.0004419927776108473,6.308766947618274e-07,0.0020660648092450016,0.0017341376047437745,0.005281045923958522,0.9467446720429954,0.032556273677542664
3167,0.1783604841134637,0.0008450027274570964,1.2367688327334203e-05,4.7364139935098593e-07,0.012995786556622238,0.002580198186383671,0.0026570837305808746,0.8822973882933612,0.0030766372422827352
3168,0.0014581757442103536,1.4076231926254594e-06,4.108913195145654e-06,0.009477792372445866,0.0004066427025327813,0.9985019645837213,0.0006677495352621771,0.002615250302486142,0.00014569194539767777
3169,0.08212232813520881,0.0007045245064288525,5.127651649416249e-06,2.6324868928509883e-06,0.016553209790400845,0.002452600259932383,0.004226503054890737,0.9363264623707875,0.00886045280050651
3170,0.0019524208077593805,3.07244903176407e-05,0.00034977907818814757,9.222094697950185e-08,0.026290328035046988,0.0007963227298754463,0.0010185429852705929,0.9994121636146088,0.001682483735777231
3171,3.805598881824666e-05,0.5641897949996695,0.10501389924334648,0.10077108224893977,3.7108869089338755e-05,0.0009378781462804325,0.0076978069535586936,4.201951745046568e-06,0.017946282939538163
3172,1.767217008011797e-05,0.032579071734472005,0.40633190718500845,0.0001646095277241601,0.32809228114404937,4.599926553653531e-05,0.0006257361043992891,0.0018568096265645007,0.01016974699540893
3173,6.800690474269118e-05,0.7087866798830635,0.11357089242953856,0.023405114124527164,0.001387260748540446,1.6917781179514873e-06,0.0198204333135569,0.004913070770709379,0.0008958242663287341
3174,2.463275002729513e-06,0.10439459111609474,0.9108371387102494,0.02322079219202544,0.00012745418485896848,6.077550394786912e-06,0.00359154984087747,0.0007420635830981053,0.0010170116636745532
3175,0.0015701420639108374,1.694330730159134e-06,9.384013960404962e-06,0.005781179638685046,0.0002756626068740066,0.998674411861885,0.0012481735570288699,0.0011073039463661571,0.0006328034154072006
3176,1.8298044639779266e-05,0.5054851817409741,0.446883096177198,0.0009053128929058408,0.006847466013404805,1.699696170976243e-05,0.013317296532131673,0.0024724310579373934,0.0006439631694923343
3177,0.004602514967241689,9.867709263306187e-05,8.554633909524264e-08,0.0029726908739396134,0.003196300055666863,0.9990410072466656,0.00041135792865080507,0.0011420085531705672,0.00046215269806235414
3178,0.09746623834328558,7.734959279422425e-05,0.00021012280761676698,1.2309423189409263e-06,0.0005807745705114567,0.008717213530129641,0.058191940878765766,0.6876758558275765,0.040249192859588216
3179,7.495878983172398e-06,0.9783224445214408,0.0017758085989258415,0.1426423660337802,0.00024794191229049104,0.0006888451156146386,0.0015969170054953054,1.8754510522074383e-05,0.0027814379529186206
3180,1.4191548021951507e-05,0.7209389298056333,0.2544743110743136,0.05936821772905259,0.0008093158220499189,1.0485799893834995e-05,0.007386960321072413,0.0006930083967856408,0.0001028824633343858
3181,0.08115524936028957,0.0018732750736450512,2.827096397197253e-06,2.8171207088936187e-06,0.0047088470776928465,0.0035807535558657374,0.006894098744063223,0.9523162816018446,0.0050553016337797
3182,0.7620279022443524,0.027195423893500346,6.88763298559599e-06,8.013415277069969e-06,0.0016898303748134648,0.015427132920358988,0.011462684905302542,0.0013859972745991996,0.24091410681350156
3183,0.0021235904414864865,5.246436544199301e-07,1.584922356120279e-05,0.012547988298163903,0.0004214522677358825,0.9978202642985169,0.0005306553003119731,0.003049247680221081,0.00048251715758138665
3184,6.728325329978823e-05,0.009085365847524248,0.005881529260550042,1.918515490993262e-05,0.9706256212718929,0.0020619106424011164,6.113028964767264e-06,0.020715368054545324,0.01636416332684142
3185,0.005551987909943425,4.217107005406635e-05,3.947870797806944e-05,0.00018414520365056476,0.0009846437515549284,0.9839519923000957,0.0011232497065030182,0.00388775623146753,0.0027802227462921697
3186,0.003180227839901078,3.759719829059723e-06,1.562990054572527e-06,0.006184097697874152,0.0009502233597073936,0.998022865196254,0.0008620611634266495,0.002758893828146582,0.00027945467826877876
3187,0.0022856594510684593,0.0006982475676355478,1.2423722785690372e-05,0.011615370261977679,6.443321796206216e-05,0.8413806137800013,0.08862704286612297,0.0013334296986137982,3.09952719776089e-05
3188,0.00010088803046065093,0.9738401980837054,0.003992167071527279,0.098916319620757,0.0001959153273805763,4.930728203099685e-05,0.0008467300101739799,7.285666100656115e-05,0.0051795135003888815
3189,0.0009828383311406945,0.0006839855289207448,0.0013077830084999638,0.004626038654807394,3.0151975948867675e-07,0.006288172851737195,0.9868502024526787,0.0007330420607434326,0.0011696252313833277
3190,0.008659673271402357,3.818659961266586e-06,1.2581289498193134e-05,4.6892220987520334e-05,0.0011650916197212952,0.47827202459523555,0.004460163939909479,0.5651345316675861,0.010952264471083245
3191,5.6483529868375e-06,0.9074747712514002,0.09691070436607435,0.01789329170375544,0.0002163830814579919,3.852975001217312e-05,0.0015264325684186569,0.00010212443434631995,0.006456300075608536
3192,0.00017994176602919443,0.02798204409288025,0.00043750045135196173,0.22284619672399997,0.0014154157847856448,0.106584329798399,0.0017762083045298515,1.391851751981217e-05,0.0008985270842903096
3193,0.0031984692143821394,7.468950431717253e-07,5.073860138345166e-06,0.010656987982487452,0.0002681990060733123,0.994094003091455,0.001071687576025035,0.010259536400480919,0.001617086726973988
3194,3.18328216861008e-06,0.2739548521394284,0.4586331801820644,0.3600765916634363,9.739997415111045e-05,1.7727437948815096e-05,0.0018893616436639045,0.00035042795780980396,0.00020886859398997398
3195,1.5123221346654133e-05,0.7046243375520121,0.17465760387782073,0.15022668338473674,0.0009842745985878714,8.916578886002568e-06,0.0030971365864533268,0.0004889150004685229,0.00013198396867706574
3196,1.0347266371034483e-06,0.9232385703642382,0.08577409810840644,0.0016412095976833293,0.0064349986041205955,9.0417071247551e-06,0.0013402544359609444,0.0024961888761502234,0.0011162287199738155
3197,0.0049979139217084315,0.00039845500933619727,2.612679173714257e-05,5.294888799548938e-07,0.041783000760980994,0.004508776610522527,0.0013271500753813126,0.9965662798579271,0.00047566677785661996
3198,0.00021253943401594138,0.20598043689325313,0.03227656855603256,0.003754852257553343,0.00021063410686317268,0.003217274148902631,0.0077634787133394716,1.7881370202679642e-05,0.4529324487512985
3199,0.005507097055450324,1.1986136777137161e-06,0.0009335410223966433,0.0005826869486166125,0.0002463955515083761,0.9735197648025722,0.005920855710536814,0.005706716986398583,0.0005877034443230392
3200,0.03608769245666742,0.0001573114538912549,2.8337961091470528e-05,1.8088465128775265e-06,0.011336712231009271,0.0018093935574482619,0.0038123223801576774,0.9891651192034806,0.0033314137533037463
3201,0.001594446600887173,8.514393168530858e-06,9.910734744123895e-07,0.005303768625977785,0.00037377321964745906,0.9986145962462195,0.0005571701203637048,0.0014026484554215278,0.0017981347072671323
3202,1.175046103454448e-05,0.7840872317456127,0.23086407108234885,0.0005084229433565008,0.0110307154760224,3.892714074444497e-06,0.014455995563840236,0.008301022372225212,0.0002634032412663461
3203,0.012914222373537515,0.0005923182516373858,0.0016319510726615384,4.384782789577819e-06,0.0046498055272298595,0.029525295822375442,0.0002800222662621477,0.0044179714923616555,0.9740291147367276
3204,2.963888846347388e-06,0.980971590271314,0.021241325107117275,0.004143370937461599,0.0014233609650163052,2.2899281057177893e-05,0.0014366412957403252,0.0004117745285863991,0.0019736445104095507
3205,6.768658463592556e-05,0.005701307929615459,0.0012176278256158656,0.00021205708734889128,0.9952088242298545,0.0018776466823911804,2.4837167829248564e-06,0.024558769662039487,0.005600969392022978
3206,0.016785559080986386,3.9233868586973546e-06,0.0018009553920217164,3.63945193118188e-07,0.0011792720844535716,0.003890438321707697,0.03158845173147787,0.9545559244538879,0.028361125357640404
3207,5.20680178228599e-06,0.7495670465240228,0.16015047848315805,0.020112643483564372,0.005817286571187528,5.735404590987385e-06,0.004544998058529071,0.002018608784077825,0.00013837824621497496
3208,0.0005754844390516938,8.818186364108958e-05,0.0018327361960297564,3.3706854380030436e-07,0.03627368290705556,0.0015576001243438116,0.0001040187804925485,0.960197879769251,0.01563998481674631
3209,0.0018545587361968724,7.419035872433596e-07,1.2984906280902505e-05,0.009693594713544869,0.00031834613173449175,0.9980791297143417,0.001092818759938375,0.004355401600300432,0.00013833451509700638
3210,8.759894018795811e-06,0.13665515568401962,0.9378302608630537,4.3345739901406744e-05,0.004459948629304347,3.916042068957902e-06,0.0020093929784716492,0.0008234754793156026,0.026374827700079567
3211,0.00259348457267775,6.930422332894618e-06,4.372348823271537e-06,0.0038999087065941067,0.0009911609961717192,0.9985605498746644,0.0006234820966783685,0.000632849232962634,0.001470769537659233
3212,1.099306272669971e-05,0.4653917780252168,0.40942051494430387,0.18385098268796743,0.0005127752525978223,7.464080455651984e-06,0.003611181368976104,0.00046845841767565507,0.0001351022512151383
3213,0.0650711617540965,0.00022948629419255478,1.3641643196887717e-05,3.935373339316001e-06,0.005489872480221114,0.002306522545995463,0.0032843100126595005,0.9402296697574729,0.010751989036084266
3214,0.00035007659280290746,0.10956461223608181,0.09796083357461488,3.907823276459366e-05,0.0016523080923517637,3.173723214587093e-05,0.20652043890085425,0.03264174684055934,0.0012123921825345238
3215,7.605568616978784e-06,0.26418932890762664,0.7277242405529527,0.0006717211793606666,0.004058984148645864,9.374521649844701e-06,0.051848134869582986,0.003318762625195529,0.0005302993447025945
3216,4.998276320462056e-06,0.9604616257744315,0.04005381109660141,0.014833489890995224,0.0009479653144393331,1.43834536251162e-05,0.005127742334732838,0.0003158737965340011,0.0015413570042505827
3217,1.1246615756897533e-05,0.5442132813599252,0.04871581864861337,0.0009296605388079517,0.26520177233271336,7.734014198005397e-06,0.0018052244530069924,0.01203999488779331,0.00027004819622213717
3218,0.00010437486636755905,0.00013869311846742598,0.022281724030172912,0.2671436833549529,3.865342951956446e-05,0.25249315321123034,0.012030529768225622,9.964351328561166e-06,0.0031637222772957652
3219,0.4429712632815162,0.00039200098434995825,8.538081858785455e-06,8.707177277474997e-06,0.0024357724204832586,0.007349092033722704,0.005339357076819853,0.4817715115227517,0.030759635245588366
3220,1.6671730313557527e-05,0.2804273437634088,0.6443929015709509,0.07050128562039176,0.0005213211119694337,6.296727711092328e-06,0.01833412191515103,0.00032828964768498795,0.00021326554741939177
3221,0.00819947686656426,1.9937438010569976e-05,0.0006284922085952376,8.714426127638024e-05,0.0002158814065661883,0.9231131497192889,0.012907573596305235,0.013588012413688141,0.000539006210494455
3222,0.004426711459270534,5.674897788319062e-07,2.8773323604544166e-05,0.0042376362463231385,0.00032537728259082337,0.995516739452274,0.00237117104362756,0.0033948670438661323,0.0014615834628211284
3223,0.0015632186073318473,0.32833693262452046,0.0006945320176004043,1.5843889082031274e-05,0.0001809010809155352,3.4199813342306485e-05,0.8234162595146183,0.7273407670677057,0.00012910655463324114
3224,0.02417899210833669,0.00289480295634563,0.000487489702720389,3.5233847615560774e-05,0.008960458451455704,0.007914082167967722,0.00015258929030655778,0.000963598944555207,0.99079049088459
3225,0.0025261661433127877,0.0019021794454046823,0.03696932611601521,3.805799367083526e-05,0.0021756105209379374,0.004156885869094878,0.0007201029132286231,0.0005049091874062596,0.9848835240057733
3226,3.536624334329194e-05,0.08383089887302793,0.7338925864431317,0.05855469424134127,0.0030249578499551818,1.2024009857017097e-05,0.004756709507393912,0.00026973207705017214,0.00025763097253563965
3227,0.6758396574316818,0.00019445454200470166,4.709860738352793e-05,1.6442684527933475e-07,0.0047110026606602745,0.010467315628058856,0.010078505028578901,0.14890637603851786,0.056374896611751206
3228,0.005425513346010182,0.002618253617344659,0.005463136195616037,0.0004141814525103915,3.134820559662009e-07,0.0006416688459579486,0.9961957109887982,0.0026121386427534286,0.0015606311842842802
3229,3.210689726188284e-06,0.09241267722905737,0.8364977769037539,0.004492000665169757,0.01831590079979936,1.7363404452700742e-06,0.04047696285524716,0.009490007231282073,5.710917591104741e-05
3230,1.3456023662093349e-06,0.7906896684694507,0.16263362173664145,0.005678595516510039,0.018414586857491474,3.7212889362826354e-06,0.004832345826306701,0.011584530192594426,9.250276392665887e-05
3231,7.364715239032248e-05,0.00990801872619823,0.0015011155862844222,0.00024083906736710432,0.9929339212840698,0.0010891858266889151,3.4859153723877135e-06,0.021247556330987825,0.004747630236856125
3232,3.582012394792436e-05,0.26707429879015016,0.7505133271259942,0.057266727951993855,7.49004790978868e-05,2.1863889089610003e-05,0.013822139911869799,0.00011029121845712395,0.0017905179714740017
3233,1.1893201102877972e-05,0.9336534475161605,0.04517679645772304,0.09157872404492291,0.0008692345778863988,1.82082579248717e-05,0.002073436620182225,0.00027593927854612833,0.00032508875073359315
3234,2.32738213159145e-06,0.5331722478614853,0.07540035464526061,0.0015456555664657497,0.09444449855542603,1.8741878968765105e-05,0.0020938935735562406,0.014840869167612554,0.00024417384825169337
3235,0.030136688978583875,2.3468603106053454e-05,0.0002802821465607268,1.1286685945049879e-07,0.018669116882732723,0.004853087732892827,0.041958665961540326,0.9643965033598214,0.009595263829784005
3236,0.008653990435858596,6.43541908208305e-05,0.0001385061756026175,7.503504783708411e-05,0.0014376842825213545,0.9561015688635462,0.0017469441199942635,0.007674843765032277,0.0016547540628602602
3237,0.00010543619641944025,0.4859037934694169,0.02011749102934834,0.20539953165278932,4.625865783474751e-05,0.0006406887684733385,0.0036963380911641244,4.458380136166748e-06,0.03878952071457996
3238,0.002844832464497635,8.669456948730064e-05,0.0006598624218725976,0.006293209443234277,0.016810923978088026,0.046954634062582816,0.0002140210963902454,0.00025899333681730203,0.9586744062146678
3239,0.00041718012246407617,7.702023688656653e-05,0.002367889959490337,3.480401891478825e-07,0.0749874448738107,0.001770102644749921,0.00010740504557502908,0.9594512008015018,0.006098671812203031
3240,5.1515672719237985e-05,0.004317950343379349,0.0020529421006892767,0.00026931395650491317,0.9940689631118698,0.0016816481260293514,3.2857737885101833e-06,0.026959409025315857,0.0041506286685901025
3241,0.01880704616479688,0.00011557975724525554,8.05178032995499e-05,9.441084054960215e-07,0.0051763038897258504,0.0027146567807989205,0.009640809938075189,0.9829744574111666,0.0050596942037591
3242,0.001070716870894833,6.789771155325075e-06,1.274332081463297e-06,0.005065511993621798,0.0003408009355214777,0.9987426512804377,0.000671375072364191,0.0006429008770174987,0.0015460153599311747
3243,2.8533648901764556e-05,0.4552209097361196,0.47193164069188565,0.05465648812060213,0.0015378881314532385,5.738869159159345e-06,0.018328052299163757,0.0004864257107450669,0.00014213145246567803
3244,2.5322034928136568e-05,0.19225549348307897,0.7690291654104771,0.004980986311056752,7.929457672064527e-05,0.00015437284967054714,0.10808780515594983,7.291664266789899e-05,0.0029839422937585534
3245,2.8548523674375566e-05,0.0017393722045353501,0.8346148677060836,0.16062156031277258,3.4213729258092166e-06,0.0005494115060533723,0.3584266198820536,4.473693186119618e-06,0.010575514744401228
3246,3.371730483158666e-05,0.0051352355052226035,0.9873653343363659,0.05557687061105256,1.328381989868404e-05,2.050717715290921e-05,0.19171590712642272,2.045876197390846e-05,0.013058813969353624
3247,0.02960704325413925,3.97090632484612e-05,2.6559905509376497e-07,0.0010921772802041773,0.0005414450412892502,0.9686728965113954,0.004883355942320115,0.00919002246956799,0.048332559962960084
3248,4.443664700726784e-05,0.40222289617282264,0.43424568746767855,0.024013794456769117,0.00224630842827989,9.767000851411337e-06,0.018857220520299096,0.00040164375280787905,0.00015843197508568537
3249,7.922039147301498e-06,0.8481857735457116,0.09885019551061834,0.05527959324181402,0.0025284829179135814,8.22510744502137e-06,0.0029567655202908066,0.001157868408726784,0.00010501766578095053
3250,0.0015584831022197132,4.785079984620568e-07,2.5819102693001873e-05,0.006688947299660376,0.0002375825224642083,0.9986269125102673,0.0014551671760638701,0.0015051538249549645,0.00039216136932169115
3251,0.0604084916069687,8.000763113440504e-06,0.0005871767104276354,7.421832939789344e-07,0.004392644217968175,0.0034251774823149017,0.02001039551273606,0.9638472874548146,0.013192847245719638
3252,0.000799581802268648,1.4404560537538524e-05,0.0005167127329123431,1.2783086677262822e-07,0.01887436132477868,0.0005956269884080796,0.0005331051286196774,0.99963912491799,0.0016847870116003982
3253,7.074839800055289e-06,0.9371246343844771,0.05215435520211831,0.01660156866615668,0.0010574644756283515,2.277491202960952e-05,0.0019997778607849003,0.000245998767168636,0.0019631934684827467
3254,2.561741317128941e-06,0.8024035487127275,0.1114350226214389,0.009136251791462604,0.018888609027131208,5.592541069488386e-06,0.003583846749268339,0.004984222934180747,0.00010998280627842362
3255,2.949834505600286e-06,0.3217112066033514,0.43364583118451067,0.16923060142013552,0.000129548168896018,1.563735843508019e-05,0.002371749272439139,0.00037241337891166955,0.0002919131514830051
3256,4.257873817952897e-06,0.2309413767281608,0.6800030859860048,0.1123293741958688,0.00019182987811140149,8.211405850141491e-06,0.0018054335441774973,0.00028915407846192675,0.0010100837179453164
3257,0.0017433439699606423,2.2967121670604487e-06,7.303762914104053e-06,0.005194244208362268,0.00036364759588136333,0.9989384166989067,0.0009796264238054687,0.0011328680007472577,0.0006017040611751915
3258,5.769326267048241e-05,0.00751176730368251,0.0020889920659625753,0.0002572851654351517,0.9922583478407525,0.0011693055181337434,4.176841699575453e-06,0.023171277447242962,0.004112792190408543
3259,0.0006228909990211779,0.9930106799357388,0.0056054920794523025,0.006048557501387279,0.0002288946733220473,2.3256159635530488e-05,0.004276714548603642,4.338502527818849e-05,0.15510289188229281
3260,6.656404768105894e-06,0.40380192970739553,0.47335199674731593,0.09288469315406442,0.00026967458647535685,1.0886520974693092e-05,0.004410632503854329,0.0003738113179079482,0.00044501336406896027
3261,4.238876860291361e-05,0.08693370647130076,0.7620453024090553,0.00024795171544087765,0.005712939185650169,3.988215569262723e-05,0.02923649831123379,0.0013371543011574875,0.005199996106996852
3262,7.055200737021736e-07,0.6801734168945001,0.44724752535250206,0.0030809370425341075,0.0005196917479426108,1.0643562642839877e-05,0.001565868634858268,0.0011243675752025191,0.0026997766903740883
3263,2.9738571519541946e-06,0.4527981310671632,0.3908174149201992,0.10703107567578227,0.0001630201368650143,1.2895961776009655e-05,0.0018103751067902732,0.00028266775863346216,0.0007235397857667593
3264,0.00042968671480563225,0.9678322577714745,0.014990105817851311,0.01588167447119371,0.00011536330215244708,0.0001417838356079924,0.004405860466721555,6.579238108641039e-06,0.08421939257347628
3265,0.011177677614232578,0.0005206906846674478,1.1334593234492805e-05,1.505557911431177e-06,0.030655695917968878,0.001735299167967249,0.0013610174000576072,0.9977648034431804,0.0009497049271298289
3266,0.0028816212886711434,0.015114429352827537,0.21183762006198634,0.0003534707208002199,9.651306289574714e-07,1.129000041726266e-05,0.991870029657591,0.0014423440610899397,0.08810317962491254
3267,0.0011728492461033832,0.00015523439458121986,0.13537949431485152,3.0591698829329666e-06,0.1903840511585326,0.00021181145287272143,4.686940423629521e-05,0.02719040930015302,0.908012970811244
3268,2.1054728879158064e-05,0.8527696361144425,0.13879132992566715,0.0009581882987778445,0.01158208063384028,1.0194548885694162e-05,0.006184195553325619,0.003249482819784692,0.00032552519826179095
3269,2.9910736361948268e-05,0.9809183548881628,0.03492966668122848,0.010270953049028633,0.0006504250173961022,7.999133088211674e-05,0.00448147113603639,4.7180623321019134e-05,0.004505663448059455
3270,5.144080277910255e-06,0.9842464961248809,0.01479680161421517,0.007397330557293302,0.0066325774290862515,1.0703880669434046e-05,0.0038474433910233303,0.0007479815939993138,0.000950982750469435
3271,0.0017730187588761907,2.8896885942694284e-05,1.5702931588074284e-06,0.004131050050614712,0.00037794348396523377,0.9969382118496908,0.0017743090690286079,0.0007901224602760497,0.0009054220235877486
3272,3.1430008415806947e-06,0.5571018456978771,0.33107344808696626,0.0557920646988335,0.0001807730413398025,9.892690135550717e-06,0.0023069016452034914,0.00025091107353335777,0.001486820003482057
3273,0.0019325348200856574,1.3144867666847786e-06,6.128637695061509e-06,0.013035589389875105,0.0005859930943973904,0.9981941322435247,0.0004577949527063529,0.0013207783636161828,0.0003422586204082174
3274,9.096382641376037e-05,0.9390170997809699,0.018454710615572186,0.0630273001838324,0.00014112200915301727,3.44570827612167e-05,0.0021041071283058287,7.549283280058876e-05,0.007811396524387049
3275,6.04669174546139e-05,0.0032810938995595047,0.0032390680939028945,0.0002496499960645759,0.9935220434085075,0.0012631407849632173,4.593692861300418e-06,0.025217914001862123,0.003973320284034953
3276,6.041392523119869e-06,0.9322880560832542,0.11858337846350776,5.5553972630578665e-05,0.06966782626114092,4.40551494914389e-06,0.0022305457446147765,0.0037330555147437727,0.0030977161298310968
3277,1.0904594930934875e-05,0.2226869074191279,0.7557654982063744,0.0006778353526008221,0.004919192596806593,1.2099375235658869e-05,0.04769916774967365,0.003081618619623018,0.0006138121805057731
3278,0.002682214909953528,0.006071500380996534,7.831235276666003e-05,1.267850564598198e-06,0.005446835812813663,0.00033994889824347316,0.012088457114350372,0.9862301018918411,0.0004954508305038645
3279,0.13578590311082414,1.8741927285578151e-06,0.007982498929063138,7.125713088932686e-07,0.0009402370938294806,0.009899948466463896,0.005674872323230324,0.13970357801840416,0.7199238414530204
3280,0.0007691079020059006,1.311733873375551e-07,4.713196100347117e-05,0.02171635166295931,0.0001255365958540233,0.9974194921692133,0.000754747623517989,0.0025048453886619645,0.0001416198058294831
3281,0.0018683862978768383,1.7084654639973866e-07,2.171295493834239e-05,0.009176927843048847,7.161173513097582e-05,0.9886142957912178,0.004940644915708146,0.014693848176205518,0.001032624032090744
3282,0.0002459223314387197,0.0009733293411785821,0.003666142498641686,0.007890326665983029,0.007814466804968973,0.10415191228504082,6.279895379374321e-05,0.0002221270974075347,0.2452915456769352
3283,3.254005537667461e-05,0.554698101940187,0.5557770717929275,0.018439951809828443,4.537356791841977e-05,4.7095109427175826e-05,0.013675623002334802,0.00017287105612050948,0.002495583611117702
3284,0.4076669956711214,0.3635923120145703,0.0005156907601681013,1.1652341034993805e-05,2.0088627726956106e-06,5.9049142810610624e-05,0.9920109136951109,0.0009543837998753836,0.002406667948110109
3285,0.001038040496220843,5.04962582910919e-07,1.2715234184188544e-05,0.01649374680678114,0.00020577962463386645,0.9983783104498466,0.0004322858222014454,0.0022941908601905423,0.0002853798423348117
3286,0.014826996184686053,0.003856988049249321,0.002385356419453971,5.0009717997066855e-06,0.008650400328409137,0.009089929971361535,3.9514655895243427e-05,0.001332794197513849,0.9936283144760948
3287,0.1896930593597589,0.0002099066765230911,3.850029183005684e-05,6.209849306614853e-07,0.0020131629281304143,0.016794242970965694,0.02196060158354123,0.36077656327391266,0.05779574175277764
3288,1.5834142096161516e-05,0.02800585338011528,0.027217019759527603,0.8738603478161764,2.6640363436075796e-05,0.008918705366703071,0.002005736158566329,1.658235161040251e-06,0.006673780045040397
3289,1.6129284473369456e-05,0.02067622938241559,0.39325583672627396,0.00042996945099221736,0.04027040946426258,0.00014250693206225716,0.007264788358340846,0.023365352044608604,0.0002779097837212731
3290,0.0003124873177501165,0.8662673334249986,0.004906086025639782,0.036293863346031144,7.759698189668787e-05,0.00014939711357854127,0.006130936556497054,2.0554826616515634e-05,0.3704902573426135
3291,0.000653126127898507,4.794831487664581e-06,0.0017588097650401038,1.37935356423895e-07,0.014228661994771668,0.0005757615146063883,0.0006373065549734072,0.9995259081903325,0.0017277255433567045
3292,0.023614651707460493,1.221251988085933e-06,0.0031446521190734707,9.928966244538564e-08,0.007415416675681856,0.004605955337586815,0.010109413413576303,0.9717871691343135,0.06289617000662254
3293,1.565376349819006e-05,0.6993205389814121,0.41745068187885115,0.05414379344402841,4.907129787784264e-05,2.616612033232975e-05,0.015304689871222217,0.00013132185516933194,0.0006633585834516596
3294,0.0035863608241561732,0.13090094839890531,0.004070171993237922,0.00032247905471022303,0.0010122259445305107,0.0015917474041023136,0.004698353053001424,0.00019586569114589449,0.9445185660372053
3295,0.008494353928726214,0.0012725982879387837,0.012945712822078263,9.408032294331707e-06,0.01292885077711207,0.008945184062294586,0.00011835299170977986,0.0007592804765465819,0.9888839662245701
3296,0.0017575645834814017,0.0004807796187305248,5.465423656043424e-07,0.009822172363744906,0.0005879469838471512,0.9851957825545679,0.002755185248697376,0.000671572708294336,0.00015272580919909509
3297,7.294034013677684e-06,0.9794961229404013,0.01924483454879029,0.0008832978402575981,0.007712259722388562,7.750720372219512e-05,0.004844800508061237,0.0006685070546269527,0.0026526209522975174
3298,0.05633692293835053,0.00028379290905851986,1.0283571477879646e-05,2.3604897853247844e-06,0.006748370242084807,0.0023971905373689267,0.005536152131157319,0.9623433587337431,0.008919318752816338
3299,1.9769238867792547e-05,0.5162586200356593,0.2889875083750616,0.0015133770931312573,0.006376002943465169,4.3742205322646115e-05,0.010124495666128951,0.0019681975498113055,0.0005239057434859158
3300,0.001189179737598965,1.938475760958788e-07,3.493973211954125e-05,0.016843394671970425,0.0001407331497554404,0.9972259622081702,0.0010869088226226759,0.003544071122220693,0.00020341761664873217
3301,0.5485834650508192,0.0001655534617342061,0.00011488065397647067,7.23366697222446e-08,0.0007031194903282474,0.014625041934536454,0.023873055174300613,0.062084855132337274,0.39973670240321757
3302,1.4008742649724618e-06,0.47175655414887596,0.5942728241451535,0.0027813644964672863,0.001134888252425239,5.863108518150894e-06,0.0026486122624294933,0.0011224005105735268,0.0018548200134639865
3303,3.997699302430019e-06,0.9939411418745353,0.004178222180924863,0.00948651914099918,0.009684170879361267,1.0529040779633532e-05,0.0019935510616390074,0.0010105553832516002,0.0005842137177920531
3304,4.331864004833827e-06,0.9297014037654044,0.07892331174523323,0.0012751818709759969,0.013895514278503577,1.1750252268901685e-05,0.00438752241525613,0.0011759027871541586,0.0014040386562454489
3305,1.014597158320568e-05,0.9400542578137013,0.03160327260273579,0.10520714460090114,0.0005905398141329707,1.6782629835506066e-05,0.0024104035700964472,0.00016382488046057326,0.0007507512912512584
3306,2.7035451749508194e-05,0.9911552858734248,0.002659345091324172,0.014038574227086095,0.00036380356809865444,2.5285328468905622e-05,0.005288200819843659,0.0009109025766088429,0.004558769464152123
3307,3.2936974935706335e-05,0.04053111476595846,0.0031075819044121,0.00037634361717066447,0.9592794619344377,0.0003430475844004006,1.2835334789859172e-05,0.022442404495331164,0.0033573088420026766
3308,0.012144066745950843,0.0008818723732175474,6.5895218253395925e-06,4.373500990520863e-05,0.002085104041783941,0.906168976915891,0.000983883349605754,0.02754277246538844,0.0020500529581547835
3309,0.0020718962207211173,1.8735370171148965e-06,8.739810812777694e-06,0.0050671531515943235,0.0004377340798911653,0.9986966332268373,0.0011330813422539686,0.000718118330176543,0.00111110835689901
3310,1.6013348082791385e-06,0.2982110728141106,0.20648480863062968,0.1647400116938475,0.0001308616589404845,4.058256880623361e-05,0.0011720611848963292,0.00013976638714817142,0.0010174236322879435
3311,1.25376151982663e-06,0.9675125480239871,0.027228897605929576,0.0013214766919822977,0.034201646068073445,6.2298422026614595e-06,0.0030540847799522914,0.0059602993201239105,0.0004841486946056393
3312,3.0076076971546664e-05,0.5076187299128998,0.01070509200215646,0.00029910865602605615,0.5772916726954872,9.140159003440096e-06,0.00025628119949439363,0.017760494166903857,0.00387115174367013
3313,0.009126710033297052,0.0002663989290405164,3.0314194123351355e-08,0.0013996288919021459,0.004995791352844013,0.9984399454871676,0.0008015669647295574,0.002378465349332453,0.0010594562550399374
3314,0.0010154591269776875,8.454339835743435e-07,1.107908610806125e-05,0.008397335554683546,0.00018047052454223865,0.9982044717831426,0.0011581671958265473,0.0012487827839908303,0.0005037575475944954
3315,0.00020928603808944226,0.0019347913313892875,0.0023204672946866684,0.00011794740013323006,0.9701734737732745,0.002073990814347563,1.7608456261079385e-06,0.17590802292908586,0.0006427344576107923
3316,3.68435994046667e-05,0.8115294905242645,0.3466320658092268,0.020164205403338038,5.4581358604673284e-05,2.335570581915265e-05,0.01502905399315051,0.00010281260468354735,0.001376678350455073
3317,0.0021681660043006657,1.909161531814126e-06,9.197811320038e-06,0.005530217695203185,0.0005877204386941965,0.9986828924334881,0.0007602932639747894,0.0009368821516037516,0.0010094349208880225
3318,3.320074237932349e-05,0.014293507212352776,0.6375488104438839,0.40746022137573096,2.1063782493873894e-05,0.0012476718568689947,0.012363457858011538,2.8155348162794316e-06,0.008207219584070587
3319,0.0017028551769673215,1.4182965128129143e-06,5.158207719566271e-06,0.010312872050189667,0.0003874472466517373,0.9983777382309028,0.0005675448478414908,0.0022253804619981215,0.000313233556131029
3320,0.07148249201110643,0.0010502482546710023,0.00018637337331469308,7.66436113514614e-07,0.0025555695746644768,0.019762836577998672,0.0005037604814105419,0.019695732571658596,0.9540629803834051
3321,1.7795797008828426e-05,0.2957618855477411,0.4466935370712777,0.13717215282206374,0.00026984090860748177,3.462941772949563e-06,0.007846971056080345,0.0013110601373683872,0.0006574642712971026
3322,0.0015428348130517124,8.673513970101969e-07,8.303472329596857e-06,0.0050864117802324055,0.0003020429108115301,0.9975177113854307,0.002773485425079075,0.002903703932374497,0.00014607320964205844
3323,1.4152147699424969e-06,0.9761763974284436,0.030901880334572883,0.001825532331435596,0.0206294955797018,7.880144574451912e-06,0.004062145935285289,0.005473152669009823,0.00043335522117880716
3324,3.359223271471009e-05,0.23590927269763776,0.7641462034084298,0.028008677901034076,2.1329727071491875e-05,9.885460215580802e-05,0.017020403306409623,2.826743707712211e-05,0.007653651233520553
3325,5.972834230703716e-05,0.9701176970525659,0.013358281067511125,0.06653687236324167,0.0005129842372903116,4.608350119237133e-06,0.0040415564856355985,0.0002874917955499937,0.0048099451412768075
3326,0.009586418779648253,2.1377335388695635e-05,8.902584394345177e-05,1.3531737822366767e-06,0.029382324989350037,0.00048552110558660607,0.0026293107643318146,0.9954677662294471,0.004110806535953501
3327,0.005853025540891326,3.897524588385336e-05,0.005797665826205368,1.231760873252912e-05,2.76607921538276e-05,0.011824647292562674,0.781593045086476,0.223763634979375,0.004597735859492008
3328,2.388824135247875e-05,7.888592621251569e-07,0.9803316148411578,1.656589508777308e-05,0.013513509328674407,0.0005834278496587318,0.00038832128850616585,0.06383105684329085,0.4785507319967539
3329,2.5406241767150507e-06,0.9439147776642397,0.08251466340365292,0.0019136520309268746,0.0019818535404780907,1.6007414568805996e-05,0.0018905229716713184,0.0006296956359061229,0.002897124622140748
3330,0.00012784010082917327,0.8752075498044538,0.029013152164006933,0.06536563751596222,0.00011125495849314796,0.00027669202145946874,0.002218217824814451,7.0058571359365035e-06,0.018028963108012958
3331,0.0015138238107361053,0.01225931098263363,0.00012261932668916492,0.00015078687724203143,0.01522555582135303,0.4522013156669443,9.175036360575918e-05,0.004093481976574449,0.007868802167015805
3332,2.780549219115213e-06,0.9904115348456841,0.014934651111926503,0.0035473773220844954,0.005952405754318121,2.0544236614096767e-05,0.003354173795510544,0.002212833937168834,0.00041345038126898545
3333,3.7397424347305946e-05,0.8634088780792791,0.10177756770279517,0.0005388385671945493,0.02013538576275817,5.699211034551623e-05,0.011226252342071585,0.00026571252996439505,0.004733644205462366
3334,0.0001228942820097222,0.808187919067581,0.014865994663016096,0.1165104385937816,7.427786918068452e-05,7.074662861642981e-05,0.0022647064832696916,4.7448935749391876e-05,0.011527254389811949
3335,3.744097291107416e-05,0.4607341417952853,0.32340076761099884,0.04390272335410671,0.0035153688824028943,1.198911854441859e-05,0.008439789898362835,0.00039034105220288,0.00011852439950349081
3336,0.002217099499764323,3.376517174045157e-06,1.9209402035063838e-06,0.0074365540886276995,0.0003400362700056444,0.9973675122192607,0.0007960008197934084,0.0027705970999309915,0.0012854163006304025
3337,0.007573358167736623,0.0003774643370559584,1.651331500460314e-05,6.733723892646176e-07,0.03581054148648448,0.0009663194270366713,0.0016690545945461247,0.9984220578873008,0.0011284181289640367
3338,3.3208547954141125e-05,0.7645708824995834,0.1707727852262414,0.043926651958117596,0.00219713143125514,1.119401613984274e-05,0.010425502093251484,0.00042369009910038524,0.00010561674860150214
3339,1.057757650090095e-05,0.605341058357816,0.2643151813487939,0.07225429203209507,0.0010598446606088976,5.654406814783259e-06,0.007013365412601031,0.0006809800844081076,0.00018684145010885842
3340,0.0001815912319661144,0.4813424999855704,0.009217198723429135,0.24362425847285446,4.144642665659139e-05,0.00047633409808886735,0.003509787391527298,7.672781971777456e-06,0.04694841868160397
3341,1.8866290407810603e-06,0.08871951235058477,0.8389259792020508,0.009965946459034335,0.023799042941095975,2.2226286443648805e-06,0.008704988878538529,0.01703927484730539,3.2916464118610014e-05
3342,4.765107660425386e-06,0.1712204788873762,0.589154125017329,0.22445550099376826,0.00010864378619604877,6.9357469914783325e-06,0.007516279445273663,0.0003156683870522637,0.0003310091189313423
3343,0.018715503912049073,0.00011861812509483092,4.301967563393594e-05,1.7165847160769608e-06,0.02609434306100633,0.0008715249604670822,0.002757252339730577,0.9970166383965235,0.0012898756065042327
3344,7.943416169809308e-05,0.0023970465597094913,0.7428829373417369,0.015245702341277778,0.0001674501716333811,0.0005221863482234453,0.02489470657043122,9.56617392544642e-05,0.005227406655714899
3345,3.466569681212326e-05,0.014002649134545643,0.004322830204781229,0.0003653885108266237,0.9802529363574182,0.0004320245886623753,1.2855876867416437e-05,0.020217568550513893,0.0029826214741991352
3346,0.00101633170889715,3.7401118615496946e-07,6.7689827495452e-05,0.01066253088625375,9.05642801648365e-05,0.9967296153099874,0.0032608400494023165,0.0018436929782239264,0.0001912703140580932
3347,0.006611207023150174,3.2454301458293624e-06,4.391602488442361e-05,0.0009647146010137782,0.0004842184243259313,0.9902416753414253,0.0026767155586308183,0.0032800104854184453,0.001642989957401479
3348,0.004535074718092539,1.2215201496226795e-05,0.0022915351698120636,3.1856696088072965e-08,0.006927244388856287,0.0013134853585620501,0.008614731277794154,0.9627815898220344,0.20625469010772227
3349,1.621106724193614e-05,0.4941966296871129,0.47396790880204187,0.000701506035760403,0.006467176288463696,6.803850191591753e-06,0.027504520346667883,0.003416960840131165,0.0006348903168346481
3350,1.2056669467394321e-06,0.9442357752387978,0.050020629445817415,0.0022191417004913845,0.010092302888026858,6.496721536837402e-06,0.0029326286111807944,0.003429762104573223,0.0008941994434112829
3351,0.010064397688475567,1.8534279477637263e-05,2.998373711326172e-07,0.0026982842333533098,0.0002787702068225073,0.9852437100551625,0.00498418870291696,0.008231837853279342,0.01678698264171421
3352,0.0019774493221499235,4.168565652194838e-07,4.446744132371759e-05,0.006959023806539447,0.00031226197773542955,0.9981351801694456,0.001056415244499538,0.0019943852639051096,0.00042333872927823003
3353,1.6978565968756408e-05,0.527305173959222,0.4457880366406317,0.032469086940942936,7.078502461301633e-05,7.406222763458308e-06,0.031033801342766162,0.0005589246749282186,0.0010945036246631816
3354,0.0023774340718228,0.00012239043836496263,8.271946975955846e-05,4.560901559045187e-07,0.02433576147498755,0.001677206721731918,0.0009672959670114651,0.9986653361072463,0.0006250574655963769
3355,0.0031095883706644574,6.038765200935264e-06,9.035242558742337e-06,0.0021706219055518915,0.0007480626634898696,0.9980171551961432,0.000971988239778055,0.0008795976788724528,0.0015632823777119186
3356,0.0009724369460317661,1.1271064443786835e-06,9.761492163826632e-06,0.007325261757007332,0.00017655643342115083,0.9981808559901997,0.0013397738348321009,0.001075268438499917,0.0005772011275887162
3357,0.0055452237075085415,1.1852774481538744e-06,0.007703472438380898,9.412599428347879e-08,0.0026584154006110243,0.00081188064745852,0.011235745742651442,0.9927027537568079,0.023193071906364465
3358,1.995543358150886e-05,0.625921983773712,0.25664253569961687,0.07352296962467257,0.0022901147936468104,5.934577025106533e-06,0.006997537407017783,0.000719996035381342,0.00011383503030893566
3359,5.974409633657343e-06,0.061780846405148256,0.026928883566321588,0.9313613730055528,0.00012010377438414483,0.0001001895263158541,0.001006132001449789,0.00014046760172849404,0.0006195947686871536
3360,0.0036347120746339245,3.4729890085862477e-05,6.228989965066675e-05,0.0006017330843689489,0.0008160604148168814,0.9842601131101665,0.001780101062961864,0.0008737609726126985,0.0037800964755614493
3361,4.498271496738484e-06,0.510822466867998,0.042722693912841274,0.5239780828357427,0.00019039075543760613,9.381677755438896e-05,0.0007382912274952179,0.00013313563795138998,0.0006141790270647871
3362,4.6266699437683004e-05,0.3952856307627438,0.5811519656557836,0.03950052931342202,4.012994435571526e-05,0.00021295447355147343,0.024829534816233175,1.6067582316761465e-05,0.004924667998123994
3363,0.06681567570205953,1.0483829742224101e-05,0.0006464907791000955,7.153359151858806e-07,0.0005640530239514677,0.02050237472288924,0.0029821079703376513,0.6322590535148327,0.12393168105145763
3364,0.7868703471163412,0.00017736902686342788,6.809408318291354e-05,2.3655048135865606e-06,0.0011288640529504834,0.001987686112658482,0.0835045106473694,0.31516723801921775,0.004187647597817831
3365,0.0011318381720331872,7.085798190067639e-06,1.595383187074155e-06,0.004425722155676889,0.0002815277070503599,0.9982140219618089,0.0012408762119909618,0.0005765024729824537,0.001815688187712604
3366,1.07171911495265e-05,0.996084265989291,0.0029385454422220228,0.02948263439566631,0.001081586783297741,4.330838056752468e-05,0.0020678410637160523,0.00013688476400263192,0.0011760616155052318
3367,1.6402907677896464e-05,0.06722958220820346,0.8219192305284896,0.23284447940720965,0.00010271780634173324,4.263271450356337e-05,0.004801363696103983,5.552716071255048e-05,0.0015253843344693431
3368,5.754100681872566e-06,0.5904989863149636,0.41441814079429623,0.0008629564312959467,0.011993779531587957,6.4523718332986935e-06,0.017351490655312187,0.010769893018630019,0.00013708912503511788
3369,5.857590018775758e-06,0.8733959315709142,0.09935740589947246,0.07735058628192956,0.00023128284089132144,1.567139342246831e-05,0.002137941313289526,0.00021940991098324386,0.001635885485859233
3370,0.05914876540170824,0.004370648388202059,3.0126681515704733e-05,3.903870607528563e-06,0.00114719350483455,0.000694936370070437,0.039643442308308664,0.8474555164558076,0.004569194138356901
3371,0.010838287106141457,0.0005884199817583001,0.024736525257464455,3.827793346459358e-06,0.007173621697946601,0.00176488318475723,0.00033890202133334864,0.003781987918969062,0.9884263436027202
3372,0.005510059587705309,0.009954678454858912,0.02011619385916121,5.536573761065552e-05,6.88764776149875e-07,0.0004026855425539432,0.9923473962382721,0.014156086211655648,0.001629896716830039
3373,3.5319720656663534e-05,0.7279066488985664,0.273202027215275,0.0005326472292460993,0.007130418192811102,6.414377176692937e-06,0.0088727880342056,0.0024050669583184953,0.0011730239986338662
3374,3.1719834209278995e-06,0.5100343346514362,0.34848783046218235,0.050755442833273164,0.0001797394927249366,1.3725578734943603e-05,0.0022208573902660934,0.00017910073660516365,0.0019104071529918057
3375,0.0001550316995901764,0.9711442486207525,0.06235891067900295,0.009404517735244583,0.00012796838014449407,0.0002365195946442986,0.005052032170435693,6.977635875948187e-06,0.028532457213240034
3376,8.225374840277066e-06,0.9204402544946224,0.02961695444831302,0.09628215659204957,0.0006264995880930565,2.329782413300177e-05,0.0026592254721203943,0.00018062214250552997,0.0005016253048905895
3377,4.552609142173091e-05,0.18038746922277935,0.605790457934481,0.038572100331801265,0.002338631285608278,7.584543859213633e-06,0.01707702758802028,0.0003209770299595292,0.00023185954703655126
3378,0.3173860654088389,8.602534526406982e-05,3.978080976313643e-05,1.061182889298809e-06,0.0004052866524711703,0.012124506397126056,0.06819687237264514,0.42279727574812265,0.17352082254715812
3379,2.5407941228404514e-05,0.625201136683909,0.250085487398884,0.0812671950544023,0.0009037676106058966,8.626517520879815e-06,0.0061442953396517175,0.0003517959222428071,0.0003595523569801862
3380,7.306719878439424e-06,0.7863538320886955,0.1889552565393362,0.013788850002929405,0.0009770284516239058,7.5825007231582656e-06,0.0020303926938524492,0.00042366053028528575,0.0023919090909628837
3381,0.009561041167697728,3.6012638091243255e-05,1.229038730190735e-07,0.0020331181385853797,0.0005555726724803835,0.9907947953873169,0.003378817711537724,0.008645486084728062,0.014365460881708382
3382,2.291926590766605e-06,0.9398104247605632,0.09423066266049149,0.0014907839091454936,0.001580534934309598,1.8331968694545644e-05,0.002273757297011281,0.0006535039847042247,0.0033789416399351313
3383,2.482285906128124e-06,0.6106400973194227,0.11630879516881125,0.1482608656203271,0.0002184092148522836,2.419727315255687e-05,0.0012162425242417836,0.0001491492958007955,0.001068597197889265
3384,4.407887913302297e-06,0.9887784406325462,0.007839321711981252,0.011766925416527785,0.004763611012737699,1.216880300848936e-05,0.002518857374081769,0.0005981840960716044,0.0008146095162698222
3385,0.008283411334498334,0.005063268228831877,1.512475273999107e-06,3.8376625069024747e-07,0.12962774875879926,0.002705897350395602,0.001960243561142589,0.9982310940495276,0.00027149895685101217
3386,0.0014845363092484088,9.499275346065623e-06,9.257338090240595e-07,0.004379630839949702,0.00045061507132106995,0.9986986998854813,0.0006780534796109243,0.0007211268071112913,0.002183261969113297
3387,0.0019870815644787263,1.1505478092966935e-06,6.6866861499780905e-06,0.009988972764439148,0.0003845181039091569,0.9982699932670799,0.0007922173182608765,0.003360089966323348,0.000157742055574873
3388,5.975449374248515e-06,0.8414237882986727,0.15693701353550782,0.024689518880559348,0.002469039982131592,8.375825877605536e-06,0.005564802420873937,0.0020103529073095113,7.382318480220333e-05
3389,0.001248846201561874,2.9676701883190686e-07,1.4958947775281417e-05,0.01399440339121302,0.0001288807278548563,0.9964363362101775,0.0010405530860318488,0.00520225301907954,0.0004942001945578428
3390,5.1345402581613564e-05,0.0472747775371678,0.9093936105469377,0.019222383367402902,3.48780951154755e-05,2.7885029524645385e-05,0.24908137893735724,2.508696245464265e-05,0.006946635870780396
3391,0.023507779826723654,0.00035211937398281755,7.031753125095937e-05,0.000146685308392798,0.006667012169134616,0.0469651310258504,0.00021028765604117183,0.003514019321730446,0.8972968758822615
3392,1.1608223599618159e-05,0.2791751863665081,0.6402165287286193,0.1031118842401949,0.00030617194047872663,1.1506941589879584e-05,0.005745142272638624,0.000252482969209185,0.0003852411501485031
3393,2.385661339797476e-05,0.8412759439097289,0.08481786480772213,0.07395159199619657,0.002280794756367455,7.631522027491294e-06,0.005638576708766572,0.0005478623363925645,0.00010968119210335846
3394,0.0010865356186399008,2.4247235490492616e-07,2.5263750485251078e-05,0.016572060582981295,0.00017679308088988684,0.9979378228537864,0.0006634855559315068,0.004165407879089251,0.00014737446067301704
3395,0.0804987964200314,0.0005095980410916855,1.0971497883052546e-05,3.288031539971135e-06,0.014211184078564523,0.0013016453565189504,0.0028358556984300416,0.9846837650349991,0.0011967049755924055
3396,0.0011926845281445516,1.2654474549326898e-07,5.123237463850011e-05,0.013394893611779939,8.971320111069914e-05,0.9962092957674865,0.001973822542024063,0.0050586701745105244,0.0003184020674347159
3397,0.9723455938267638,0.010963255366627496,3.31953854755122e-06,1.2563727341284758e-06,0.0006237700597227489,0.011573611035426387,0.05227855794069976,0.007781788515221028,0.01663938710417574
3398,5.330509228708846e-05,0.47819703437453254,0.40208947228376707,0.054940813855223126,0.004786858856976654,1.0382302918877105e-05,0.007529062859555124,0.0003328409492709686,0.00011787092633729024
3399,2.540557943575611e-06,0.5928948184469255,0.3714830643652427,0.005253183612597755,0.006993099163442065,8.16406262637628e-06,0.010098717193902429,0.00733115194451736,6.43689485717254e-05
3400,0.003022401181333035,0.013316863439589094,0.04531439589618401,8.123754372580122e-05,2.273628900067284e-06,0.00046987599407617714,0.9391103691071883,0.012607966456811214,0.0003369871993632049
3401,4.3675275067208314e-05,0.013145488652315088,0.9814711823196266,0.033591955689997004,1.4953785955588869e-05,5.737717723785861e-05,0.15850879340774773,1.6997478138532287e-05,0.009080387304093534
3402,4.600021373337474e-06,0.24837378595904597,0.7738897915187172,0.04859527593183971,0.00023791458950117553,1.1492287986390516e-05,0.0034131244164725127,0.000586626746877288,0.00042593167822460386
3403,2.171613382571463e-05,0.7807685279390973,0.0976254538388713,0.10167511588380013,0.0006707422994592286,4.907885302962313e-06,0.004677978238270987,0.00068114375879314,0.0010900561947631443
3404,5.111500304043767e-06,0.9783627420539607,0.03245987976302484,0.001584729911834045,0.0014424371468234188,4.6879400280236064e-05,0.0039077297008333805,0.00023728235352869044,0.0050049983098110545
3405,0.0010014339664845132,8.3539653792126e-06,0.0010415095055618998,1.4981733740139497e-07,0.013474965801531607,0.0006300559322128636,0.0005495955887650613,0.9995110015297926,0.0022097033843557876
3406,0.009474555701439345,4.138280069329118e-07,0.00015769046147170283,0.0017532378273777106,8.74661109824859e-05,0.9335973929148677,0.03009412897480467,0.015641515768083605,0.0024936526470687925
3407,0.006669872300023816,7.951757273134328e-07,0.009365959816608285,1.2161117356417403e-07,0.004266160081471182,0.0013127829060844524,0.03560611715243422,0.9825751669944432,0.01737385451354474
3408,7.670183455954752e-05,0.7859620013742782,0.13544961902943548,0.03577021430934638,6.434021747237219e-05,0.0003944754402442974,0.00870927291496045,4.728997471751808e-06,0.028718278525643078
3409,0.007986951016721186,0.002022620519550684,0.0075622491694667905,5.711642504150372e-06,0.006990589926975576,0.007986084899277622,9.942893197987226e-05,0.001235419300310562,0.9937237451421438
3410,3.6931074756047353e-06,0.2934825133913045,0.5136316350179255,0.02633200936409189,0.013017591999271213,3.41802052125028e-06,0.00417833981969949,0.006138463112966005,4.2282494207059905e-05
3411,0.0035914230454371365,1.6031977539695603e-05,0.11609434876407419,0.00012251041889278246,0.014857231061355237,0.0014993694085158361,4.7270261869565366e-05,0.0036990778723900433,0.973035527290171
3412,2.794791619576483e-05,0.9036682981778256,0.15068378862626675,0.008131350327310504,0.001380061856383383,1.4817348856010157e-05,0.042413765044182976,0.0005595331079518104,0.00013222165183449775
3413,5.298930509802218e-05,0.008639896460486372,0.0021226817341096697,0.0002586739517392566,0.9901653493169683,0.0009347885295636695,4.9532552167421904e-06,0.024990610188400472,0.004026872413857719
3414,0.0017189106921553165,1.2569275546968453e-07,9.621933900947668e-05,0.011147646943679528,0.00018306773688499728,0.9977858870295016,0.0016008727606077495,0.0022925887855533046,0.00030678880094291806
3415,0.00036869039804010486,0.9282683502717685,0.005335012106425659,0.058774942291324454,9.112142308802167e-05,1.2789822169929296e-05,0.0027942837322872194,0.00021435412693190776,0.02685564554416524
3416,0.1460361201759459,0.000539354352393869,7.699199739532098e-06,1.5719291471558582e-06,0.007247074693232405,0.00749707387493491,0.006669260716468322,0.8743855180085526,0.0209535601777304
3417,1.957586629681956e-06,0.9708388423618339,0.048075046691041644,0.0011983912500883563,0.0036808909466916574,2.5297927914760947e-05,0.004790057726396207,0.0015329371280292273,0.0013019878632557845
3418,0.001273991723374528,1.210978444845415e-05,0.0009272466396682497,1.9311128920422454e-07,0.014989852609537342,0.0009029599432116692,0.0008145446039522234,0.9989413128845988,0.0015884834168953161
3419,0.0019731996992474322,3.9769917197226275e-05,2.4258888971706606e-07,0.0040993439664629905,0.0011581641296723167,0.9992317690332799,0.00030769915854118575,0.0006901806779255504,0.0009735019673169122
3420,1.2485007457992425e-06,0.6346698464588786,0.2743214777282367,0.0038119529382127687,0.017155661631144774,3.099732116049365e-06,0.009278922835641402,0.013382098099454018,8.346441073404932e-05
3421,7.002208164899213e-06,0.45807090302689263,0.42439538623126394,0.1189280560557107,0.0006417773051182695,6.570710425759854e-06,0.003916919441890414,0.0008256966745522485,0.0001352030008859337
3422,3.2716162589875174e-05,0.4727271593037812,0.6550257521801258,0.004717924787289294,0.00012960155420753137,2.0841268578679468e-05,0.11223187803910907,0.00019501574731595252,0.002258548801645971
3423,2.6741015741220756e-05,0.7762932407804166,0.1808069483899814,0.0007206000225153421,0.01009425285698348,1.3277528037132062e-05,0.003797239083376106,0.0026946191078880692,0.0006377227615481724
3424,0.0013533031217301662,1.2656351466841042e-05,0.1354302438013144,2.3888423670579496e-07,0.006329085485825858,0.0002792652693344649,0.006101353233012131,0.16298274014937128,0.9491706859259168
3425,0.0004222094238406795,0.9753865271774046,0.002439445367748796,0.037026704685681776,0.00012623875727894824,4.643896179712545e-05,0.002042963656033469,4.084630716177701e-05,0.07122540248153592
3426,3.726604194103138e-06,0.3645637015605378,0.5054606940889803,0.13239137361567901,0.00017211444120209077,9.12828212898413e-06,0.003084329911675784,0.000498179081776764,0.0002691187106032371
3427,1.331863651437683e-05,0.7861744370029596,0.2325152572932266,0.0009681115993539018,0.009210268946197368,6.744645592074084e-06,0.009090376933289353,0.004474374535781195,0.0003113707369519488
3428,3.460775434923289e-05,0.21991301550154801,0.5938544430314773,0.04341074513790634,0.0020704908696092673,1.0013208682595976e-05,0.007934916288656467,0.00030035872979751574,0.00021708251875712092
3429,9.030261187191372e-06,0.9543069382296167,0.015039116625537852,0.000639362840476962,0.10765240711024682,1.4061332957212385e-05,0.0018276221704165256,0.0058508771145154665,0.0007388584220643207
3430,1.2898918167146953e-05,0.8966289530122766,0.007656056286093132,0.28990971001673427,0.00016365987589374433,0.00019116614930741126,0.0020755104191335517,2.5575240919122737e-05,0.003951873063924709
3431,2.2738563660446217e-05,0.001884931156498796,0.003831302947865581,0.0004940962878653768,0.9779020699244678,0.002288782528173083,9.785179431858611e-06,0.034763843371619974,0.0026687072545789905
3432,0.009275947400834851,0.0008796273321576682,1.0744261589775222e-05,3.7555683913891767e-07,0.055380893089727684,0.0029671006068666666,0.0016822196960984278,0.9979004787424741,0.0007696199199128308
3433,3.844873863802755e-06,0.8269315173512145,0.1522307732856631,0.008329804953048267,0.00555862056520779,7.988963770750454e-06,0.0055652069171106,0.002991146493754025,0.00011210779639514355
3434,0.8261008637007703,0.2672525105198161,9.019175505579605e-05,4.878498243358205e-06,1.2926158923272985e-05,0.00010749759713683838,0.8663876351286378,0.00215988026409566,0.006474988924022505
3435,0.0009110419616672783,2.2040465829237596e-05,0.0005724326784854719,4.1346108120392715e-07,0.028894434857008537,0.0027307827442791394,0.0005129834185324157,0.9964367440018439,0.00029114043414121956
3436,3.9995821358763324e-05,0.004509680593481163,0.004470046134090395,0.00032580513041731955,0.9880801109995331,0.0009916126967189159,8.339914846979584e-06,0.028144014990018555,0.002880031809523083
3437,0.0241132680694391,3.560696790509193e-05,0.00011025481236442848,8.396528210426387e-07,0.008335797429909727,0.0021090127891592353,0.004919995629564099,0.9821094828775035,0.013727805034585754
3438,0.01202362558594586,0.007374591514752114,0.0032238915027893774,7.901454747333815e-06,0.02082688648585547,0.003074982107643099,3.084162969426398e-05,0.0016395062084346554,0.9897932315621492
3439,0.009338606186224964,1.0413475417110643e-06,0.007003937484550121,1.6631100125180785e-07,0.00285433866225841,0.002047828426113019,0.01094612677388369,0.9874271711577622,0.02822545380432384
3440,9.853642876260874e-07,0.19439376655442805,0.3953529771705663,0.06777490467183413,0.00012932043923346464,3.3618511582751905e-05,0.0007303945701942643,0.00014618934352005856,0.0022179795777611637
3441,0.009217655819023831,9.46201079541576e-06,0.0019375494639836666,6.533210649030223e-07,0.009089351945354488,0.2526506847219681,0.015268505464012363,0.4610350033772146,0.0026383375700892134
3442,0.0009621328782378393,3.4111281653828833e-06,2.1852840193704314e-06,0.007394593481298211,0.00032718637266485165,0.9989141115848977,0.0004302907242317178,0.0011255895088710924,0.0006623228379209462
3443,2.1971832713377392e-05,0.6287030821311234,0.2706483749716612,0.12895509353080653,0.0014454581834342979,1.018327944451982e-05,0.0032259957613987467,0.00046590830315235534,9.846451363425428e-05
3444,0.002099095545108325,3.4437382455099035e-06,3.005618064062967e-06,0.00797310401489573,0.000506312963772226,0.9987977282520503,0.00047862380795714,0.0019427622436518593,0.0004289008137817539
3445,1.597631763057082e-05,0.3247083228595946,0.705949923774357,7.005370145092235e-05,0.023761974393864477,1.5354298501129494e-05,0.015103203855990923,0.0004960619747687728,0.014205075481374325
3446,1.6754207758407587e-06,0.6130088824077439,0.015453811004503642,0.48101143264115254,0.00012072034421956593,0.0002931770506578324,0.0010535064080857094,4.317785805431597e-05,0.0007747513087337692
3447,0.046910276539320624,1.3987771275803522e-05,0.003539368770121805,1.95356298401335e-06,0.0020315600815239074,0.013850329631645645,0.0011547212480343106,0.030014032760113683,0.8999615730248484
3448,3.895260679442418e-05,0.6704792665105807,0.1852362026139171,0.04337700777603531,0.005923553761600463,1.5851610263034714e-05,0.004719392616100268,0.0005604599549252273,8.465749409893876e-05
3449,0.0025831197418381916,9.789530828225492e-07,3.804035977835964e-05,0.0034881425251220956,0.00033218211577693756,0.9972602524777663,0.001854380235830795,0.0014178067033982548,0.0008369516566337252
3450,0.001899428795512393,0.01096317691942855,0.0006714158055595847,4.1206639842820476e-06,0.0009179988135690261,0.00024398896242199984,0.30786703775944857,0.9246377969956888,0.00021826349476696002
3451,1.4325063749205938e-06,0.027400009441826644,0.9616931681866684,0.04057974320182105,0.00011810123105300152,5.953576417893733e-06,0.0010928315600306055,0.0004863338453831698,0.0012932573041745017
3452,6.93828367439012e-06,0.2288247223018001,0.33882426920807807,0.25855957559397236,0.0002111433018922597,1.1290360383234646e-05,0.004238730384814034,0.00044198885074941724,0.00024621477804759795
3453,0.013383411175047912,0.001330323649070185,0.005744019886556979,3.549996355584634e-06,0.01345341473026119,0.006518768445279035,7.381883417320878e-05,0.001783011560313701,0.9952300830639683
3454,9.407238949123742e-06,0.3532637298923147,0.5824453410174968,0.0010358262464912977,0.008684130346826401,1.7710433121158156e-05,0.014955426695754143,0.0041116111167262505,0.00034620819907657443
3455,0.005586140601972757,0.0013231383960850395,0.007129899011486297,1.1146861251916504e-05,0.006817678750560741,0.010192963361952119,0.0005881195699456671,0.0014895457772422897,0.9831207537564309
3456,0.1770529207719498,0.03609180748969513,1.1056508133853891e-05,5.0721283828603135e-06,0.013372967455956921,0.060301401856914495,0.0007416783352331233,0.006154248696650536,0.7758517523256511
3457,0.0006060876958189378,0.007285647433022883,0.013902302806407696,1.72996405458093e-05,0.003983712483700707,3.695088452156564e-05,0.0002006214753698781,0.44120665273978277,0.09621609638358017
3458,0.013565454372198528,4.593047471724094e-05,8.652752783419455e-05,1.3552941667573135e-06,0.030850100691216565,0.0006282788919783497,0.005022265738488952,0.9972204958068861,0.0018932191109241356
3459,1.1515216272921332e-05,0.1549187525826508,0.6990228007509144,0.1763400146643672,0.0001735378046541564,4.493944090430962e-06,0.009801102380690773,0.00045232216883392005,0.0005347449852802507
3460,0.8260701137696352,0.0005995450741202746,1.7133885453573093e-05,3.3728847817645274e-06,0.0017146698122695292,0.005161872655630262,0.022850057181809567,0.40080276065831805,0.002528949492363139
3461,0.0027240489561810464,3.6809703260797177e-07,0.020949474120881325,1.1794552825220383e-07,0.0027451092571618785,0.001125696121909743,0.007390548142241914,0.994403107767344,0.024305456587390587
3462,0.02320952159122417,5.818626940565556e-05,5.749929236295355e-05,2.451606829936072e-06,0.043900927133553265,0.000520050612532228,0.0022962933268921583,0.9962581837914221,0.0009835755564113235
3463,0.00013001503575389505,0.0305182382320463,0.0016797218089228594,0.09764682303406207,1.3374973182120772e-05,0.05180350694299409,0.07195766180060925,7.545377029827563e-05,0.0002028443010698536
3464,0.0029514270860960088,0.0029140330160192783,0.09621796994459789,5.202496104992386e-05,5.63993570085608e-07,0.000384914302958989,0.9970617610829087,0.0040695376484525475,0.0011469370890376464
3465,1.688813132299276e-05,0.3809012192902727,0.6266930982947911,0.040769463554718825,0.0003863204806525842,1.0107782081851434e-05,0.022987605417947036,0.0003105225866137897,0.00023809917958285713
3466,8.23628255629293e-06,0.0004538038037899336,0.6254338985381402,0.9235300948530504,1.5606784720902715e-05,0.004118937191002406,0.009053322334166941,1.895532419730763e-06,0.003327501157694189
3467,0.0026740074937336537,4.8837561873579054e-06,2.1016275193606814e-05,0.0025400849264255875,0.0010323435074072514,0.9964800484266062,0.0006103487878414536,0.0015441350825073968,0.0009610978747429691
3468,0.22071993909706392,0.001390849883580073,3.1031950548760077e-06,8.736096536436247e-07,0.011416992701720826,0.016821554559233523,0.008622495393588316,0.8998648112004908,0.013115053974056694
3469,2.2032027259839604e-05,0.5939954315408301,0.2858540274801076,0.00022469177970590166,0.0026758483621704466,6.679931180112377e-05,0.0036564021192769447,0.0007465618054801278,0.0411037528814597
3470,0.09870740704514008,0.004414431974734088,2.940920051666642e-06,2.259484725360769e-06,0.006819104210443321,0.005932976443376364,0.0017628198158691243,0.9627167382078056,0.0026479386700793157
3471,1.400872154116154e-05,0.7587217406697302,0.2739621081827114,0.0302825140289014,0.0007378488017858921,1.009930886830824e-05,0.01815051431624817,0.0006506660821749534,0.0001418906164832393
3472,7.426218114193012e-06,0.6611579271139816,0.2634143883651559,0.09969599945810163,0.00011309535194414338,4.3523448413609314e-05,0.008778750639784871,0.0002544390102851062,0.0001874828880851046
3473,0.010760997079212714,0.0029649254936838622,3.398312668605207e-06,8.907979175006771e-07,0.024600428538154657,0.0022258435690445957,0.001871236192393427,0.9944418560575813,0.0019294577644103203
3474,4.151790258070221e-05,0.975861165304589,0.06694246418299073,0.012008762286753984,0.00011309553310254391,1.2096194441110096e-05,0.0028654020052289535,0.0002758345243804302,0.0007495858979696805
3475,5.318807316856447e-06,0.18633240661878223,0.7179601006521724,0.10485298672424015,0.00023531556050254547,5.433679752718049e-06,0.005712203890262649,0.0004598357290864357,0.00020823461804903975
3476,0.0025744916343042757,1.2182256109149977e-05,6.700249162247681e-07,0.004297214596297143,0.0006565672643214522,0.9984013391593184,0.0006444689160503493,0.0012930810981522372,0.0020411097896133375
3477,9.474667370566532e-06,0.9820235987632961,0.009871901671504426,0.06193772240074776,0.002389457239252063,1.7224628166414772e-05,0.0014249428625268052,0.0005276761502807233,0.00021046353774267342
3478,3.0703687555256307e-06,0.9687702937088287,0.02008231021026407,0.008344637714230187,0.016066441952080075,5.831291658269153e-06,0.0017529811722138424,0.001975170286609898,0.00039201387523051033
3479,0.0022289954455297412,3.299114835983532e-06,5.612127751574378e-06,0.0037330031858538093,0.0005294758735626975,0.9988925325598998,0.0009554942640133511,0.0008090386582072942,0.001287597427120314
3480,3.5757409693203315e-06,0.9813863624686582,0.010435750862509818,0.04531309605913767,0.0003100101590421419,6.960792869820005e-05,0.0016838084619192162,0.0001972451162151123,0.0017524354278735488
3481,0.0019296463874238566,8.580567962785603e-08,5.380791477719361e-05,0.0144059306367745,0.00014489067953303946,0.9947559029622255,0.0021780415606168614,0.006390208908472628,0.00046425312252924747
3482,0.001105795277496037,0.003230427317858563,0.022143659665373062,0.001200909696475494,1.0165893922527455e-06,0.0025549801542614796,0.9634651759627771,0.0009123959224241816,0.0007222437182875941
3483,0.059979250977488026,0.0014733728882719145,0.0007504725163050736,1.1070590835932564e-06,0.00455342917142015,0.013307696964758656,0.0002985066513755361,0.004671745688867817,0.979099260006483
3484,0.0018707466383385012,3.33487556718781e-07,4.658519322451259e-05,0.008051053807304894,0.00011830416059361718,0.9965643732646849,0.003538664039926046,0.003079976264464455,0.0004717537335969623
3485,0.0010686246476968209,0.00021238367686346243,0.0014113320100845306,0.0014898084409905611,0.0033207338813987853,0.20408819172620934,0.00041927923222318366,0.0003782960769162259,0.8916059792082635
3486,0.14898418309785855,3.4933309629411505e-05,3.0714240528765266e-06,0.00010270257891729905,0.00044686207329159644,0.24090476464574787,0.004053111136568111,0.21150598568470064,0.030810024547407586
3487,2.8376308584177238e-05,0.10239264601645981,0.7657522494184437,0.0008833408674049632,0.0008560804673630086,1.6353356006852288e-05,0.01177856223910332,0.0012287802680366387,0.015320915272694188
3488,0.01095274251475964,0.0004119068250273323,1.444807735789525e-05,1.7581755593328305e-06,0.018985377620697543,0.0015606586204214249,0.001477190121075741,0.9975069529520213,0.0012093877390298836
3489,0.03935280725891705,4.0679434966898824e-05,3.4026886515881754e-07,0.0013028768958531702,0.0007594204290736064,0.47132397879387317,0.0008781277322675838,0.2022648273663677,0.006872499744407873
3490,8.665429435548933e-06,0.20171056250931943,0.6934654399765188,0.18085522876003945,0.0002644986299097603,6.750983114190979e-06,0.004809808575543868,0.00046758041250731714,0.0002630321322574126
3491,0.02594436048630361,5.909245155869704e-05,7.966420234884214e-05,1.5197946701202945e-06,0.03136812259411128,0.0005653772180287536,0.004629551169343484,0.99634525949764,0.0009876094301820746
3492,0.01584611564813282,1.174624418906448e-06,0.013159430551665572,1.1658083967212413e-07,0.003519856394106119,0.002423261678930401,0.00669461847139265,0.9673977849606968,0.023440090583513252
3493,0.005115920219827349,1.200393376516725e-05,0.0007889894289511476,7.083338897443918e-08,0.01886792458662964,0.0019644841391071293,0.006114266162954095,0.9965054560741781,0.004850697220170068
3494,2.757834351278014e-05,0.2712067509238617,0.4650260803811635,0.02256830677711814,0.00032388253827209546,2.187004888874508e-06,0.009167310127881911,0.0013410527400968175,0.009135812941633424
3495,4.102758658345176e-06,0.0005041421613662461,0.2983269730718149,0.9411911786287132,6.263764999804872e-06,0.030077432854679335,0.003858907979698491,1.8241141745203048e-06,0.0012437632335664665
3496,4.447939806253213e-06,0.4627189562521437,0.6138403358154539,0.01755035204116544,0.0003022614927558865,7.659827165011833e-06,0.004481625579439054,0.0006104447087286842,0.0011159604042911444
3497,1.78745429696303e-05,0.18665484520112477,0.35352739742127637,0.09657313805444864,8.917075450506628e-05,8.043737640026494e-05,0.0453491667182963,3.092713233748989e-05,0.0009860039240858355
3498,0.0023575074018053472,9.412225224906215e-08,4.3837464586048486e-05,0.014184563556188724,0.00010389689490015857,0.9900293892531448,0.003685209520066324,0.009718511051223264,0.0008389026251005969
3499,0.0038027836430788494,0.0001128366626730891,0.0002882640698272965,0.0003995358511575642,0.0006823293051061017,0.8764671526061081,0.0018519811579486552,0.0026607496352195224,0.002763046223366445
3500,0.007258678029403393,1.7705808444836253e-06,0.00013858358991727005,0.00047329478431973256,0.00017121272616773438,0.9615275073077671,0.008566414827974468,0.024864039347381347,0.0008853534512648824
3501,2.9138883274588063e-06,0.8593765312459751,0.07415073783590259,0.013919182602471224,0.009845419295778058,5.239079578732107e-06,0.003926904156735769,0.0029238151234507255,0.00013264264932192192
3502,7.846207773034037e-06,0.47426311697160656,0.4679813548617007,0.0018881607822092722,0.00550441082991483,2.5101595588509337e-05,0.015198628789909699,0.0029713339182051044,0.00027014613037052636
3503,1.183320952590428e-05,0.5411216240199266,0.02382520946303904,0.5286881729206137,9.818413205563354e-05,0.00024612908112203643,0.0018543861383740474,2.1884768314624507e-05,0.0011111608516515413
3504,6.067382511929884e-05,0.9902171869424952,0.002202837452336524,0.04929559985621322,0.0002352821494215593,7.811640341577003e-06,0.002937133813640343,0.0002904011781831766,0.027199074153183206
3505,0.11341706786912734,0.0018505183678349877,1.9044026540125617e-06,2.555542801393386e-05,0.008025662314350744,0.004125574028476216,0.0005216598024683294,0.9261515290177778,0.0026471059593010616
3506,8.228499105158932e-06,0.9599221164064194,0.02807822143802437,0.04824055223321321,0.0011957153417095584,1.519699709521957e-05,0.0020767466554926324,0.0002383556156654986,0.0009607678752933615
3507,0.0052356593722134226,0.007497970804214374,0.003022625283201149,0.00022994708124174235,4.0788405689520225e-07,0.0004655647640680708,0.9962797354043278,0.002539372236793136,0.0037603593826236385
3508,4.4038947902191134e-05,0.2621922189515706,0.7356399853747477,0.0017348893606862657,0.0011170715258766021,6.0816037411744725e-05,0.08913916275690029,0.0004545285816109125,0.0012238120291828685
3509,0.002561170093573004,9.145280940163595e-06,4.546065932137342e-05,0.0013383579712422727,0.0006391037957531116,0.9934224217120232,0.0012239580844290849,0.001082863249092248,0.0018783747525702667
3510,3.6858530200261996e-05,0.1777613547478348,0.021695260553534865,0.5979235256519297,5.6187374860306e-05,0.00016619334979003022,0.002521966438886726,3.756410810290961e-05,0.0033299061589907968
3511,0.13905445369438219,0.0005589173931814974,0.00018933448601387434,7.105637787135436e-07,0.0026361694306816924,0.039191376685409576,0.0013241751445110033,0.01701478537497361,0.7961120237980747
3512,0.1189186597076184,3.346772067252392e-05,2.5402940445722403e-06,8.648748703270908e-05,0.0003601359387284542,0.5361177207337635,0.005414412962457695,0.13457942041408866,0.031929025542091566
3513,0.016699235916012183,0.011361642115349133,6.254809934796735e-05,0.00015101493903813562,0.011746120081608899,0.08791326775230697,0.00031519023233634853,0.00048142099685755455,0.954137104893881
3514,0.0010784028977617755,2.8521420414873523e-07,2.3572939795706253e-05,0.01613598522521315,0.0001880579363869825,0.9978465567450977,0.000746781775181477,0.0019231947940048632,0.0002745635061540665
3515,1.1482981961093692e-05,0.4787612857360464,0.3937225121573298,0.08074657484060181,0.00040748151548769947,5.636093644582681e-06,0.014902885143668282,0.00034671541054808076,0.00018568309609346212
3516,0.004148784980432914,0.001032676803320437,0.006504996451381255,2.6945998976866358e-06,0.022411851468545792,0.0052661539577097925,8.748389684289036e-05,0.004601654531512314,0.9921909503485415
3517,0.022815646322749104,0.0011797133849101124,0.001231605771692985,3.793374081416984e-06,0.004937096320965829,0.01576282243893518,0.00014344430777024752,0.002439746482354841,0.9850205234912558
3518,5.182569995685139e-06,0.9838649302512812,0.023394927325866927,0.005629332041952204,0.0012490019705796664,1.6794303488346527e-05,0.0022447070672971105,0.0003639604489132977,0.0016748075698834416
3519,0.003175343344086833,4.1227691783438883e-07,1.0049636925951562e-05,0.005988113810962175,0.00010599655903570439,0.9892797126657946,0.004841674245967315,0.015171298306140236,0.0025010856237173864
3520,1.5880096912110248e-05,0.5635931387967489,0.30064198189192426,0.06262260618814215,0.00023187239226696304,2.833475492004619e-05,0.006102030763780634,0.00011781119775066276,0.0016730873741525173
3521,3.489728020626086e-06,0.7510324038163354,0.3154496101078773,0.007692545787172584,0.0005419034565014529,1.2416067165501564e-05,0.008999549518939727,0.0014440116256702817,0.000232318329502921
3522,0.002848095287131727,2.7575008635033287e-06,3.792766135564797e-06,0.003355411219298483,0.0002820896611997812,0.9958902419891158,0.003152065487768584,0.0024462552262981066,0.002935387924585344
3523,0.0023704400028106906,3.879725228443376e-05,3.399072231168695e-07,0.0033075777312503254,0.0012386828284399823,0.9982258370734265,0.0005525234446266989,0.0014915127737588417,0.0010013836412655895
3524,3.32388962845327e-06,0.4561583471060644,0.1473060091966657,0.049954612516824835,0.00012487032163744765,6.544651271939547e-05,0.0010552626836181189,0.00011527810948949607,0.010555294019737824
3525,1.799004276995044e-05,0.7163518016272813,0.20586657366133906,0.0005682497982225453,0.017286798104823135,9.019046091426172e-06,0.004935472657335749,0.0059032285343398085,0.0004254102036946697
3526,6.291061994288158e-05,0.037686049506138526,0.0033871239107948867,0.000253456179091384,0.9782205007981462,0.00034211830749553514,1.656221927170431e-05,0.012291145434089486,0.0034334907120048266
3527,0.011963488867696536,0.00037670744488989293,1.6929378840375127e-05,7.546558573018994e-07,0.04697830842752702,0.0010454587066848803,0.0031915012912239146,0.9984172877243845,0.0009758227444671174
3528,0.005693656360491615,5.013732170722842e-06,0.003908817212931786,3.4253136716589165e-08,0.005207274563547186,0.006280232125645426,0.005145187486708258,0.9007292590364778,0.1681084589027888
3529,0.004244500265254485,0.008848053497762399,0.026588860467463313,6.465112708967723e-05,4.0716898675415466e-07,0.0003424907599361277,0.9952705032119411,0.007410631948865142,0.0020077343993477764
3530,5.975048184796607e-06,0.9906872044607508,0.012668626413687302,0.01273750566674085,0.0017578386025788285,1.8067745346832524e-05,0.0026724064388834916,0.00040496956442030545,0.0013381796863248068
3531,0.0022226717091742244,4.9870378054306244e-06,2.396378176545877e-06,0.006420124548986407,0.0008736500790855208,0.9989411605338783,0.000361122946533631,0.0009313158587350456,0.000877556073359692
3532,0.0016646229060315915,2.9632092866607847e-06,3.68904414688275e-06,0.005638576369266127,0.0004355463036144709,0.9989630144086695,0.0006188070218917716,0.000949444725177326,0.0009893582509562062
3533,0.0021633248463962607,3.508362360572359e-06,4.742191430701044e-06,0.00460525320807155,0.00047796642725848215,0.9989317854649166,0.0007340693767905712,0.001046446050321216,0.0010956882704423198
3534,0.002335666326596527,8.274303552548399e-06,1.4627114626189522e-06,0.00546141874608021,0.0007498516699804332,0.9974168722258993,0.00046164174270113436,0.00464914084507983,0.0008011622458786084
3535,3.1995025514784703e-06,0.9641338701839266,0.01940271648274094,0.0012212825038992671,0.033378853248402306,1.9268336164766924e-05,0.0035691612466185467,0.003050775652191705,0.0008802018678821793
3536,9.075101216081432e-05,0.7980138512641646,0.1521286333851477,0.03561818749628902,0.00012013442952671537,6.116371086596087e-05,0.004928359439229977,2.7536776063006398e-05,0.014826853737815074
3537,0.9622314472381821,0.03599865829200627,2.7123204496458405e-07,4.150552621126838e-06,0.01126261573392641,0.00491219993491325,0.0021246079846373666,0.019513913783814354,0.0062301968613754566
3538,3.1900048557388904e-06,0.7466343455320954,0.31476378030935165,0.011505885789109339,0.0002323299294459228,1.0703631556444568e-05,0.0026508581397728433,0.0004419435693172386,0.0021516455377457513
3539,0.06019177417496487,0.0004701822435893392,9.803772516604655e-06,3.1711347554440795e-06,0.00559202028267916,0.002310982787256582,0.004903219188276381,0.9245670664125348,0.01278429699488106
3540,5.762867540169775e-05,0.918955417374479,0.0222229312340073,0.058432552566081764,6.99112591286986e-05,0.0002623964582919294,0.007341921704397048,7.64385874371905e-06,0.027010513127037585
3541,0.6522350231457208,3.927850992887471e-05,0.0006000603744027264,1.3739500938766285e-06,0.0007587527621221475,0.0026615035756995453,0.10379032019688175,0.3865684405038605,0.003508668124129548
3542,0.0010018516786544694,3.638807801572685e-07,1.6114754786251606e-05,0.01652252597974634,0.00015598929982233245,0.9978194454256418,0.0006424312006855408,0.002870478334215551,0.0003089686696364827
3543,0.002766217346189265,4.7497760195775335e-06,8.846130329466348e-06,0.0028717446068580025,0.000697957476551143,0.997722538855856,0.0007849275708045184,0.001449239816260772,0.0011783977000142992
3544,0.00578516462405133,0.0004233950131713032,0.011418225772504157,2.07101362533332e-06,0.00016559685738585503,8.508326674193389e-05,0.4176122844926372,0.5362621360502894,0.024849525338514214
3545,1.5778701318270348e-06,0.8109447965495142,0.3076679365884265,0.0026593386208440596,0.00038693784204832355,1.9011895214453597e-05,0.0026444474574958054,0.00041073269035892283,0.004503831741611816
3546,0.009456700863478705,3.271473997828096e-05,0.0001366425414820628,7.639434191427835e-07,0.0127093602108031,0.0007131615434429046,0.005322067434749756,0.9963961895484259,0.00410870331618414
3547,0.03825513415770483,7.706422511298233e-07,0.07295357746854772,1.4715128693781922e-06,0.002859155218265564,0.003728452232418486,0.0029706896363402573,0.10978420423638849,0.7933492322977319
3548,0.022606007870942448,9.795195471775178e-06,0.06022922115087065,4.259530214959453e-06,0.00198244238300434,0.0048536095663051565,0.001178349499589861,0.014591972573040849,0.9482913844556293
3549,0.00714812504610675,0.0015408031572483813,0.008589548556821685,9.628631007507698e-06,0.018822068059620906,0.003759505085823794,4.4135636774821e-05,0.002007136394684479,0.9933341141009157
3550,2.9097953581259026e-05,0.0018775814466705084,0.007737679450784782,0.0005379171610385351,0.9880354700429755,0.0011344641247293963,7.13643369453915e-06,0.03225411454210962,0.0021182065247013398
3551,7.466123276461568e-05,0.001023717555268314,0.2969488499491564,3.73632386193321e-06,0.033452214909240045,6.500541520201066e-05,0.00013126691630120017,0.05848271320187109,0.6856622013730697
3552,4.5725373100239045e-05,0.8843247568001874,0.11988853699312543,0.0013745013123351675,0.002665033286658465,2.7075887463141468e-05,0.012081375354739793,0.0006924196239912968,0.0009091827359015054
3553,1.2563554593140284e-06,0.633248957785334,0.06064810321542822,0.05481209838657973,0.00015772979047347276,9.995242771175734e-05,0.0007871715930851763,9.879168554700788e-05,0.0034175872923842767
3554,0.017386515326230804,0.004147170687636934,5.05344860835981e-07,8.11793730501214e-05,0.002418107728628294,0.5576151104978383,0.0004661749978744002,0.3143123312759614,0.0005111004164648253
3555,1.009519639674559e-05,0.713836576567881,0.17991102253498734,0.0980956083414303,0.0011820414646858634,7.489488126784153e-06,0.003639278183084424,0.0008662814484912372,0.00011112289775625509
3556,0.012704025431520759,0.000625270043353458,9.627138120809908e-05,2.7144404373855638e-05,0.002461298967464202,0.8708548609365325,0.0012262434970078176,0.0047222429789447054,0.01160180127982518
3557,0.0021516207682599187,4.5706654441839245e-06,1.0746135560156518e-05,0.0038431102770962815,0.0006136741002002057,0.9981780325296544,0.0009848478077126338,0.0005124004345902822,0.00180185049621766
3558,1.293989322787272e-05,0.49994971500282215,0.3581048502367409,0.0003604267505936068,0.006811557386773548,9.461191507957171e-05,0.01778140110214694,0.00026833258103460604,0.014145325212342848
3559,0.0037647637703890654,0.00010101859501791467,7.532542210258558e-05,1.7592861041956904e-07,0.04189965941717026,0.0007380643269813075,0.0013391048355968422,0.9992597677143027,0.0013932275391988424
3560,5.734801111098676e-05,0.9964470158454409,0.004869884200507965,0.00434354745160336,0.0020653595962613082,0.00016180942092049408,0.00367307026063336,8.781739418098146e-05,0.005159476530591002
3561,0.0021563078542190797,0.00016189900149770137,0.00014831457631955846,2.1731026412983298e-07,0.08280208703678293,0.0059263732919855195,0.0006987632686873541,0.9927937575029698,0.00012708665370653874
3562,0.0020753571563101574,0.00017638439467502928,4.4392787000848914e-05,4.786435163934352e-06,0.009906201455809869,0.016706954392770267,0.0003957093706966179,0.9739347452602557,0.00018213903192736703
3563,5.1805196194625426e-06,0.24199395478547656,0.596460661907872,0.3167914941780793,0.00018207127169076032,7.817013955567118e-06,0.001958652871102078,0.00044486534064837584,0.00021675069006939356
3564,1.2784380705931725e-05,0.12754039049097324,0.8518497713021392,0.05164230727344668,2.1954074444359992e-05,7.098234448655222e-05,0.022216594555057704,3.920585822196975e-05,0.002864715700368145
3565,0.001043728955766169,0.0007667995923217089,0.0981545167757701,9.095095149832781e-06,2.7680415162758995e-05,0.00019728983798825237,0.9728262132103256,0.20850819471679052,0.00035150909314110286
3566,0.0014712446356577571,1.0443155108044548e-05,0.00025020599234171437,0.006666744645083293,0.0025449689102540187,0.6816339737951126,8.202482808881745e-05,0.00024580110550061787,0.7110634692928001
3567,8.805250831510864e-06,0.2152500277622824,0.7160522950409266,0.0012601874237835086,0.003846356966548692,2.5327641612249075e-05,0.029076123806681325,0.002273679400657645,0.0006071963362243057
3568,1.7054796263127387e-05,0.9434326421684571,0.1183490544877681,0.04037278233009028,0.00012414154115319905,3.1230977438049475e-05,0.008112982489466439,0.00010212514587135918,0.0012350817262191899
3569,0.0011800738060624516,3.5449921309327305e-07,1.7846172247981945e-05,0.014165356007665667,0.00019170185514033453,0.9980246306698793,0.0008339659393100948,0.0033748581881634875,0.0001567553105862449
3570,8.044364490156874e-07,0.09376816392927452,0.3784405586778853,0.13607042018445503,9.40878180680111e-05,5.843634433562632e-05,0.0009008235786211299,0.00011380699497063114,0.0016257320780824493
3571,0.0002018264764528354,0.16331978135384295,0.1677363243011495,0.0001690953312895636,0.010983363646581402,4.183965142237363e-05,0.010163591138518998,0.008594771539298496,0.01184630082194671
3572,0.0010764997411728536,7.213873080980199e-05,0.005113555790536632,4.853804259877262e-07,0.02235729027020314,8.026570177585987e-05,0.010344693753244505,0.9905928869423801,0.0033323003592486337
3573,0.05800350698962664,0.00065780034398911,0.0004999543763095708,1.534493816525333e-06,0.0034762123804100123,0.031868987252697246,0.00038024277748936904,0.007798868240044632,0.9158560214806437
3574,0.0029608911741543955,1.6028807664054363e-05,1.6035917361395473e-06,0.003833926963606352,0.0009080978833825199,0.996258584601458,0.0005704061172820672,0.002387763515483833,0.002895596036586848
3575,3.6024979831445832e-06,0.4802900836590851,0.4332118042263266,0.030927987460188742,0.00032711696895600746,1.3820640499644299e-05,0.0023568500023060748,0.0004997062998057312,0.0007399100958919019
3576,6.280353158866656e-05,0.005349934152668282,0.0015843329123027845,0.00026180834410291536,0.994606091792108,0.0013963421141713398,2.6687577957450795e-06,0.025294295984120148,0.0048742948689163195
3577,0.010520622641253473,4.1206044140291304e-06,9.346786696105141e-07,0.002633743299039449,0.00015769760771000462,0.9725647347865537,0.01393373459049268,0.019410345947737273,0.017221381821165227
3578,4.023069891184413e-05,0.009849058367984836,0.004254851172328964,0.00031318950549445344,0.9844979863897125,0.0005354582218172875,1.1721638418500714e-05,0.02076660725697155,0.00334420147795605
3579,0.007243097422507316,0.003639795582034842,0.025349167864339932,2.9435254966943553e-05,2.091384350081954e-06,0.00022772514310829046,0.9926664078305156,0.03846956837118534,0.0027091360984882623
3580,0.003920595631338833,1.2250247835334428e-05,0.000883373434450557,1.0631852141630446e-07,0.017311619935911703,0.0004928882850887524,0.009574301872869099,0.9981898570058841,0.0034539264859965156
3581,1.835454268258675e-06,0.049667011005055495,0.9271835833500282,0.07800911837283417,0.0001233871539580261,9.010136777584606e-06,0.0010688629529448255,0.0005332474235500212,0.000519576958369053
3582,0.016266252923577144,0.5281407339639,0.002089555775242948,0.0029713324840986498,0.00022324972882146516,3.291562662095473e-05,0.03130010076951708,0.0003483712759947243,0.019154943663660464
3583,0.002209304773834918,5.927346421522743e-06,3.2966215355774853e-06,0.004299040589232325,0.0008259940523468999,0.9987128303902083,0.0004560212905228955,0.0017006869597048812,0.0007448176019889613
3584,0.004948875544178377,0.007382960443896416,0.0023576809028847553,0.00011736420699307884,2.7488916703395888e-06,0.0027510320067973735,0.9689053373312578,0.00890922616313677,0.0013124643462701212
3585,0.005819442365786442,3.144413583995033e-06,1.788842962237946e-06,0.0017307686181394703,0.00025824028565034124,0.9823988141325873,0.006681133614281427,0.012794068417501813,0.009882544143989161
3586,3.8829058380219865e-05,0.10635824976089697,0.8121032878820198,0.00048435154004403054,0.002839461308138204,1.9463700484598908e-05,0.079364601371814,0.00223568143940441,0.0037843780354302426
3587,0.0016888885926692827,3.801217453808181e-07,3.8063824665793286e-05,0.009143700668134457,0.00015095741415623528,0.9971012162912009,0.002331239520119075,0.0024845441609751663,0.0003058654694937707
3588,0.014857720762169804,0.00010001824761395778,0.000275974374428229,2.583741849539075e-05,0.0021942116107458135,0.1578037977442716,0.00020624429441203106,0.0033352051561744735,0.8663747660045391
3589,8.537604262510459e-06,0.6471995337439292,0.4529119801357718,0.09581674342600953,0.00012400218912274918,1.869770319554376e-05,0.005289252205476042,0.00020382009493580933,0.0005236018572360754
3590,1.3535879419189673e-05,0.9026725151366757,0.11678583864879134,0.001942077437312328,0.0063077268615269605,9.549495684847768e-06,0.006986477374839811,0.0033359594469700047,0.00021419237708465767
3591,5.964916703212571e-05,0.0013964454292284586,0.008986107624291523,0.0002985473053151217,0.9936158371408556,0.0010733142356395106,6.775195305218413e-06,0.02612583188042977,0.003130783683642292
3592,6.516593909754246e-06,0.11894880734708431,0.7715424640484145,0.17601222330255892,0.0001523268716515704,6.390735464492125e-06,0.005502989980974776,0.0005819889793252468,0.0002544290340498174
3593,0.4300225116227739,0.00010710847715811447,3.716419577142489e-05,4.456655900280391e-06,0.00024862608219097663,0.053201982723413616,0.04944498029923829,0.24355532809027877,0.08557022223444556
3594,0.018626970641082093,0.002238858607744396,0.002195171945372139,2.942759716363144e-05,0.024810734346932185,0.007280105686484615,0.00010181936749935126,0.0009908654086043906,0.9897199924342185
3595,1.7461089547546642e-06,0.8221232798717376,0.2689981925585754,0.00212034981643883,0.00098199150994369,1.1525898228045829e-05,0.0008357699142568165,0.0007621328936982469,0.004117895171070866
3596,6.747231866124208e-05,0.009891338658161357,0.001758441861947914,0.00024725565596450097,0.9924236324912119,0.0010501195236949474,3.962989839857302e-06,0.02082510749153726,0.004526499870850556
3597,0.0023426770641028554,0.00808552363334898,0.018357413938986662,0.00023169225690926567,6.109137810147524e-07,0.0013547385079111117,0.9464760555376437,0.004836875204256135,0.0005926385136235467
3598,0.0030918972745530137,8.911020463624001e-07,1.2525756643027675e-05,0.00021087679914173497,0.00033996561964801423,0.971330718944193,0.0019339878405894523,0.021396132293029065,0.07905359297589848
3599,0.0017967317518842389,3.4601177943165594e-07,8.897443716980966e-05,0.008611722175263833,0.00034652054617371125,0.9976131112419314,0.0009798282835633576,0.0021059750953211455,0.00026445385917665386
3600,3.119476658868328e-05,0.8415182463721396,0.02347134119316788,0.1533572867121885,0.00017024443447608942,0.0005726254342802366,0.0017585467281772086,6.610834286531861e-06,0.01055151858286193
3601,1.0914926318186777e-05,0.5753478770005894,0.26714712464998597,0.10320517113627259,0.0008783822183638003,5.917446238984688e-06,0.005093413439682459,0.0008237512799790363,0.00015623754028525755
3602,9.709811513907122e-06,0.6150595056201495,0.4891529020410839,6.032036184041693e-05,0.02695336627638868,9.559739296105958e-06,0.0031915458645313814,0.0010838056888298276,0.00966157215187782
3603,0.007097734046153396,1.750847300852385e-05,0.00013687178478020677,0.000265976147564844,0.0005456712142560607,0.9700434329987756,0.0028370696937427536,0.004337436688818333,0.00219992526744532
3604,1.980481356159001e-05,0.9666666163737525,0.033310217757386754,0.010590621551814781,0.0004148263743555447,3.70112430426075e-05,0.011291235297951875,4.5229102538679496e-05,0.0076606347800998635
3605,0.8020343479598605,0.000659948253429271,2.1585524517464954e-05,7.692917820076762e-07,0.008050957152033703,0.002000684707516817,0.020512819425014733,0.37385572995072314,0.0012134554164254451
3606,7.662227381354181e-05,0.007477319415254956,0.0010600617557409643,0.0002270565871334962,0.9950006337052926,0.0013983445515947264,2.253519145738776e-06,0.02290790112512797,0.005876914014413368
3607,2.145777124653583e-06,0.4109659683614068,0.5071878762263528,0.005918897061729641,0.014549921827005628,4.607163155811212e-06,0.009084460082802172,0.010274926684806103,5.434814300881264e-05
3608,0.0004576629330573464,0.3647050104181088,0.009038310310567897,0.001672480956287879,6.310450119413694e-06,0.0011472158336976858,0.19036600334473266,0.001032510971303332,0.0005793679187148501
3609,0.00436345647598896,0.0005172516645196792,0.00014553894344663748,5.687989947141449e-07,0.007970361932580992,0.0005998314284877113,0.003817011553184382,0.9906294752269135,0.002077912497924544
3610,0.0035929051008401526,6.4004860996263474e-06,0.0008528243772851688,5.704545926570848e-07,0.00489228758946626,0.0021700602223933504,0.002669272731108085,0.9961310857192718,0.005632788861915803
3611,0.625877502386338,0.009008887243675509,1.07211082034627e-05,1.4099581601821802e-06,0.002831709560989129,0.04176314639515941,0.0018325327627013476,0.00794752965858369,0.5224052495779814
3612,9.396045231198818e-06,0.3933476532681354,0.5088015999266985,0.0008938200402419686,0.016907674320701324,1.08661118492167e-05,0.012759645159496192,0.007684780402952002,0.00020531605572429813
3613,0.007258887229681854,1.2674120716427811e-05,0.00016062522732566875,0.00016192777895109628,0.00042875416065955315,0.9790646361244741,0.0038329112874575977,0.010441957841296578,0.0006419558253056895
3614,4.128828629904414e-06,0.5026622751870149,0.44075484068629783,0.0014089313015058268,0.009824962230122535,5.9268983877126445e-06,0.02520995797315154,0.013092250113768468,9.688105641037101e-05
3615,0.00011201057957998381,0.8861045639206779,0.014488699900611291,0.050103944329373144,9.156318086092612e-05,1.597158882852192e-05,0.01741876717674763,0.00011179102439975457,0.16295932266922392
3616,0.0016606132015604973,4.500017152836189e-05,0.0002866469528911147,5.191740940125716e-08,0.04570921163205029,0.0008784285624759238,0.0010413797900542144,0.9993088939223437,0.0009915605117559003
3617,1.1227696429396434e-05,0.8473580662922771,0.12225695349756224,0.061308810942346754,0.0001443948740428784,4.4136752004128665e-05,0.002505695034180956,0.0001348134861801441,0.0021806562587590307
3618,0.007293242466015716,0.007023736374112366,9.85082575870868e-06,1.1914057857275755e-06,0.015215587718271166,0.0008749104227476956,0.005973108465197025,0.9916402654965263,0.000651342272531099
3619,2.8642505028632532e-05,0.14908925771109782,0.005366551249167253,0.00038875783312715883,0.8697440239563343,9.222249214366793e-05,7.035086008176685e-05,0.015564455470344631,0.00201457752060858
3620,0.0016647502341097557,3.1027581041646973e-06,7.3145219267871445e-06,0.005551804374209965,0.0005777792471771774,0.9989367505537783,0.0005521706374896025,0.0007085905338008656,0.0012128848474263695
3621,0.0029407375929047415,1.1059846138001467e-05,6.905852412946772e-07,0.004083937008306353,0.0007533283561155321,0.9983660457370134,0.000796803434573164,0.0016446838158662466,0.0012492827735270321
3622,0.01833542184917256,1.8798359303144717e-05,0.001294943325597151,8.722026353583708e-07,0.0036309075319965137,0.011902771783215605,0.07298837647955383,0.831710691370718,0.006026559423684951
3623,0.006429153507665505,0.018335848225196738,0.00037961731777511694,0.00011826622520817892,0.08033066390326932,0.04413402466735642,0.00019102364791491146,0.00038271114291953346,0.8757695405708941
3624,0.10959497635773789,0.0002396976125433227,1.4276204188502517e-05,2.599413302018543e-06,0.003388140209186552,0.005041098205298976,0.007030377388895485,0.8960655194788562,0.01898530941049639
3625,0.922413594277768,0.0008454727787831969,2.009583987151523e-05,1.5809735546936564e-06,0.0013464118924642527,0.004367817417111936,0.05091502476514898,0.1061326877999136,0.003519199227902691
3626,2.0486931861035073e-05,0.006938269697720195,0.8012661791899109,0.11729847007896828,5.3409914100937565e-06,0.0010955508539313948,0.12766590275047748,8.281560685186548e-06,0.00322972985151935
3627,6.206601832600799e-05,0.031046050037913053,0.9391616002364082,0.020045522554784204,7.769642039351822e-06,0.00012524920435367536,0.2036250355985149,1.3824051980292634e-05,0.018508722439284177
3628,1.6532171911978268e-05,0.4419434889132358,0.5206551145257329,0.0007621202574642452,0.006843317095551656,1.5091209098071294e-05,0.014595615903603082,0.003181369300622825,0.0006261275743574688
3629,0.0007815605301500904,0.9803619065911497,0.030261991944823357,0.005821968779672262,8.697894480022108e-05,4.09601826370566e-05,0.00597735679215099,1.3803173807947276e-05,0.0699402278701011
3630,7.92715292496493e-05,0.9417519382271141,0.014392693239399467,0.010800053114751193,0.0008726611775572857,0.0002324168812428496,0.003417560539183915,6.55571036578132e-05,0.019647489942450844
3631,0.0020212759707470508,3.436715863922778e-07,3.349044384334765e-05,0.007048824882874647,0.00028266160853974,0.9982515851198065,0.0020053175389660584,0.0019960785184834715,0.00021311373390528986
3632,0.00022611717208118246,0.9377824187792628,0.00558556294425325,0.07478522672054325,0.00012147675444429396,8.373617033597378e-06,0.0020062207508459128,0.0003167533673412464,0.010863703485876026
3633,1.900843985652979e-05,0.9235625602412427,0.049072584705813264,0.07738311375306298,0.0022116860395546304,1.1101988312467329e-05,0.002612937311012719,0.00044160750847692496,0.00020786869350269795
3634,3.296835040395389e-05,0.44005798960897924,0.43854530448157153,0.029631044781240047,0.001444817461547787,9.369494457797107e-06,0.02463291640776863,0.00041316503784590697,0.00013963426161242717
3635,0.012937834231025437,0.0004014798785054436,1.8476062179079736e-05,1.95019377424944e-06,0.0017638797086904517,0.005915494740162964,0.012077047569180262,0.9427078999950436,0.002747143259623308
3636,5.713934806600043e-05,0.006611177412786388,0.0023889527457431293,0.00026713698995061184,0.9926288277540075,0.0009300721610356619,4.688953162497648e-06,0.021834666102181356,0.004393474382161476
3637,0.14608744355073322,0.7874409120610946,0.0002089792599489573,1.3696150380876118e-05,3.302141926514887e-05,0.000639124375605641,0.9286326616375642,0.00188206766356514,0.0002973325937402095
3638,0.11203738352465097,0.02073021039239649,0.00017409429526137816,2.1782025173472077e-05,0.010163779695871391,0.02231797218424923,0.00010362983971696182,0.0005554161631564329,0.9380986320434783
3639,0.024426592955580525,0.004197663978440594,1.891875896709589e-05,4.5913138278246915e-06,0.004150071655517077,0.0010277529794575683,0.006597957601727318,0.9290853273288738,0.0036148331286187164
3640,5.3884414816831405e-06,0.8379433329645268,0.13198335588483306,0.0333589020250895,0.002114278787945055,8.45521473572367e-06,0.003832430096100521,0.001315460169080053,0.0001506717660959767
3641,9.371559457076207e-06,0.5713406645863212,0.2620116668577486,0.020628758998544338,0.007842611473311945,5.210944972463355e-06,0.007755785340219081,0.002486705099979276,6.999163055993753e-05
3642,0.1602337243250445,0.0003646255617026424,3.0621295305861657e-05,1.2343524753096127e-07,0.0018089212564626977,0.05764329906437496,0.0024027433294652157,0.2703776072743422,0.6629906997471433
3643,0.00031998248169213655,0.011090752969551582,0.038104058801646135,0.05121433183929785,0.007594455493732332,0.00887112162690343,0.001211038531102833,1.1596939974650391e-05,0.00983544853478633
3644,1.4697279513106388e-05,0.25808697095323596,0.6451152100642051,0.08642871024211382,0.0006428321827156018,7.5135815661052e-06,0.009973800143660467,0.00034968131395532735,0.00017335279985650697
3645,9.069536777123752e-05,0.9392314577116332,0.03670679244636133,0.037039580949522484,0.00011582917717764008,1.068714086363921e-05,0.0047594182210257,0.00015744721849831944,0.008991242766459932
3646,4.3213195205072e-05,0.004364818570660119,0.004173609539572336,0.0003522065577123254,0.9891929542886247,0.000997786838130714,7.433106788777576e-06,0.024262464340702734,0.003158177402813639
3647,0.006807717877861971,1.551810926115271e-05,8.884464773759752e-05,6.0487230576676525e-05,0.0013426188468433858,0.4823206666663351,0.000483076612161299,0.0045992807348737485,0.8005636233299146
3648,0.02046275420212481,0.0066055590020805,0.02837004502747971,3.665717820346009e-05,3.2722576576442806e-07,7.631462066643967e-05,0.9990748179954215,0.008408771178036588,0.003380806710728869
3649,0.011312494071009043,1.949778765346959e-05,2.915620196526415e-07,0.002150346265218673,0.0003501222602269224,0.9895958294132399,0.0037292283578424447,0.012273932806920239,0.01617545221831589
3650,0.008868313886918208,0.00017509207476105757,1.9956411592359445e-05,7.793013863517688e-07,0.06282542381268955,0.0005173184835978652,0.004818271742862393,0.996988286376693,0.0012520971658194608
3651,0.0750815298625664,0.0010751353121540507,0.0009177716297085336,1.0237992815648243e-06,0.004286062388617461,0.012247120816304672,0.0003836629900465205,0.004394163870405033,0.9679277791731963
3652,0.00196196623399029,2.0400162498694166e-06,3.567948024045347e-06,0.01310256798626314,0.000595975586070247,0.9980257178122738,0.0006192333592932504,0.00262567792663855,7.250088889207425e-05
3653,3.5120855583513355e-05,0.05325387876176362,0.6758633387533672,0.17620640779790553,2.6356035232288126e-05,0.0006381813149666943,0.016292918861756423,4.023247110507572e-06,0.010735135487862358
3654,0.008690731408690047,0.0015049399724960083,1.0242600552827494e-05,5.565786304370664e-07,0.03499946144698393,0.0009546997466546528,0.0027732318680775987,0.9965568922374002,0.001113882811500804
3655,0.034855221605494376,3.1364553923773734e-06,1.8155957902216526e-06,0.001285011407386917,0.00018856422297174052,0.8900389387231115,0.03140956724368128,0.02227770191134567,0.03211978404485284
3656,0.0019208182406645802,5.945967675196342e-05,0.0001876970983212442,7.883340522002716e-08,0.03545405691557333,0.0010404244572575238,0.0006908333409217574,0.9994110342327782,0.0013501518959057781
3657,2.1206548107693584e-06,0.15898760241709964,0.006621877342725966,0.924287335833625,4.7649652587680946e-05,0.004833493163036426,0.001256991318558049,3.967242878417144e-06,0.0008971769604076883
3658,0.015218123131237967,6.159814188699222e-05,0.00017206717600068305,4.554191763949855e-07,0.0017686485868479748,0.00411086882682152,0.002379855395146173,0.9735696120691614,0.009765384040900327
3659,0.017962138893980954,0.00010285704157499161,3.040385190006106e-05,9.172428676581431e-07,0.00710022322064522,0.0033664161837031552,0.0041656251382747025,0.9871477889748315,0.008673372897219167
3660,1.2261592616818214e-05,0.9189111768812366,0.07910991081867508,0.05321380050232369,8.63921708340222e-05,9.21125691275781e-05,0.007910775903516555,4.340220066723214e-05,0.0026505507400432886
3661,0.0035549815606581887,9.896153706762236e-06,1.8116441637922015e-06,0.0032697644639747697,0.0007924514796605539,0.9976412099848051,0.0005416925643091194,0.002788428175848888,0.0013741366156722926
3662,0.007106280769609383,1.591085409901401e-06,0.0017194222822300956,4.892181312114288e-07,0.005705991530166465,0.0005768272313916683,0.01021622370552525,0.9878239639552041,0.02000721457044915
3663,0.005507543820000903,0.00018177989925941026,2.8379542765252363e-05,1.74550595379263e-06,0.020304828106265167,0.0011007407608896668,0.0013272063236539748,0.9984802166309975,0.001081084958087675
3664,3.58187434057024e-05,0.7257275903335799,0.2131731984477939,0.02890641608776039,0.0020564682212282854,1.0438254657912422e-05,0.019913501998599356,0.0003661697887210738,0.00013159401550650907
3665,0.0025929004499496296,4.268470739882635e-05,0.00016502254514573603,1.5094864667970376e-07,0.03015816042713807,0.0006747590682013178,0.001181016016443293,0.9992904251390728,0.002044309853268703
3666,0.06589132413974638,0.00010211392209920163,0.00013509028071854098,5.4525280931524975e-05,5.92289782445912e-05,0.00930898955256818,0.21971172463951097,0.2172070526316677,0.022508739993216297
3667,5.673748614493504e-05,0.408258909497421,0.0025372962680125046,0.00018955900979937093,0.8951496135816868,0.0001577173407344636,5.8606462047488135e-05,0.010107321231855659,0.0025134236747258814
3668,0.0001859992299346076,4.821202890492371e-06,0.12536399215799116,7.524723742648081e-07,0.00851924581291487,0.021913905633435513,0.0005412960938724472,0.19592609820557647,0.024187123923665354
3669,0.03491677225657179,3.0527885792397786e-05,4.486241800241136e-05,5.106996553120703e-07,0.0005656695740501826,0.08787606418698479,0.006070382067235845,0.34190146447373104,0.5169235587986545
3670,5.736636372531093e-06,0.6440605301402025,0.30661903622559966,0.13479861181797134,8.634887143153053e-05,3.748051228866785e-05,0.004404506635814923,0.00031355985418505454,0.00017068390405353047
3671,0.0009836801217209877,1.2053200778219003e-05,0.0012510255293178502,1.976849104540976e-07,0.02885630562446709,0.0021458004503612797,0.0002680131047073699,0.9984657733998331,0.0005767889935695653
3672,1.2358779357277391e-05,0.809642331136944,0.10295568855791337,0.13622248878323612,0.0007840202041627091,1.0502775117121613e-05,0.0024419808210871885,0.0005151708121307222,0.00021142955567059825
3673,4.3850422287487776e-05,0.0035137838983598578,0.004172134134954686,0.0003131201548067029,0.9918754636837078,0.0010967719293621151,6.152184477587706e-06,0.02605807593468798,0.0034100466958712113
3674,0.0028660636162286834,1.6865318650876456e-06,3.332031007853863e-06,0.004406783691266279,0.00011223366453535862,0.9851499349532672,0.009004521354225435,0.009842665066528066,0.0034137114398333493
3675,8.242295577203822e-05,4.419334494156263e-05,0.00042379508979052563,0.24268548816265376,0.0016082694773800318,0.9374557211132911,6.341363413438847e-05,8.629976622517047e-06,0.08343828310143689
3676,0.0001817763049251675,0.7726617420963635,0.314862142312618,0.0068242983230331206,0.00012102801982948123,3.0135409899972555e-05,0.00645919242946193,7.490747902078875e-05,0.006738408846487403
3677,1.9341546648033422e-05,0.995554810123707,0.0020023804440804692,0.049615304650490154,0.001446150031082219,9.777822368393852e-05,0.0012130907997637001,6.631619438086661e-05,0.0016611866094549971
3678,4.2069514862230676e-05,0.20624022041247703,0.7277863146145176,0.010622215428228159,2.0733888425676762e-05,6.345182574753658e-05,0.09786718193365437,8.053289900595904e-05,0.002163732188814681
3679,9.515762264914729e-06,0.7214779887790166,0.2689811970360224,0.08516025144752477,0.00034393453483917843,1.678786729842875e-05,0.006094271606966464,0.0004911360176637984,0.00012351673388491053
3680,3.803837842653782e-05,0.14704832013467495,0.8932279124505,0.033679437476734034,2.7653318062184156e-05,0.00013259699058281468,0.03264934597103412,3.855872864859241e-05,0.0025166357310450224
3681,1.0248097089365978e-05,0.0539741564185818,0.12360375297927463,0.6925688065715571,4.977669962858385e-05,0.0021688564479455043,0.0034295317382939438,2.67929154780576e-06,0.004635448201964199
3682,0.13024948398628253,0.006041360939342709,9.116357160761748e-07,1.2553515740033972e-05,0.006128575035909993,0.009601816786576041,0.0011634109894506986,0.9081366921003351,0.002619776083779557
3683,0.03873336950283961,0.000700007660970465,0.0003516652915928274,1.3478801306593927e-06,0.002263571322229732,0.028210366481823533,0.0005421844599166366,0.009377432571032423,0.9588865911570451
3684,8.952375515111526e-06,0.9814731694826174,0.01573553323141824,0.03871076740745184,0.001020006098710956,2.5684029110576068e-05,0.0017741691908175487,0.00019870169122779163,0.0010867643157620138
3685,4.038094787794088e-06,0.9105008528412887,0.04837976858867621,0.09661379832812118,0.00022761042868450857,2.575090560736652e-05,0.0016002133293130387,0.00015290468796922324,0.0013063366643189993
3686,0.28465592198268924,0.07175946782573497,0.0015769980837410107,9.468922186010681e-05,0.003562930262258969,0.0030972155335033313,0.005523306297563722,2.7064794789928363e-05,0.10657776570516728
3687,5.0653005387921376e-05,0.5860035716574858,0.4141698655691513,0.0004557590006565441,0.00658685677569627,5.58197135261344e-06,0.011032258273290801,0.002152562349666173,0.00186486336999328
3688,2.26218442883768e-06,0.22077718535092603,0.7466760049989187,0.032360558261656604,0.00018925998249199667,7.512104520082676e-06,0.0017023115063405016,0.0005531348672523359,0.0009596061428850944
3689,7.074296725895042e-05,0.6977273818346328,0.18555892211145106,0.000501124653403409,0.006806383500386681,9.443635048499092e-06,0.004849972868883374,0.0017929330877021732,0.0027528162032783425
3690,0.022582253743216454,3.352536795919756e-07,0.010317725861670428,1.49956885079242e-07,0.0018733459524630004,0.007931154631052888,0.00888148393054713,0.9074255441432462,0.2087086080658308
3691,0.10640530413720116,0.0022163337658793678,0.001059738429859051,2.4618647149804198e-05,0.007151002357844375,0.021752011458666842,0.00017033698989359796,0.0003569144576295439,0.8252039055146533
3692,0.0007714258792112425,3.0031388019461204e-05,0.0009575223560233117,1.972727086292854e-07,0.05203188686587661,0.012017986976610323,0.00032721301303830706,0.9875608602193454,0.00011300640745228903
3693,0.0002717918784244205,1.768006217674914e-06,0.0007776829622431022,0.08366708153257406,8.466000831398789e-05,0.8575806068146928,0.004056219653624927,0.0004960847262798103,0.0006814878242566687
3694,0.003202809393477237,2.1230406108572566e-06,2.48337805487016e-06,0.00902578788246797,0.0019605458357716283,0.9983009384400139,0.0005382388441924259,0.002638167404021675,7.483626098333785e-05
3695,5.553234467679156e-06,0.7810607925675698,0.16350858769000443,0.000804376761446998,0.017042827147239325,5.405671086444751e-06,0.00861825911360484,0.030476587233414638,6.199378525530791e-05
3696,0.009743619496691867,0.0027204121612267643,1.0719458282720095e-05,3.348613564390373e-07,0.23711928374295044,0.007227718882265165,0.0017229783452052878,0.9847933980497053,8.799805244251843e-05
3697,0.006226806427740895,2.368578696298945e-05,0.0014115522086470737,0.00011780054779937092,9.082994062234784e-05,0.8535969959063863,0.023410603356879407,0.010864361757417049,0.0005388564703378825
3698,0.2935889883353661,0.0013941679929397636,0.000299759331082744,8.831612460118594e-07,0.0063515469538361225,0.005587680907638355,0.01159700558265085,0.027261361493715414,0.04603987107074895
3699,0.004772778218602298,0.00038828049401311515,0.003315597414842979,6.490049227187549e-05,0.006170192100975227,0.04477580573325784,9.398442033366517e-05,0.000855367213790606,0.9776477295896342
3700,1.7879340993524927e-05,0.07036644566191479,0.7614760306378586,0.0763290815740664,0.0007133195088240391,6.570537177336201e-06,0.016099612036149843,0.00027214324330094,0.0004173060290169344
3701,4.037730206869691e-06,0.906383026648698,0.04413723677508707,0.0007151396033405148,0.022033436117331523,3.438892427566922e-05,0.004473494688113096,0.0018409630469877255,0.0019824005409149544
3702,0.0012434391449812289,9.989667492369979e-08,5.486242216072543e-05,0.0261842918772956,0.00014120409127353587,0.9968650200799092,0.0006730353020904563,0.004720779898085845,0.00021737172769943617
3703,1.1686176004427585e-05,0.22052923339429858,0.47246583376281526,0.1604959554429022,2.3697648320867525e-05,0.00011234144592457418,0.018974437054931806,3.144472337529282e-05,0.0017258474900754448
3704,3.3942302404676585e-05,0.41063880102223593,0.4775853703959789,0.06670666337713156,0.002418720126002976,9.856526060056597e-06,0.007239987590565843,0.0003891652160526855,0.00012644920683222644
3705,0.0010490572147446237,0.002470169909578247,0.0007476141335206001,0.0005169507036609438,0.027369242367783014,0.18657612663587786,6.829947713829521e-05,0.007404303724773176,0.002187587896104054
3706,0.8586004142901109,0.004092947045932882,2.7178181210719796e-06,6.606236936062007e-07,0.0019249753155281876,0.039899457614262585,0.011074614449301039,0.047300178086607005,0.0592500796822056
3707,2.086098118593496e-05,0.3657556347307095,0.49346691548852595,0.10052063488868401,3.010041876984338e-05,7.982427491708462e-05,0.015828628181440218,4.268497304102726e-05,0.001593338288975849
3708,1.6982461271396318e-05,0.33919283311948534,0.5038036763155914,0.00041735710962186766,0.005913853637120939,8.335454128783124e-06,0.039457579037357804,0.005016036856663071,0.0006688037906750863
3709,5.8261884918719285e-05,0.9320779728163474,0.031985941978318846,0.03297729166439415,0.005679152622047379,2.402124877672915e-05,0.005245355140735913,0.000176489861416028,0.00030210826175841864
3710,0.00181044917798246,3.6351566446230006e-06,6.311822062670017e-06,0.007476948556115824,0.0007876275296031035,0.9987470097472524,0.0004680524732254657,0.00044562958441988376,0.001811485960158518
3711,0.0017158749514823801,1.3705901041852348e-06,0.05487690766888549,7.018281842890865e-07,0.0005262896657419008,0.006299596536100384,0.04012751931146494,0.8375370633505252,0.001913779219036526
3712,9.94673299731611e-06,0.9784362876134209,0.011696041655665663,0.008573868996055485,0.02010183787654876,1.3676083068967162e-05,0.002012867569169513,0.0014476329786553802,0.00048635689783265514
3713,2.547902175861982e-05,0.06826783231967931,0.9079222556612097,0.03889241940199369,1.1151209812757002e-05,9.821424661801219e-05,0.08156041018132343,1.6465951489889203e-05,0.007863524186012655
3714,0.0029983010248468543,4.364949715474992e-06,2.0811184306610288e-06,0.007673198058627135,0.0010190641698676706,0.9987017593781984,0.0007043385035705714,0.0029713511644687248,5.771311451824784e-05
3715,3.0992661572593654e-06,0.30555335813203915,0.7086272724095141,0.02922830808507017,0.00018104794577840494,7.452246610525282e-06,0.003213006311282016,0.0006006171815030397,0.0007779202566801241
3716,1.3061661438461932e-05,0.1560308167516569,0.8026379331447311,0.12123620603067417,0.0003143056297932723,8.409487108541427e-06,0.010772993605995328,0.0003727098504592596,0.00019515692782631357
3717,0.0007268572878871772,1.2405940531326455e-07,4.640188419466187e-05,0.019273719297461103,0.0001214630960462012,0.9979735367835084,0.000716594506531013,0.0027983593637205513,0.0001518050159776034
3718,1.0771917991772046e-06,0.33098448792836616,0.027222028895333743,0.6064302607379128,0.00012403851556783022,0.0002840280645700468,0.0007954830830071995,8.832751496639853e-05,0.0002508194891953354
3719,2.081807002106373e-05,0.9146724790948106,0.0206973710066916,0.07192725987544743,0.000725232834847521,2.625610212755493e-05,0.0011078630646232219,0.00024664868001842387,0.006184047709101786
3720,0.000946010355927377,0.0005884519578798899,0.41919182897676505,0.0018444735046399935,0.00013288879649174477,0.0010912381657268556,0.039322895622199365,0.0006224111885438546,0.020623791298495283
3721,1.64669235537201e-06,0.9074291698937745,0.05621508938903859,0.008622170558412317,0.016353527011141636,4.422637207082354e-06,0.00239789844079514,0.005311722346059274,0.0001705082606008789
3722,1.936766423021608e-06,0.9289282029660368,0.047643766000494685,0.006157060040350599,0.015270056400317363,4.774103902157116e-06,0.0038006484357549423,0.004418097195085545,0.00021190799637769395
3723,0.001877677229779687,1.2178060270269108e-06,1.1137049854789229e-05,0.007069395859418604,0.0003313469162969907,0.9988120923984065,0.0007882768440254478,0.0012963903102049738,0.0006543147958061561
3724,5.047504856697775e-05,0.003537532233434429,0.005128626252283846,0.00030345773800231646,0.9921570599410768,0.001303524235137046,7.619129309321478e-06,0.02376292423947406,0.003374539457681932
3725,0.002134279519695813,8.892486913877725e-07,1.8180329322041265e-05,0.005862951189598206,0.00028027287884444267,0.998082135882694,0.0017611778637675684,0.001354491895768179,0.0006863229928428522
3726,0.0024053493841497344,9.976071892823779e-05,0.0005394340933781471,0.0022038182155206974,1.1426267797018231e-05,0.2093007480621129,0.4945115088063104,0.0030647515267294596,0.0002806901429518592
3727,0.0011807351568905845,2.4648732361509686e-06,4.135863233962352e-06,0.005742206810457458,0.00026352049084348727,0.9986765008649969,0.0009498086308354623,0.0008655410242794379,0.0009991482503960212
3728,0.0011547581854565265,4.179759574986703e-06,5.5789150232559675e-06,0.00547893512233075,0.0001676658711227044,0.9970999491635859,0.0025679540850439254,0.0007689435277115025,0.0009720817546418644
3729,3.335674868702744e-05,0.07404602432625808,0.005141717471841385,0.0003768563497698632,0.9547432255722224,0.00017712003557171843,3.525352656409337e-05,0.010373434183994447,0.002748387322160523
3730,4.088447755950905e-06,0.39129842316507263,0.2084746845344468,0.36369987026788175,0.0002563016075461404,1.6059755947718116e-05,0.0015991829803946949,0.00034652417509335243,0.00017117546433147887
3731,1.4558803366067447e-06,0.4624729859122618,0.013627757714104948,0.5000900690542716,0.0001883475641117811,0.0003818901902511718,0.0005188479232037624,3.480540203876762e-05,0.0014178381803471958
3732,6.205478046399794e-05,0.9626726849262335,0.008992048570394581,0.011141398868198078,0.0004064361263512796,4.9747638814423787e-05,0.0032031010797128217,0.0005988877676986721,0.02051817323015421
3733,7.020403645755927e-05,0.0049622685881176,0.0017897185091545241,0.00022495035823548343,0.994863828377904,0.001417345246346429,2.867182020136956e-06,0.024185205988815503,0.004923872878964001
3734,6.713335695273207e-06,0.8936124521860975,0.07006443294372554,0.0003357713373425022,0.14374806291348075,5.449682378412597e-06,0.003118485580355483,0.003683636085132839,0.001275019604035015
3735,0.002074231723844721,1.288827210864776e-06,1.0569809566377231e-05,0.006330080138742862,0.00047727042010139813,0.9989616236010842,0.0006462388941314911,0.0013420555483140344,0.000662374281229378
3736,2.2638867816385784e-06,0.14027436679367283,0.7452012793207353,0.11480373854816299,9.715985585176014e-05,9.860890787575822e-06,0.002270553713703626,0.0006808518228915768,0.00041012117060396466
3737,3.518827513330219e-05,0.8129187162458064,0.1041058004278801,0.059042062221962156,0.0034906555138297466,8.658918266983359e-06,0.0059168465864184805,0.0006229319554437973,0.00011834524412443073
3738,2.761153809352398e-06,0.6752897340251042,0.255957235991128,0.010051724578744748,0.002901357851954074,4.007111990117855e-06,0.0068792177021383,0.0026463733184017763,0.00015983574967428445
3739,0.002201222810465179,1.928083214588846e-06,3.117808089232527e-06,0.008812946725083785,0.0006159576742458577,0.9981179047767249,0.0005011965226132721,0.0018985776424464528,0.0006871158378887419
3740,1.889166122186546e-05,0.6526849324836308,0.2631153905361278,0.09049546066387038,0.0016136681980373922,9.924707620365737e-06,0.004131502574691433,0.0006221409690704666,0.00011449980340106031
3741,3.6869553634081276e-06,0.9867600573839312,0.01466126453179802,0.0011174500917071188,0.02294256394549497,1.8367752905133782e-05,0.004937365321509266,0.0022798962848440216,0.0005546291232948212
3742,2.715017076442626e-06,0.9870809084719221,0.013124838959167056,0.0014206328940305855,0.019239872586332033,1.6096014701154647e-05,0.004086422495714528,0.002355073888419351,0.0007166955108130505
3743,0.5121101171460496,0.0007076856505077684,1.4084425686629083e-05,1.4384380493679303e-06,0.003557384871712552,0.005038708744640817,0.015608450598937576,0.6471225662138221,0.005893805935560411
3744,0.006013636513184477,0.0003181352326486666,1.7674751117838283e-05,1.5502846337102175e-06,0.01616866900516752,0.0012850055057813297,0.001247431544689941,0.9982653894093718,0.0012621316143370555
3745,8.005231251803682e-05,0.8167218237907502,0.3237171184437444,0.008676750471261548,5.8508626073481255e-05,0.00012199141679911937,0.048654373952001395,7.159599822988253e-06,0.03392575396321887
3746,1.650949606050562e-05,0.8513949509301018,0.07940269798539072,0.07181728339820133,0.0013836377648124415,6.385578766096249e-06,0.003214484796916022,0.0006808499368183183,0.0004675578383484995
3747,1.984632815735039e-06,0.2713259297278279,0.6970616685588503,0.007119846083825863,0.0002399369586580202,5.512774153391515e-06,0.0016874416483071506,0.0003877109643783586,0.010859948396958204
3748,1.1723549842294412e-05,0.8032281942039087,0.13117352090239984,0.10254583680714116,0.0006385434997070224,9.249470730760065e-06,0.003647398555248497,0.0002977820387392469,0.00043163893290806355
3749,0.0016133044254438426,2.8471696579562406e-07,0.00020990914013276288,0.009750212911830461,0.0001620784517288985,0.9945242543402952,0.0021762852085816654,0.0030939404452560385,0.00015776666171946757
3750,0.0005290193309026515,0.03593808305357546,0.0004109919626509725,0.02049385052301552,1.5176812444068908e-05,0.056467993030180984,0.3841800984963401,0.00025660804586416443,3.913067506331988e-05
3751,4.0655912021051585e-05,0.7271763594198357,0.31870465184955715,0.0006295166855014618,4.620824962085111e-05,1.7345772806858121e-06,0.027744183646089982,0.0010514717257452532,0.21959953537723242
3752,2.912618029105664e-06,0.3415621701593517,0.4824382985682826,0.026500462073865593,0.01013490989847376,3.2225126876416567e-06,0.0040145367405302985,0.006935407091890056,4.0938126677654626e-05
3753,5.850382451676662e-06,0.0016382363517996592,0.42977939745394916,0.8969815521721193,9.425138556870787e-06,0.005003537361223425,0.014503405902450814,1.2548712028650292e-06,0.003272535026955449
3754,0.01009626065558265,0.008103746581818857,0.006507036398343013,1.0993083985627607e-05,2.2940726099517596e-05,7.818756087686878e-05,0.7502449529101259,0.20829427305756076,0.00436495824865739
3755,0.0007877726767000549,1.5379479078302575e-07,3.2729685368426086e-05,0.019084223838848835,0.0001390968201063913,0.9977968709671533,0.0007075411712184197,0.002807011230265104,0.0001629342363761236
3756,6.39690685885038e-05,0.004837072889366669,0.0017908089196452465,0.00025142463076393553,0.9945553614708146,0.0013981671065611946,3.0803080092761473e-06,0.02395606006539826,0.004865444800908615
3757,0.0036529514110671853,2.667141622172503e-05,0.00010862297957944637,6.909920767031135e-07,0.010442254260648919,0.0005259703626471766,0.0020261196637719765,0.9976039533788202,0.0039042831358962475
3758,0.9317472561356899,0.004229891298910911,3.0823660513646605e-06,4.886940575140455e-07,0.001337694266119294,0.04194735537991449,0.00972327084420729,0.0200216294630757,0.06423905134856953
3759,0.003481581283618531,1.1316100933665439e-05,7.458013063287332e-07,0.004889411776110505,0.0009118601483399676,0.9983045722453793,0.0007481366666074505,0.0022803478339914625,0.000510387990290738
3760,0.02129267769063151,0.03257339327931672,0.00034807700361527255,6.62333295507157e-05,0.01643107387600536,0.017005355669616314,0.00017750018506833745,0.00027799863177986714,0.9848889732122692
3761,0.001650253896091783,4.051322050177142e-06,3.016066292369929e-06,0.004862906848502749,0.0004960075096276626,0.9989336640181988,0.0007107805188238685,0.000752645258343136,0.0011546084098125885
3762,6.451016802819416e-05,0.3926420925411028,0.0018362654004857178,9.248494806396142e-05,0.865573665760068,0.00017229674281347366,4.186478616558145e-05,0.020299444088029462,0.005671714724723545
3763,2.475936745880367e-06,0.10031799644775954,0.9256062882421404,0.026892061511373386,7.759313632684536e-05,6.674805704943893e-06,0.0050595453029963905,0.0006738542400179869,0.0007412928454306295
3764,0.0013011442517566626,3.903327308601266e-06,4.03636979755069e-06,0.006456820738871926,0.0002512367094516855,0.9980274915892109,0.001135642978257369,0.0007652191942309169,0.001098101598830749
3765,0.00011872797646605999,0.8436458908854569,0.1420895771838779,0.018401330976893598,9.072793771137959e-05,0.00015900142387002985,0.009522186988318596,7.106675302415254e-06,0.061086151518828916
3766,1.906560769925636e-05,0.033786847375320284,0.02339678909624713,0.0007244349834264197,0.9281132656602336,8.944282530277758e-05,9.400357598905245e-05,0.011680341758704665,0.0014132604112740788
3767,0.007054626391783195,1.2082308071109232e-06,3.6810707488232694e-06,0.0010174302529504368,0.00028132925520473005,0.950809880291467,0.026697905644228366,0.07115250422911072,0.0054424230753359224
3768,1.3184402997897165e-06,0.20374626513207741,0.5077219435357386,0.060345168849948366,0.00013590698485805495,1.891614452778288e-05,0.0010127844746810044,0.00020250295915125413,0.0018909432075297186
3769,4.365932694444585e-06,0.8485505933972268,0.09348463172461452,0.025394498790776408,0.0036357062810775595,7.0113690641169955e-06,0.0027248588485844355,0.0012865280338947985,0.00025973477708813225
3770,5.419975689227014e-06,0.8101583834346231,0.1293611066890196,0.0323614222833042,0.003352821656573159,5.9403725989790174e-06,0.004342063637238012,0.0015015839215362973,0.0001450095461973639
3771,3.733845084228599e-05,0.7332040027925243,0.21622377568667858,0.0007324610246920013,0.0076142541527067335,1.5349253065658372e-05,0.004570288548254307,0.0018537512743496058,0.001001637385026275
3772,2.3539490366462544e-06,0.6463953316610953,0.3446174747451091,0.008884947773646915,0.00012774111371060214,2.3055504395128284e-05,0.0016259026277329425,0.00018673960769513087,0.008927068830614473
3773,4.745521645360608e-05,0.7937305238990908,0.03708175246273359,0.11970051535428203,0.0001301757547838307,3.7275995293834144e-05,0.003228800455893387,6.976811919825627e-05,0.008863985783479227
3774,1.6337653051221992e-05,0.9921782946127339,0.006081779313972512,0.037750656181286285,0.001488737406549999,4.013613400850204e-05,0.002341528686957832,0.00021419450632379538,0.00034571810449698324
3775,0.0037619003364268502,2.5322961564536873e-05,3.3701705861270187e-07,0.0037760896013407505,0.0007482710691114963,0.9979953648409072,0.0007619271066633197,0.0020784708579626495,0.002157320278769831
3776,0.0032138977786561876,1.4404159929628717e-06,6.652921046829947e-06,0.00688958725166834,0.000820951458730227,0.9975994716349064,0.0006177253981696728,0.0016917360894580416,0.001681390781599134
3777,1.0863256027994005e-05,0.4864214955570356,0.3424534682273596,0.14510274147187122,0.0003608358117163273,7.492551029006889e-06,0.005026444046648531,0.0002844606064192743,0.0004741127750263197
3778,0.01036200905779202,0.012258364217536984,0.009168704795951225,2.0301161945161543e-05,1.9664055119938624e-06,0.0004609106818794503,0.9962201181094655,0.015868476534713932,0.002011434632672204
3779,0.0012948309151810157,1.9385774991894774e-05,0.19333013771289917,8.660832526039863e-05,0.009986793885559644,0.005441257529237951,0.00014317840525306937,0.0021554551021798186,0.9773439966608136
3780,0.008700378535906684,0.00010195666642328312,6.525382815004396e-05,9.210595154263438e-07,0.017825001632133654,0.0015267511632663837,0.002209770382662668,0.997719356752788,0.0018085091699737478
3781,2.490670090454861e-05,0.800232953158361,0.14417707575404753,0.061658602889215416,0.000396570270708322,1.3210175031430978e-05,0.0034950698106314937,0.00017542678094538332,0.0038565022751524025
3782,0.23013364210978912,0.0082164042330347,0.01971355696862349,6.348147423199406e-05,6.06501925118645e-07,1.397640030272813e-05,0.9979891236273583,0.003994254202385935,0.0013061364994861595
3783,0.09734002998718375,4.7470157716875256e-05,0.00019076555863039527,5.485303894401751e-08,0.0026861280357227883,0.018351495932641862,0.0048065971160145965,0.5087974839710868,0.5420656755173043
3784,0.10035861824679458,3.803849404713144e-05,0.00010735575344072838,1.1725901799545566e-06,0.0022129228853912486,0.005292262425463722,0.026146239288898098,0.8780246075218034,0.03762724783234901
3785,7.345476635517114e-05,0.6479504136102405,0.3213045022447715,0.0014890759153780159,0.0015907550655143209,1.867531768216555e-05,0.004393274362879038,0.0005031510960375377,0.002757091569743989
3786,7.158674063203667e-05,0.7248114171033232,0.16527499985925373,0.0003120727725909381,0.005378541829905827,2.852807117292236e-06,0.009729126353862593,0.009149937030012193,0.0023173759651762852
3787,3.092492130727831e-05,0.00663337758848052,0.9576021972797166,0.0005185140280607816,0.0005085368925360316,1.5147392911988094e-05,0.36776992738899655,0.0011717949520966366,0.002465771188162901
3788,0.00010755146648975001,0.009284777085557961,0.001059005532736836,0.00022918694455167446,0.9947707490033549,0.0010870248675583633,9.925595430344185e-07,0.022587070435455225,0.0047648034337430005
3789,0.0045093491539313114,3.568048952661227e-07,9.071010593332123e-06,0.010275982017174438,0.000160761720882736,0.985526127760087,0.003296395985054523,0.02269007154872695,0.0017798546644194801
3790,0.0016644032741483141,3.800653597081583e-07,3.9205300382529934e-05,0.007927160001047198,0.00020257568665274763,0.9973188667985445,0.0019582788625690057,0.0041640912145605715,0.00022809504932525237
3791,0.0015576131178092944,1.7321318546020459e-06,7.0859779871084095e-06,0.006493163634147247,0.0003188091269792958,0.9985497937458159,0.0010462000380414207,0.0009136339556287829,0.0007768343569438697
3792,0.013568617055745025,0.0017830934311691535,4.181375480525675e-06,2.47462374189415e-07,0.08125904541867272,0.001083931350452402,0.005771934288774445,0.9980513170223261,0.0008440376909147071
3793,1.523199306024696e-05,0.012723780415157001,0.0073339415136986046,0.00017738439425427606,0.9605404170106533,0.0009715136646465678,1.708786925871676e-05,0.025161169193552612,0.0031546589268462966
3794,0.002565535488010628,4.757605791862738e-06,5.726403017626239e-07,0.0008928207031006467,0.003189744319735415,0.8990369666619153,0.00748202312950212,0.36203161358836633,0.0003705556680629245
3795,0.004068002927589104,0.0020871310024944746,0.00016078244644706532,4.339146255694848e-05,0.004836763522646583,0.6603550904073366,0.0004342768140358728,0.005528941760112626,0.008777073005777155
3796,0.003284590035088489,0.0007950831595957786,0.0013180592607728886,0.0009785667140280333,7.049825446740627e-07,0.004280962636894647,0.95202123317291,0.0173769294426241,0.002359634616530801
3797,0.003842047838206864,0.00011430177423629083,0.10812840930606064,5.184907827402564e-06,1.1958386182354168e-05,0.0002987335281253222,0.9374295894538291,0.3658239238127044,0.0036717088536587675
3798,2.6562968543668187e-06,0.07869821071930104,0.2614671506738425,0.7886246277596962,0.00016505445028007916,3.666264445096816e-05,0.0009537720484023538,0.0002222939504295918,0.00012184312001346116
3799,0.02859600480820425,9.766757317702936e-06,0.038547826061757724,2.9811546821193026e-06,0.002892150750516055,0.004329144096556155,0.0007067269839044137,0.023471185657679316,0.9342595960765503
3800,0.0016631930182363802,4.748739147102535e-06,2.5590076610193307e-06,0.005687540884486163,0.0005448779347436852,0.9988633556607674,0.0005815297602127162,0.0005917906512318138,0.0017368931021569224
3801,3.167417022558263e-05,0.8866288678096839,0.09777867490045326,0.05992325900710914,0.0004889333145983048,1.961582540282327e-05,0.0030166278468160314,8.605470406963553e-05,0.003949799624468066
3802,0.00014806719247773413,0.4945366127870721,0.08202685458223803,0.09233246916238175,4.866297403742591e-05,0.00023980910257999886,0.006646950413024169,1.0565784081189205e-05,0.047870184996741436
3803,5.7499588815899375e-06,0.9900227002341669,0.0076124642786538355,0.01398056229575391,0.0014717238215651823,2.7637901823525487e-05,0.0023532727049888715,0.00032025983852088775,0.000723414147064663
3804,0.0019585880219432387,1.7075426013898753e-07,5.480923503243864e-05,0.013018671016334466,0.0003936701909435695,0.9980260472190406,0.000973953152385718,0.0030020448570275715,0.00013214785688160744
3805,0.00043507847685297696,0.9782286932919623,0.022369173554897412,0.0056162572284397935,7.03617020318349e-05,8.394766254428875e-05,0.0156380453153522,2.063459795105625e-05,0.14450022872170887
3806,0.0004822925746192257,0.00031275582811932714,1.5114037718202793e-06,0.09584950940143833,0.02251505848876591,0.9313674885944553,7.607631967850077e-05,0.00028151992068553593,0.00037376725007815117
3807,7.94933913759869e-06,0.30280020822094983,0.5307728418005315,0.1250427750620786,0.00022395725561440608,8.469543939425885e-06,0.004207874910967835,0.0004441469464712707,0.0004306790894954948
3808,0.010813406698507824,0.00018292657019827898,0.015839074101711228,2.863956827811047e-05,0.01988974587027711,0.0022418625942492157,3.693269601476983e-05,0.0019845063682940134,0.9907980845516192
3809,0.0028249080934320825,1.4215978834369444e-05,0.0006528438743314669,5.736447047216469e-08,0.012909699335018602,0.0006865011200722904,0.0019478136555354303,0.9969001651264587,0.024013837703921508
3810,0.001553983676960409,1.577175058484368e-07,3.632730515537438e-05,0.015332055339934347,0.00011452165829405343,0.9954229929253681,0.0018006278486845247,0.00547582988095426,0.00040571977873608725
3811,0.0006096496461820604,0.013872805286732678,0.00014449031683139854,0.009030703997432181,1.2484990549781545e-05,0.10564815720339292,0.5852282960649752,0.0010118196435564162,1.0460922368709858e-05
3812,0.004693818808763716,0.12765525129683378,0.003808690209169484,7.04996228086417e-05,6.452650385931373e-06,0.0018838345948386497,0.9833184361008135,0.001371893837802512,0.00021734977248866446
3813,9.941118748774335e-06,0.18950548107061937,0.8177297201165943,0.09701139477049724,6.320732154419316e-05,2.5915664601008126e-05,0.0089025177391937,0.00012233219214122189,0.0007566857124563682
3814,0.021560932423255432,5.551175581367252e-07,4.9032338990539545e-05,0.00043785156787816697,0.0002707860920599055,0.6019977975923445,0.007076625508012737,0.029222975716599334,0.09416805273290804
3815,0.0017597118972787435,0.3930892833359048,0.021662379961184457,0.00027455441584880633,0.00021632112774365355,0.00020926794244039627,0.012059281214021219,0.00011568328560807405,0.9224688104983828
3816,0.11555986195446383,0.0031451894901727414,1.1580905422706628e-06,2.1981352395936503e-05,0.005852657374562382,0.005802559150524579,0.0007420540566575062,0.9342501685303081,0.002073686115608197
3817,1.0984062306993398e-05,0.9412212194189252,0.0009883759195761798,0.3430619059132392,0.0004262352990217753,0.0016483582455884883,0.0014392476467496324,8.05699227751235e-06,0.0017995342432450781
3818,1.5994483696633297e-05,0.05585731241429204,0.6093500504502514,0.000887912459700542,0.007963499447256573,0.00020921714655237176,0.007377579515180903,0.0015137704259039337,0.001353539456480322
3819,0.010964911653065658,0.00017731876948643492,3.0625796572124165e-05,1.3277591173580208e-06,0.0287872385496742,0.0005164733785083708,0.0030006582302353896,0.9981203396131046,0.0011570668583122652
3820,0.0024656408160183196,2.2287657750322092e-05,0.00024705004861886925,0.0008382500100485252,0.000983284782673539,0.9739015590194352,0.0010328926142060464,0.0008134677717139988,0.005248460198509643
3821,3.7990009389203853e-06,0.3916226490350544,0.6367367015479207,0.016096443200305042,0.000274349340470637,5.317076909690942e-06,0.009144298683069077,0.0012144656305975606,0.0009368115179547903
3822,0.011785945411570473,2.020247181957941e-05,0.0008176102198074402,3.4111777661049016e-07,0.0036673765208345074,0.00140385574452682,0.0025297349806220016,0.9805915588023622,0.01736775959029573
3823,0.0011925817919250371,1.7029735274228707e-07,0.00017961762406309485,0.010542127157902358,9.974530194963091e-05,0.9958309393062724,0.004611332476080656,0.001554035780854367,0.0002069213226583021
3824,1.9294740139907736e-06,0.4670227071376343,0.6535991305071545,0.009311253119143607,0.00018969433733001653,1.1118590114394747e-05,0.0012084459117517995,0.0002520494928117154,0.004927127742583389
3825,0.0017758678624202001,1.0866826722845285e-06,1.0575407154142872e-05,0.008971687444575919,0.0004391173415049822,0.9987222959141492,0.0004934931278936792,0.002088559135003219,0.0004309538416241579
3826,0.010100738322232348,0.0012468703818722681,1.1932777932877828e-05,2.4485694410864364e-07,0.05568785351937089,0.0015018963893200065,0.0038284097075896428,0.9967474523363092,0.0011506458856373487
3827,0.00011552646021298757,0.8625789849046178,0.06000489368344534,0.045806240068772645,7.483834581048072e-05,1.286612891915931e-05,0.00724283268941071,0.00012020419291181093,0.007657560179369576
3828,0.0005443590129972397,3.1781950198793644e-06,0.00031195206853142294,0.023810455499206542,9.860853144486393e-06,0.833635289653762,0.053468584266724926,0.002172655240449583,0.00016403846894102537
3829,3.4195215217226407e-06,0.9281017077788418,0.0764253953289112,0.005450170737488286,0.0017535936808224907,1.1521543646735089e-05,0.0022580221896798323,0.0006091038793126539,0.001125016903579177
3830,1.1485229308936473e-05,0.9984537711283009,0.0019697483450746714,0.005276599637299087,0.0027023151593083333,4.202486587157173e-05,0.003229720690982628,0.00021598724111326163,0.0015450513637578877
3831,6.249976975422263e-05,0.3973219613200894,0.5512176263297159,0.0013042420694659859,0.0013786467730541013,1.5743594978204557e-05,0.005314685972165876,0.00047805961081915385,0.004244134541191851
3832,3.8005141614655034e-05,0.5202290462441976,0.345978093794859,0.0530822038490892,0.0034532255736929142,9.301493801769156e-06,0.007450442167737414,0.00034308927660075297,0.00013048142676781353
3833,2.1373219644969634e-06,0.08611826242355933,0.7773030856250657,0.016762442832375036,0.022555258949857382,2.1095140075565697e-06,0.006121260319424874,0.012744578050826095,3.762496356547047e-05
3834,0.001188702666294193,1.5971108857510744e-07,4.192373030177649e-05,0.012388481487329411,0.00014411437436157232,0.9974467264363208,0.0012947227756535586,0.003932281317930743,0.00019854194444807183
3835,4.241735340229382e-06,0.010486539927888776,0.09926981332037745,0.9499591058970698,5.030417717020785e-05,0.00425291416572533,0.0009449990919932087,7.826796127480888e-06,0.00032397287680751484
3836,0.007143166626362055,0.006228712726746603,0.0021270934871211095,4.862944326243474e-05,0.018015708969885705,0.022495746979244145,0.00034249016865965816,0.0006661999295224061,0.971783304662157
3837,2.8635232680229456e-06,0.7142237388881814,0.33888626425594554,0.014944887083460584,0.0002322071656071348,9.346078378194705e-06,0.003081729583043193,0.0005516808265030573,0.0017237369905100256
3838,8.28938579451473e-07,0.8457829134303575,0.21497380324847973,0.0012494524589732393,0.002181804066494785,7.3298139127111885e-06,0.0016686786116783604,0.0027228883319057122,0.002622810875511826
3839,0.002131607980442799,1.1724898955834317e-06,1.6897689359245015e-05,0.005828729964996281,0.0005664401634060755,0.9985005326858619,0.0007105103648785138,0.0014741277011509524,0.0004971636653683053
3840,0.0010723273861926274,8.518650291273265e-06,0.0009643592584531794,1.658248249287087e-07,0.011228472707380224,0.000697110774355907,0.0005740513298001428,0.9993776143196843,0.0025608934428490056
3841,0.0014031047119863417,7.107114574489732e-07,1.7255505103345346e-05,0.007598048612373694,0.00021707665024683372,0.9985275191274567,0.0013402485649423117,0.0018189026487251089,0.00030358735343407505
3842,0.0018065351412481325,1.0072321795015191e-06,1.610717833667912e-05,0.006478102094683029,0.0002908413372876151,0.9988585893576772,0.0010175198860499684,0.0015184892364229776,0.000495427509891653
3843,0.009141169144394135,3.7941754191056677e-06,0.0813404632918964,1.354195588332763e-07,0.0014839528405951319,0.0006882071186873794,0.0324725942175575,0.5701388233913958,0.2725449171206819
3844,0.00015895382996845646,0.9537842018137249,0.04208844516866118,0.017717151564588546,0.00015633916260002993,0.00032249017571807056,0.0032052705335715212,5.479974766882176e-06,0.036642267229865536
3845,9.122387662857098e-05,0.01626574154756365,0.0015029456724803413,0.00021676570483839398,0.9912323192721098,0.0006875467913612395,4.9218676059936556e-06,0.015422789087588219,0.005670546909312524
3846,0.002349819791616446,7.142381241758947e-06,2.963905614438431e-06,0.004413885057725466,0.0007939361498842415,0.9990486315943435,0.000528300654168359,0.0006345654011687391,0.0013864094188568423
3847,0.005531278624513326,3.820788591505301e-05,1.7844199544365017e-05,0.00042575650347629327,0.001629276426702868,0.9926380156543054,0.0009845320857678943,0.0014539682251105913,0.0026560188266153
3848,1.7056741866280915e-05,0.6021045718441748,0.016549045048351682,0.0007901347347987026,0.6608729478397922,1.6289274455420727e-05,0.0003574774229238385,0.005218380146468238,0.0009947559922638017
3849,4.01192901729486e-06,0.28444075827947296,0.5579467810928296,0.002318724599147902,0.0005865319183187227,4.3214221058720486e-05,0.002377943711144435,0.00027832569946431357,0.0198081198078852
3850,0.005980666539228067,1.6022619004210638e-05,4.685989699463923e-06,0.0028519722411815356,0.0009875751276822076,0.9873187710457352,0.0008908558647631041,0.0019881724811780877,0.011218376583370286
3851,0.025090005536183523,0.018374144934968258,0.017144992285558658,3.898368315029783e-05,8.805038917946046e-07,0.00013768103274443025,0.9843207038509582,0.012165355724519619,0.002226342782792386
3852,0.0231112688135955,0.013284357029715163,0.00035503831789409816,9.257906998659937e-05,0.008293759233973847,0.01746945061624162,0.0007419372953149128,0.0006643862655261184,0.9671336794898565
3853,0.0014065383862487395,1.3204716126493215e-07,3.265472574368648e-05,0.01376647733380207,7.997984932109669e-05,0.9925098583485903,0.002805495625061756,0.008252169546640348,0.000585432671861813
3854,0.005503464236596157,4.682938388890505e-06,0.002417905589549634,2.8574946351127585e-07,0.006240555323053276,0.0030726199994923335,0.007577155095989836,0.9916927718073913,0.005249341900947255
3855,0.0005502646291545809,3.7296596896334076e-07,0.0001083708005809484,0.02241615130310699,6.448585408830953e-05,0.9934967277429833,0.002568564435884013,0.0015192305004724208,0.0001732182900536998
3856,3.847664381868439e-06,0.3746691841679922,0.5564662413486247,0.13946148289239396,6.550739217756346e-05,1.7557238861017467e-05,0.0039031943627471067,0.0002968003726640771,0.0003722142853834892
3857,1.1228033675459067e-05,0.9476653574536387,0.0682231873969708,0.025701381457876333,0.0006006561896381992,2.0759288479697862e-05,0.0018210641138300429,0.00013349871515157786,0.002856659347436814
3858,0.004716794669323028,0.00025060835599046,0.00018003279550271432,5.45894165574091e-07,0.009702628143916639,0.0007060314528984318,0.0023030831993977527,0.9920815453492783,0.003098201740532776
3859,4.857025341562031e-05,0.7486669736781119,0.10853928629679617,0.04613934547202464,0.008628159710439813,2.139196706336285e-05,0.0034266057037695584,0.00038530857484207314,8.526106718705545e-05
3860,9.858814463741761e-05,0.012805306884894898,0.944860984842713,0.00422904406010027,3.267111007096019e-06,0.00015405444935118038,0.7335682336675435,1.9041310243969356e-05,0.011498688870582086
3861,0.0040077885045976605,1.496768443031707e-07,8.444313093270484e-05,0.006013960742203278,0.00011245863699684805,0.9862388498573162,0.007408159077798447,0.008638591515519344,0.0010122186073086691
3862,0.002370685882070538,2.119488464964657e-06,7.364859093796724e-06,0.00473958114688379,0.0006197260498111532,0.998691108082636,0.0010778357794051488,0.0007794055449337137,0.0010527324887235126
3863,0.06940014903935514,0.0008949286927905008,0.00039083071541198074,7.166418174328901e-07,0.0027249980945914637,0.015783841643627745,0.0007282801233064274,0.00899323979954412,0.9666550755046112
3864,2.6545177411585858e-06,0.0007819910798530005,0.11992360935352547,0.9652544563786282,4.3783600984792806e-05,0.002812825701969232,0.003876382440482448,5.4202468263838775e-06,0.0003851392539305301
3865,0.002464071539706539,0.028752579420282143,0.019275667200396657,3.08037900861989e-05,4.631169384771473e-06,0.00017663254947623456,0.8627050623417938,0.028003342509614018,0.00042732735091486647
3866,0.0049481539084549,0.0007403978001183673,1.1461077129332857e-05,1.3758052189829755e-07,0.08264694787544653,0.0011455760643362767,0.001286668310428169,0.9992447968155621,0.0007129924896542527
3867,0.002106013636345952,2.720733180428164e-06,5.963954267341608e-06,0.0055544943065392325,0.000415951084407667,0.9986467799550368,0.0009971566484010751,0.0007523344140424487,0.0011617403318392124
3868,0.0014732914341313136,0.05790818338029973,0.04482101058640901,0.00013480884804509982,0.00034337775773432246,0.00036297628557711625,0.011494247551337457,0.00019901927031022344,0.965184667162162
3869,6.88194984137053e-06,0.40055679473787226,0.395855746579032,0.11793510451624592,0.0001498285169412135,1.2088969074405713e-05,0.0056112729260979115,0.0007018166340163222,0.00016995521983399658
3870,1.3065731466489861e-05,0.9168119629063074,0.07548668105242673,0.0133713188480504,0.0016734122641002005,1.0617416168332931e-05,0.0024484688088455553,0.00019129815582516138,0.0030444851596778608
3871,8.387202432840649e-05,0.044570889838453434,0.40599822074441344,0.0049825337546619735,0.00014819657088369122,2.3655248554290536e-05,0.03065634968191569,0.0031367573926727034,0.000282837582653715
3872,0.0016568834687219446,7.03934494512526e-05,0.00015206190186694998,8.169762608169675e-08,0.050605939843379626,0.0021091951673415242,0.006126677300635744,0.9987156077600947,0.0006509387447407641
3873,1.921730107330641e-05,0.7441064305713052,0.12474044982465038,0.10432798907987365,0.0006282025192276497,5.452480454431856e-06,0.005423846446463604,0.0006985357253998422,0.0005475115486640638
3874,0.0014875060706311695,6.430194121361148e-07,7.688791558302621e-06,0.013432026057163333,0.00040373912900031327,0.9974535529203774,0.0006280374844535062,0.0017278801850109306,0.0005081569318740432
3875,2.712931843892314e-05,0.26859797636174054,0.01491790118617336,0.0006133284097864424,0.8534153591655499,2.601284776399517e-05,0.00012105508943541242,0.0067803196982562965,0.0014050392084880828
3876,0.0006801612568609699,0.03653651085721823,0.015457459176006131,0.0006098598712375266,3.964538768157612e-06,0.003687018155454915,0.8741668261871183,0.0006087669879103057,0.00014131343441955798
3877,9.596748603638227e-06,0.18038530979018247,0.8005395510461785,0.0009047999829059753,0.004602321417273121,1.5225846032324199e-05,0.04588290515087427,0.003673152871430329,0.00045402101057835973
3878,0.004240902966795993,0.003209734716339625,1.869117411029283e-06,6.37719516624183e-07,0.13940685242549897,0.0034702604512554737,0.001267044482492707,0.9984979724938383,0.00015464762682683542
3879,5.055936557390569e-06,0.08713879797006135,0.8513560106228302,0.03893550022923319,1.4414682442529021e-05,4.335338228212179e-05,0.042932506277271,6.622203358291597e-05,0.0016671109999284945
3880,7.32120912896608e-06,0.6977670219123179,0.24057672101496583,0.080110270251884,0.00022384778637333494,1.6593025889146718e-05,0.006622693954591066,0.0003335685765700509,0.00024556896020312273
3881,0.005639830758206924,7.067271434345969e-06,0.0025158693393033172,0.00016337428694687648,0.0007017480851499244,0.9126758582380419,0.0026343198481711305,0.008914524534152438,0.0009253870920495354
3882,0.01980479779960498,0.0030007493179423994,0.002679845992022933,6.547284979738409e-06,0.008073324284664198,0.010443416785305033,4.6292034583705545e-05,0.0010900107033914779,0.9897217087506631
3883,0.0037870682574922734,1.2226618266347652e-06,2.06025385239693e-05,0.0028494643855364707,0.000549096024069898,0.9979571098640816,0.0029579301174901445,0.002025403912558703,0.00024537258286655515
3884,3.030960685477302e-05,0.4189500422382902,0.5172905870144817,0.00075216034349809,0.006258221708450085,1.2980666893783355e-05,0.011971089044020037,0.0016998815590002394,0.0012996039475660912
3885,0.00013510170397695233,0.8500353541825248,0.04476916159809782,0.025160413146982682,6.428818407341522e-05,0.00048403963987317703,0.006217700576266533,4.687029227475295e-06,0.09962980146439918
3886,0.00042288296411322385,5.38612663983117e-05,0.0007186575389456214,0.08149720997655915,8.274980124425119e-07,0.05220007398294089,0.5920673517065852,0.0014242470085588555,0.0004119752369338885
3887,1.9225442538987474e-06,0.5555933187940924,0.3099252252213957,0.028524827070387546,0.00013636856288657157,1.7381126078648283e-05,0.0015963422205231021,0.00030658107368256065,0.0022173166693467434
3888,0.0016154474302103807,3.788082725770898e-06,3.2840894276403136e-06,0.005687225285532705,0.00045092422568327427,0.9990287161897283,0.0005584989378349209,0.000826262630322786,0.0010080786349959047
3889,1.9067167842453703e-05,0.2399523184443752,0.5270477928291175,0.059367587509085246,0.00016271652876067335,2.1285585774230378e-05,0.01257206451660709,0.00017583477391352857,0.0015177743750076115
3890,7.268756734079525e-06,0.011588349757502175,0.9833252554499382,0.00037030345651065756,0.0019620231086015082,2.6912034892898398e-05,0.07529882364347237,0.001265597403331314,0.002200263654035095
3891,9.604064388570905e-06,0.8495849317014031,0.09897715896255276,0.02240025398554735,0.002351701115194917,9.608908913462644e-06,0.001880772896027574,0.0014010341797136866,0.00017229551516795538
3892,0.027522873019899,0.015240916398840289,0.009366653360753313,5.327593787227879e-05,5.09137692482326e-07,3.311432641237187e-05,0.9970914705999339,0.013483835353372385,0.014223901856113007
3893,3.0032487745699115e-05,0.7748743563339395,0.3828758651721736,0.013006625767746806,4.6140495296411315e-05,1.4956361843121449e-05,0.028504410455851236,0.00012441170251431725,0.0013935447820841726
3894,3.6613146681362704e-05,0.08334177592552175,0.0251556169683196,0.6734483006059442,3.0036707946892147e-05,0.0053722448346593624,0.0029269101940511515,1.1751586962281975e-06,0.01658222050378876
3895,3.4731070074145e-05,0.9270354678949847,0.04069193756479261,0.01046910280140756,0.00014196189273795663,0.0002927364863380245,0.00679813933940968,7.348394498166809e-05,0.008724806032927067
3896,0.0013267304892738104,1.357923086002006e-06,8.410065363471431e-06,0.006371428568633373,0.0002508593140139961,0.9985802986391487,0.001292574981412328,0.0011703292669245713,0.0005513708964661998
3897,8.055909712840883e-06,0.2368299970593289,0.7140441825317427,0.036662328686063846,0.000577324910535712,4.853391329532638e-06,0.006655338279742282,0.0005796386669151528,0.00020970022469064974
3898,1.69455655033704e-05,0.998514702620638,0.0013260730062642113,0.012019685378509419,0.0023124354581836037,4.221928840605654e-05,0.002482219980834708,0.00012136488496533208,0.0013339811876997216
3899,0.04987153247599649,0.0008968375129251989,0.0005777748668784632,2.456566985967461e-06,0.004159149220883297,0.02147946799859717,0.00031865244903530877,0.003048249724820613,0.965508177839451
3900,2.3588440017739478e-05,0.29894653888890527,0.5929581929006267,0.08306377187678234,0.0013609015315306987,8.28200137494142e-06,0.008224928858996198,0.00036639767205211916,0.0001488999776075457
3901,0.0022628765235432778,0.0001282438156546073,7.300230812128407e-05,1.0821230953740907e-07,0.04284889822652492,0.0009351811209277671,0.0007675868117535389,0.999451470005951,0.001108907580711007
3902,2.0517999554509532e-05,0.5090887084313475,0.04110766591813316,0.3283518459124225,0.00020777948225687975,2.6755113200598157e-05,0.002435712070454459,0.00012070776426756867,0.0063068571978676085
3903,0.0031702296332998692,4.782559509714619e-06,0.002579499009952409,1.3419709451559157e-07,0.009007174532700727,0.0007290003239018237,0.005399146288166312,0.9980879069305536,0.003862202919920222
3904,7.991454332202402e-05,0.14953891912091322,0.7792556800918816,0.0004887589331529094,0.0010222236746744596,8.88174029008922e-06,0.03934993681780701,0.0006553245883611459,0.01827505409238498
3905,0.0030373827781426913,4.906121437210132e-06,1.2077563630249586e-06,0.007578659173249092,0.0013687365384308422,0.9983156804399143,0.000627615282387394,0.0021438975484376287,0.00013797102759414406
3906,0.002225946478392886,7.667349348761338e-06,0.0014334156299953594,7.574614910862809e-08,0.013902675088056173,0.0009986478052334527,0.0016744050559410308,0.9980055541577629,0.00850228839375701
3907,5.546145345032892e-05,0.005155911130042044,0.0023210737106751558,0.0002694791064531619,0.9935383873602427,0.0012490056596936633,4.116338440092002e-06,0.023357210802015523,0.004318820762370257
3908,0.09579531683073063,0.00037193735171192746,0.00037902075204616247,9.132809085062714e-07,0.00178314968012338,0.028822481676895675,0.0012285125657011987,0.01336886975852686,0.8240633786978703
3909,1.718128254997007e-05,0.1790481072793094,0.7265910360427745,0.0006417334009893716,0.007100917086661729,2.709892848554178e-05,0.018398133618433503,0.001953893952916138,0.0010081223127556941
3910,0.003426523300295339,5.098675732809082e-06,2.8111323403473136e-05,0.001500533127656645,0.0007692185025465288,0.994654820736112,0.0009078698702332639,0.0025486935805485787,0.001006241412020283
3911,8.879048874812118e-05,0.9375257505609793,0.03898670087181221,0.033019448124016075,0.00010371160429258479,6.215864330179649e-05,0.0036779503576689025,3.337412165323367e-05,0.01227692881561372
3912,0.06243816148052646,0.00017292199976747376,2.1947859962440104e-05,1.185953313712009e-06,0.00680902533471715,0.003979576096413081,0.00803735179386198,0.9578849527056108,0.013716806566611915
3913,2.253824050057266e-05,0.48143601793940694,0.3957491178409224,0.029391094079604045,0.000606027531992222,1.3979516836161343e-05,0.02258405448808863,0.0004146276846506761,0.00016080861982695807
3914,0.005415341000527505,0.0029967419301531986,9.55991157408622e-06,3.9584999742704217e-07,0.3531042097207736,0.006368905260647168,0.0004889413197210745,0.9843417575902444,8.730408191367741e-05
3915,0.7093488465024479,0.008642099376922414,0.00014203078470255778,7.769264582518082e-06,0.00044053405889378207,0.01970043263517138,0.05184013077896987,0.0008334950522730724,0.006405372361159193
3916,0.001673182140098685,3.6229862767061293e-07,3.742612001974543e-05,0.007920048969727896,0.00024042813896647805,0.9985697002806243,0.0012851042794137823,0.0016112287963368445,0.0003620742795094878
3917,0.03171020141173678,0.05866673690898348,7.047896643065695e-05,6.999343879573288e-05,0.02485141286946182,0.04024685345109265,0.0002666691073024884,0.000740303575740581,0.9474769291909758
3918,2.3411493807451018e-05,0.3072551853129754,0.6386522286518956,0.0021729486085359626,0.0028305613611499933,1.2398471897398127e-05,0.07645649228499725,0.0021528473768714445,0.0007472167661467843
3919,1.0666303437983371e-05,0.9825874173591193,0.01169241829570959,0.01811675810312715,0.0008606575953340625,6.071751820470359e-05,0.0020680629934632703,0.00012177249601600672,0.0034536947027415934
3920,0.0019911681792183634,1.5007178922818381e-06,5.740138503571407e-06,0.00852255012317265,0.0003852893600138425,0.9984585741895666,0.000551852635464236,0.0024202125513815204,0.0006731897906509754
3921,0.07254822794566147,0.0004182290455011014,7.262947605850824e-06,3.4751607104162267e-06,0.006172380663425049,0.0029380781057104844,0.00393600327275691,0.9501334291380035,0.00884578618188568
3922,8.25942719789818e-05,0.8983832979404791,0.08359470912382043,0.016612659441830067,5.098157716789474e-05,0.0005018591102570609,0.011766462937081012,5.818656684355139e-06,0.06629607110555592
3923,0.0014365389517056295,8.554398105449368e-07,2.9556053486910833e-05,0.009440038281356845,0.000548718404737001,0.997975174440303,0.0005131813436733849,0.0024340226010765628,0.00022992750595187986
3924,0.004930392905375932,0.00029124184892996433,3.7701094394307594e-05,5.238786690461153e-08,0.10685892392606895,0.0008556402567799325,0.0013091927196177827,0.9993929150968011,0.0009736622746991652
3925,2.7021989765527415e-05,0.5884371833799809,0.31052358425660814,0.09233673033165779,0.00036134236689803275,9.168298650954152e-06,0.00340297108399728,0.00015515694528758537,0.0020124207839744006
3926,0.05633715850858077,0.0005852395885717898,8.997473790174857e-06,1.0273651510294578e-05,0.0066684399783871326,0.0014629682996068673,0.0021291070378928,0.8983729287643837,0.011317041783286547
3927,0.0010389095960879574,1.3404672100093174e-07,3.834149429338018e-05,0.0162298134575947,0.0001852373092909197,0.9973598551910487,0.001018384167598606,0.002506908101036651,0.00018029602107754038
3928,2.0298973650928096e-05,0.45482876902204605,0.46815376847494783,0.043531383636604984,0.001265088498476265,7.141750323380356e-06,0.01695284680104228,0.00047638882784451533,0.0001428684300556463
3929,1.5880438428117254e-05,0.06653779521309933,0.029135583630731723,0.7509765586534738,4.009783189168874e-05,0.0268181705597211,0.0024272171298306325,4.740719780648128e-07,0.014254319328391985
3930,1.4307900088138294e-06,0.07023927681299576,0.3902950056165922,0.4701374610829904,5.70452250735285e-05,4.578087531405494e-05,0.0029525851311676134,0.00015704993647091124,0.00020750863268683374
3931,6.366579151709114e-06,0.10581883223569688,0.8965686817032468,0.010062216152104463,0.0006915996160075068,5.518442521173869e-06,0.0055460489656368895,0.000753193184330241,0.00027767300356379404
3932,0.001999800879608986,4.065195722365441e-06,9.511593325248877e-05,0.004654516517399244,0.0014452343926217703,0.9942814212014691,0.00043893395091281113,0.0007488883970104644,0.001269439448900669
3933,1.1861623223005165e-05,0.7980873610563338,0.10694769508243816,0.14382859761913194,0.00021626429707932327,4.7681228785401194e-05,0.0020057764832525026,7.99178844715548e-05,0.0017881511026247307
3934,1.4867459423743477e-05,0.82984011348846,0.10629116136364879,0.08606248238114189,0.0005700341032558136,2.8416421045821567e-05,0.0017758053446381198,0.00021265086461939254,0.0007619190530470364
3935,8.213031442827789e-06,0.3802283038962575,0.5562154311937576,0.001049579249007688,0.005447202331383249,1.0508906362717304e-05,0.03569727353960426,0.005013897636436674,0.00035271429095502685
3936,0.004771737643791235,0.0023090745450902316,3.890123602189742e-06,2.931060307434306e-07,0.11684984299675111,0.0024105864913604234,0.0008849358650034981,0.9987671998748765,0.00025045936357575297
3937,0.0018796519972668708,1.1383941306131469e-06,6.768934269286593e-06,0.007445241160988509,0.000427467372401536,0.9983338366379655,0.0012713028891760249,0.002722525075625824,0.00010521542340595323
3938,0.5798970587321634,5.0246439152991295e-05,0.0005788308718491742,1.3540679669566275e-06,0.0009056788002571354,0.0025927778191584356,0.060641966929877694,0.3585417817076727,0.002782038902499276
3939,0.0021966333246774836,1.1781510733445041e-05,1.1263703964267554e-06,0.0038444766366507537,0.0006715898132479284,0.9981761352143305,0.0008719409286849529,0.0012863299254888899,0.000989231699490591
3940,2.059319611771578e-06,0.8613326014333204,0.06679284125144098,0.0005935920921849633,0.05626452808424487,1.041728910502564e-05,0.0031033195091070493,0.005936549048396582,0.0010124865594466558
3941,1.677745530211504e-05,0.35232670881184835,0.5099319395798867,0.16178042128469775,0.0005459168872629361,6.847050731322627e-06,0.004910911759830639,0.000444362654580679,0.0002463930394577522
3942,2.3760970374394163e-06,0.42780846766450953,0.529628792733723,0.05612662156330816,6.520941555177308e-05,2.0805492914619042e-05,0.0042791234350957755,0.00045426289908314407,0.00036530410216398685
3943,0.0003236811033533097,0.023883773156622694,2.423443768226283e-06,0.061566554000130204,0.002475639252118403,0.8586449269327641,0.0007001347166853912,2.6257760565457967e-05,0.0016929913708679752
3944,1.1818081802869887e-05,0.25602094902620537,0.591945820672205,0.18025295290147852,0.0002181901714998562,6.350467551138313e-06,0.005816139852824983,0.00037749949493695405,0.0005331996175025827
3945,0.0004615057738912503,0.0009685934789554656,0.00011811441812311823,0.012349099855722918,6.080103418945171e-06,0.21718145655424909,0.7087066229735206,0.00036259607424333085,3.686935117752498e-05
3946,1.729818689313083e-06,0.16263592206150376,0.029066115166518632,0.8749107038727892,0.00014135337012462598,0.0002972511284798156,0.0004876773610981379,3.1210335805102374e-05,0.00048672917444177616
3947,0.0005536858441017924,0.05632535054164736,0.03015375866430771,3.965038779615026e-05,0.00016197437267118474,0.00024566327467691454,0.8713334924352164,0.038207963561532984,3.427849128192255e-05
3948,4.227025291877044e-06,0.4048783148583204,0.44620255116959423,0.18506219546977895,0.0001595145853849437,9.452380744466732e-06,0.0023479455964978205,0.00042682636146736526,0.0003852373228139719
3949,9.36850617863631e-06,0.9065797311184307,0.06320541569900776,0.031078389646044435,0.006457021265463676,7.811819572962868e-06,0.002069728514014447,0.001774915740709209,0.0001369241284888612
3950,0.0014402537630403495,5.5583699212488384e-06,5.300058165109666e-06,0.009045783119510568,0.0005240650453843088,0.9981112497634663,0.0004674760822221227,0.0006190977880529823,0.0016871641953031967
3951,2.015468120653646e-06,0.1185085540809472,0.2735519907677162,0.4687860298348543,8.792810237283456e-05,9.673514687503014e-05,0.001088511280591471,0.0001506586106314254,0.0002785369479795121
3952,0.08672042386119995,0.0015302578844787291,9.506154003596907e-05,4.0632395046375095e-05,0.00785498990308458,0.06937536571534407,8.493830291322416e-05,0.0008909009007442718,0.8309195451082165
3953,0.0014025048020904398,2.202068761911936e-07,0.0001665211469934687,0.005838131157459605,2.3166422965092067e-05,0.9089586779294501,0.04464804128964577,0.011049528442386197,0.0013896938863778674
3954,5.6172963648075506e-06,0.9903248292921947,0.01563972813046774,0.008894666312770666,0.00043684338895360946,2.807065196308772e-05,0.003947865448044828,0.00019883538645521813,0.0028026091821714383
3955,2.4939991102491498e-06,0.35709861314439306,0.6854930205993501,0.002739985083217447,0.004797051360532163,3.6844177660049485e-06,0.03157986908342552,0.007468090372500384,7.328249602779384e-05
3956,0.004639630206980822,2.231211682093745e-06,1.526691358054867e-06,0.004965352704535495,0.00017733685719680935,0.9877403631537683,0.0053153354674490335,0.01994306239141486,0.0022798716330962965
3957,0.00013881304055087933,0.004284326868358866,0.0014322215667231647,0.16968553181349766,5.599290283100677e-06,0.04648845357330889,0.16521219748300367,2.6586628901960734e-05,0.002982217814051023
3958,0.00010848006566580553,0.7340572039630143,0.007123844822991476,0.24453860689067033,7.330003957546626e-05,7.659627158048158e-05,0.0016885015214093875,5.43862977074935e-05,0.007053884742490379
3959,0.037706815732493404,0.00943711726640099,2.3497995192271005e-06,8.919010500715373e-06,0.004803535392606519,0.21532988175002102,0.001077909629076598,0.35214231416862807,0.0020854593252761892
3960,0.1389155453195403,0.0010878529395599692,0.0007789555694647419,3.3658876891737823e-06,0.00487258899037028,0.024119712209606452,0.00030518601731320733,0.0018470277715479178,0.8515002715698442
3961,0.00037010918270952836,0.04803133685122214,0.00040092516797189367,8.196819020520821e-06,0.29749007518083137,0.00030234501735307913,0.00010565473971522214,0.39265915614602254,0.2587148236699599
3962,0.0022221443281581587,0.003438241683988942,0.008446128985819682,2.4846081188038865e-05,1.325475498009603e-05,0.000890198091438493,0.9374771641727426,0.0886269978874061,0.0006796193186620066
3963,1.4420115816138603e-05,0.14331087929857128,0.7434548653896421,0.0063043436732175525,0.0006382381339967546,2.0916724695338923e-06,0.006735905576174218,0.002091792954298581,0.00504449097745265
3964,7.461076530521712e-06,0.7584985607049052,0.40959104543516384,0.023792317059852183,7.278799961233322e-05,3.041279187283279e-05,0.018765493081063286,0.0003668089046556261,0.0003395426351713447
3965,0.030409440626188732,2.8474855636292232e-05,0.00013219273337204495,4.6829031963002037e-07,0.0009078783237414353,0.008153347905155964,0.004498413677998371,0.9182780140796103,0.04782735671190555
3966,1.8815815189423673e-05,0.9624763750187116,0.07300430986432398,0.019238031639940655,0.00017892738388185084,5.7755057366370774e-05,0.004633177688420133,5.7663728182113606e-05,0.007681148009625378
3967,0.0012912647986439876,3.97593024199666e-06,1.978151322085361e-05,0.012061888653663859,0.000575324965908324,0.9973923730970967,0.0005266140438680558,0.0003968118698445498,0.0017078339638886822
3968,8.462764983001012e-06,0.4690399896727452,0.27868365036034976,0.16911906749134728,0.00016517107733425844,8.555504070898486e-06,0.004042341291034297,0.0001410665782946186,0.002556830839405913
3969,0.0010230371286566815,8.78328266660873e-08,6.973779633843767e-05,0.01839514956560393,0.0001401068370909888,0.9976834581381517,0.0009935769691167332,0.0025617721314758184,0.00021449276616701565
3970,0.0020682268334152295,7.680293126831267e-06,2.3142414492727316e-06,0.004323206536734759,0.00047954713125731094,0.9984672931055926,0.0009387529353150831,0.0010743782359953053,0.0010256804346226345
3971,0.0028169744433243584,6.302078846489974e-06,1.286944749410368e-06,0.006307917184244912,0.0013209626649415796,0.9986862557469954,0.0004961377363624646,0.0009305321713257343,0.0005335494187923299
3972,0.021764188562853334,5.445084176273503e-05,0.00015076905232130967,2.6721832888204474e-07,0.02116203583419849,0.007707324291207853,0.04011916477027754,0.9704148721462544,0.003109861722135375
3973,4.947204341665542e-05,0.12783126683716914,0.6334722844646882,0.040126553091836194,0.003910516419418317,1.3340353471970575e-05,0.006435264655683064,0.0002852360518340764,0.00026248832102331054
3974,0.0022603327060803815,0.00015354428417414963,1.5410517863010815e-07,0.003129382553907007,0.003560402993199018,0.9814049963623643,0.0002394711601722669,0.031554448112760224,0.0003881531582032456
3975,1.2317639809053124e-05,0.7784710840688335,0.2333324612662181,0.000991877212827125,0.011050511031405395,6.234689490483884e-06,0.010788905624158284,0.006805806683933312,0.0002490463983703724
3976,0.4404183912633529,0.0005619504928914479,2.349095000354654e-05,1.7008521779823754e-06,0.0004921274280333658,0.01069979252345697,0.08383717193326155,0.4555824502926429,0.0527341137427072
3977,0.7638816299572734,0.014647612981931617,3.3926244019715064e-06,1.830038852115454e-06,0.0022189853640910712,0.05233238688205398,0.008375577322964166,0.011037632317139875,0.26129201698176224
3978,7.906410966695481e-05,0.7281625921889894,0.3235280664501571,0.0006247093114459352,0.004596110926994527,1.0341397344369065e-05,0.014916624742670193,0.0012076638409945564,0.0017926967655244987
3979,6.408894615252785e-06,0.9947658622821609,0.00750106351024706,0.003145125379588359,0.002024439463616002,4.7681644306131735e-05,0.004365642799525604,0.0002950291929380317,0.002425463754236302
3980,0.016949436189564907,0.0007331185954043961,3.3821532763713825e-07,0.000343160980458046,0.0018794240465473218,0.2357289092800553,0.0006316562389073345,0.694171970043096,0.0007711457105988199
3981,0.00010609321654624245,0.44578786002782095,0.28803734304314327,0.0020005643536284527,0.0002404035402958908,2.987963777122204e-07,0.00635994377260746,0.004545552325316174,0.077629734729864
3982,0.04154406336526747,0.0010010451037677347,0.0004879192431854297,1.929983380635913e-06,0.0034972592520062266,0.020674109469315527,0.0002639462353549873,0.00501828848699335,0.9731587032070663
3983,0.001223508934444899,4.463184434422481e-07,1.5850857146296756e-05,0.010806579385161004,0.00023647059984723513,0.9983817459549331,0.0009763284624542714,0.0025261732207776505,0.00017750714783689738
3984,0.06357658902359697,0.00018551581268648546,5.956940604040826e-05,5.186055736891956e-06,0.0011474658365033846,0.08358459410202876,0.009116016587107105,0.469374961568361,0.005070589826108517
3985,3.291753858428239e-05,0.052893079419350106,0.002254941280208889,0.00017263571653817483,0.9615964024532053,0.001320566775791233,2.0121184771377956e-05,0.025887285826085082,0.0024988464186631158
3986,0.0019864525946429084,4.1718963205852236e-06,4.967410471985903e-06,0.0037678302050217624,0.0004029766180621602,0.9989155197539366,0.0011593544494430713,0.0008845470345468467,0.001085575543138396
3987,0.007566925486817018,1.1136221627957086e-06,3.5273265680775153e-06,0.005782404939234452,0.0001687454103884693,0.9840826510509734,0.006087082342377966,0.042507287613542215,0.0021344045640537676
3988,0.0010134355593539794,8.530354645615442e-06,1.9427708687129773e-06,0.005568256484768547,0.0002548661006990507,0.9980694933134177,0.0010885072719381307,0.0005489917384351495,0.0014099657255072665
3989,0.0014628525477633028,3.559953316612363e-07,1.6536676012903457e-05,0.017510090245011326,0.00035292639922763526,0.9981433409808306,0.0005095245678858755,0.0027258476833494404,0.00012996192447728655
3990,0.014769034737163152,0.0009205496628188522,0.005112112175026278,5.470806889139123e-06,0.007389709693762253,0.019999090401406676,0.00010989800576485268,0.002003629991074235,0.9888555949327912
3991,2.293173668755405e-05,0.4701351283718033,0.5542784686867523,0.02548603405227989,0.00022592785345014273,1.5488596141376753e-05,0.023795906752073596,0.0003440972849513037,0.0002560286470160951
3992,4.731150672283439e-05,0.980010830850237,0.013116126235618517,0.030314594666341052,0.00014690894899978434,1.7810781234917233e-05,0.009123632022717707,0.00012079669526700269,0.025978282103348252
3993,0.0021631794462864513,3.1815152498466246e-07,2.2243075968800634e-05,0.007412271553134774,9.255640535093328e-05,0.993588054872384,0.005435749539389475,0.007834346758887584,0.0008313080115925135
3994,4.965224899093583e-05,0.03111033201560548,0.9811031827051473,4.458774240846138e-05,0.0034085269924479396,1.3224680667890313e-05,0.02656079120174867,9.577487350451638e-05,0.01551357284033571
3995,0.03785754030998697,1.6067356391777268e-06,0.0026356593616987303,3.292001023207088e-07,0.00026131712957366035,0.01802143061830299,0.02487632774106394,0.7377962562781407,0.15561267554328667
3996,0.009919157263586864,0.0008304111842429489,3.537899725101281e-05,2.5470963072576462e-06,0.014547983483155367,0.0008576248007252918,0.004565352661223401,0.9839201643882179,0.0009546732154272357
3997,7.707819512097622e-06,0.979753579874243,0.00938329944966789,0.0018485798153038968,0.013083696508092506,5.826350785746183e-05,0.0026996396833246852,0.00083045922105948,0.0017461443162778666
3998,0.059548392030353135,2.4204597181486577e-05,0.00018575506677038784,1.2695890673555007e-06,0.024907083929648584,0.00932087852383636,0.00921022088354678,0.8540906890602897,0.022359873176225377
3999,7.262308588020361e-05,0.8520961549016992,0.10084323514186648,0.030763941342399938,9.457943977040633e-05,0.000305008727678724,0.006365326637986783,6.528421864922175e-06,0.032601072353681274
4000,5.212484811833614e-06,0.355804710823083,0.4460137625523055,0.10683448158009894,0.0002321191109909572,8.028011872544384e-06,0.007189694427856033,0.0005123130506416058,0.00024073715251881028
4001,3.4312211966971544e-06,0.3486810439533936,0.0836396634228088,4.8789988260351805e-05,0.004627518695531516,5.025030356652918e-06,0.00837520240987895,0.2837998458429519,0.0010036494902339696
4002,0.007148729955500117,0.0005897085078078938,0.004287963519595795,1.4069274064986038e-05,0.0047365035276118305,0.018668117241705084,0.0001464591044551005,0.0010844507228015144,0.989797338974136
4003,0.01549137691511083,9.905933650923763e-05,0.00012233079599012627,7.904263242416723e-07,0.010109870738864256,0.0006894871210261695,0.017071976297633535,0.9913234736606139,0.003512678450287557
4004,0.0023467406822337295,6.959441327619417e-07,2.8307451720432088e-05,0.005736313417970595,0.00037599425173745254,0.9982658711820237,0.0011876808196347524,0.0013287572832780114,0.0007054432213868077
4005,1.0701586035641025e-05,0.4751983470958291,0.6447758173821005,0.025057365326976423,3.927048878788807e-05,1.9096209474364217e-05,0.05489941653471001,0.00014054266694907508,0.0009661651828781268
4006,0.014536166001823586,0.00031250436227211694,0.0011880377304831437,2.9891979446719163e-05,0.008401591450203824,0.01226476501988773,8.679721646225162e-05,0.0023368251227338377,0.9826143682199053
4007,0.07266236732094189,0.04468599075014475,0.0013879121079445778,4.0855743972415535e-05,5.963438540002137e-07,7.449494736709498e-05,0.998733586162859,0.00191468765375505,0.004024389343245614
4008,0.0002765512832961905,0.9237877917020878,0.006230350400606619,0.06919540627541736,0.0001221127404057983,1.0165418682108072e-05,0.0021503562291360612,0.0002422938735483793,0.016394181420849967
4009,1.1362272156062762e-05,0.7555668978211526,0.09761025444247755,0.1868496232961083,0.0008023887523361109,1.3666502439355621e-05,0.0020608165776742635,0.0003941786784402455,0.00013431683153174244
4010,3.5267467482490597e-06,0.9177294237619903,0.08534895981089248,0.00415789904507614,0.01494989113464409,1.1103135432969388e-05,0.004491396371622379,0.004331130189453797,0.00020155584121613849
4011,0.008667375590297018,0.0011996414475246167,6.622880502160067e-06,4.924419165511045e-07,0.06953563626990997,0.0011269429429299558,0.002220790647047865,0.997837987091564,0.0009205852501428494
4012,0.0029967557337654657,3.126028725792142e-06,1.6581968541672763e-05,0.002298343424648187,0.0004184275350324164,0.9979134729771405,0.0017377005319291398,0.001275202038576941,0.0009715712580550806
4013,0.039617687705115825,2.559398335299668e-05,0.0016259800444415626,2.3113093717927806e-07,0.0011405924058475179,0.0018754629103577677,0.039993442333420184,0.7839133622135117,0.09556232670760736
4014,0.020979249286464673,6.259306840093695e-05,0.0002569639783051004,9.161661893713681e-07,0.003914123392236756,0.0012633688199881466,0.022394964109884764,0.9779073027293778,0.006106064774204729
4015,0.03683399376450877,6.97496472296861e-05,0.00032370066461498176,2.3652170795277204e-07,0.007831867247383573,0.004861402375899507,0.19179473066109662,0.9124384877266563,0.007840371023877886
4016,0.041857937427049324,0.0011916900271922064,1.064616617277351e-05,3.149326290637978e-06,0.00465127475400272,0.0022876264286629685,0.009005789589345609,0.9396714059552727,0.0025490223624958525
4017,1.5806874355045805e-06,0.3426704994251444,0.701011082544218,0.00022003358531303097,0.003302824039911097,2.369444965444635e-05,0.0020708148378262925,0.0021244148489798446,0.00969946536604114
4018,0.0030466736363313628,2.924172867871275e-06,7.346913925745793e-06,0.0034570326026921033,0.0005892207543034074,0.9987247886233724,0.001005429061644199,0.0012930796312683379,0.0009949562236006902
4019,0.004350146162679874,0.010746498586820348,0.931769374842871,0.0005160936555943538,4.173140375171548e-06,3.651828722867157e-06,0.8741555160794119,0.00014455750329862426,0.08875443746826739
4020,4.412382232031019e-05,0.0194641009231041,0.006644173812467161,0.0003740606577041761,0.9722273977814903,0.0002510044003616255,1.7097238931793336e-05,0.01692859710260327,0.0024245139925165777
4021,0.014506773646291734,8.096758287742964e-05,5.8113408944396986e-05,1.1340333962718875e-06,0.028544500423390785,0.0006172550178981641,0.005083507565392232,0.9975676135916317,0.0015670504052229018
4022,0.7184009354594743,0.24837344082709056,0.0002584727015119668,5.495774913396322e-06,1.8731866881476136e-05,0.00010037174929941908,0.8182342211362509,0.002832077269967649,0.0018453285747704177
4023,6.488051540315202e-06,0.28008611933420813,0.5490793370181809,0.02910526207739325,0.01227052087596918,3.6866225095073437e-06,0.005517585564898438,0.0034908297537312827,4.672165414659879e-05
4024,0.0011641429329796434,6.052235687481337e-06,1.6693599572777338e-06,0.0049484472735986254,0.0003246100054299777,0.9985792788222431,0.0008404364674085301,0.0006507727065149786,0.0015141318142693656
4025,0.0008333888982359494,2.478434712801592e-07,2.2206188356031534e-05,0.02077918018599099,0.00018873781803844725,0.9982700733250374,0.00045977750923148936,0.0021561312593053974,0.00017303139811366007
4026,8.527614105966376e-06,0.35256303595937405,0.6212721700420425,0.058485590465582056,2.7654608516057056e-05,3.220816456254687e-05,0.031628840704184785,0.00010357865690415533,0.0010692597549241758
4027,0.008988260350152863,4.781198294175644e-05,8.327964566782732e-05,1.0124705119849186e-06,0.011912553063470655,0.0008612789296181893,0.004823361941996701,0.9968755216753287,0.0035935696398793652
4028,0.018241843525029944,0.0007578912272677906,0.025483705658615442,3.668388674473264e-06,0.01960824469359729,0.0037544050972720105,8.580704588076407e-05,0.0011551863855315686,0.9915505775900918
4029,0.0030316728581718435,1.2933604591775801e-05,2.1761530008042165e-06,0.0025109160882346836,0.0012001309802387107,0.998884917747199,0.0008720178443587187,0.0006675595870783464,0.0013180177245057294
4030,0.0020233005141095323,1.282858795698017e-07,2.237184735524454e-05,0.011880478686226518,0.00010825144895010774,0.9888956725863874,0.0034853858038217302,0.011999419551920767,0.0009696285440529069
4031,8.176167172074392e-06,0.6957006668360461,0.06515258488259847,0.2581095540771806,0.00022731999260689487,4.2832853396750056e-05,0.0013693352226459322,8.849390362987365e-05,0.001876183469638732
4032,4.466139612794791e-07,0.36421764473886703,0.7497119256878949,0.0003356024413725495,0.002533131462649537,7.815475026758015e-06,0.004772990234121601,0.0030818970791345393,0.0034960040349225423
4033,0.0009249261156180398,0.9436303027453252,0.01719022575861546,0.015975403251536072,6.137124033480886e-05,8.501932485222846e-06,0.007279826513265681,0.0001314832141462749,0.07140908065251225
4034,3.298185591111336e-05,0.7740389340764158,0.11803870920104033,0.07790901707932667,7.835095948371773e-05,1.2733375114659602e-05,0.005332447785834529,0.00020150454195807366,0.002831508421840234
4035,3.880554305699535e-05,0.4748508571332023,0.4196714811415889,0.0008597902803621939,0.002735793233144788,4.929102600517056e-06,0.0035227600078540657,0.002276425352894221,0.0034041552152842434
4036,6.53964195191948e-05,0.007444808561359506,0.0025537562889888354,0.00023534931796092697,0.9916769940234929,0.0009295872360774774,5.251880650316745e-06,0.02239135438199188,0.00410447470141743
4037,0.0012487853045427082,1.483265373245881e-06,1.2875406194407646e-05,0.006725489952923483,0.00018805030829252092,0.9982369593078277,0.0016389588905720799,0.0010305960287333939,0.0005998373434372209
4038,0.0010607700201623878,3.817574959801973e-07,1.926552837543113e-05,0.013917186522486084,0.0002254243217143634,0.9986000474796709,0.0005467283019601844,0.0016115364247932587,0.00033322220509149716
4039,5.179297418520497e-06,0.32664746302135245,0.3901666252300003,0.25792759993319975,0.00022995603481345566,1.1104106440646384e-05,0.002382161211653521,0.00043932425300042036,0.00023972874781929253
4040,9.024184160821247e-05,0.004750170314423071,0.0019730163785020363,0.000255042871471756,0.9951309202808454,0.0013314393022284838,3.1025293260542552e-06,0.01905169233244167,0.005201290461215444
4041,1.0386549056046226e-05,0.4990894254181836,0.3782538736963133,0.16855588885759706,0.0005533192293574934,7.826382148928168e-06,0.0031894462904318794,0.0004945011559837045,0.0001174187985726545
4042,2.03946158222867e-05,0.9533162642479676,0.03442858455893797,0.04016691817762156,0.002648077268513728,1.0202442675539447e-05,0.004994961731712946,0.00039606153871306083,0.00033279507691322166
4043,7.688290933253681e-05,0.9692676298177195,0.011926446582119481,0.03409902847423224,0.0026601572715324634,5.8734147252005e-06,0.006650194317624073,0.0006820395686597722,0.0014336296911626456
4044,0.00025435446189243406,0.25572405928461134,0.27018327415017535,0.00036726434686124986,0.0005684459508687756,4.584879467801615e-06,0.009165974072014298,0.005534971355950145,0.025442479361117865
4045,0.014361976893245098,5.79693652185187e-05,0.00015714768473588212,4.839200484396233e-07,0.02639543389995183,0.0343963575913169,0.025837364442194585,0.9595407430155082,0.0011939400148969594
4046,0.004157898620445456,2.7420080508201726e-06,5.736766438610041e-06,0.004344581515193658,0.0005850611804468787,0.9976425289946778,0.001117157592270938,0.0014398702666733648,0.0018837992383231397
4047,7.70863747807745e-05,0.46954575637197293,0.23632261388921613,0.015902670939164542,0.0014905223589057545,8.813434556476969e-06,0.07793271902511753,0.0005614651742878527,0.00011040783951046038
4048,3.872694436425651e-06,0.5848302841166823,0.35391599595328627,0.0017374834185646555,0.01568544039111342,6.9366986923409044e-06,0.011216156397118619,0.012830554325213779,8.474707179304832e-05
4049,0.010956772096175219,0.01297739696237403,0.0019283542111622094,2.5916426359098902e-05,0.00015192006682994896,0.015099939177776217,0.5821331302206315,0.007444744129471468,0.0011956354263945469
4050,7.312151443408073e-06,0.05747057191554496,0.7121497025705875,0.018007041927501015,6.860993177550423e-05,1.2673832111727986e-05,0.0030892283639567947,0.0003819939854945704,0.04788523551544795
4051,0.016896402965419423,0.00038906207630377316,0.007227936161782047,3.085809646480792e-06,0.012218407168689235,0.006283403719747356,0.00014635544163386807,0.0028247011361865206,0.9933177471152417
4052,0.0007950074268931956,0.008168261902447202,0.04274363161920844,0.0015095204881460254,2.4593543188651923e-06,0.0009920708575245603,0.9312719034369588,0.0005740029264966268,0.0009829481001123938
4053,0.1405337866773193,0.007476280421923159,0.024982390274508687,2.8632858364405202e-05,4.0854116276384167e-07,2.7841724409145666e-05,0.9992530551277052,0.004809788682544696,0.0013840856617459462
4054,0.408529283867457,0.024779071499151015,1.6245477583824705e-05,3.2577141837015733e-06,0.0016313864369613782,0.01742334390005441,0.003989605921221976,0.003527839762325943,0.7101537683080982
4055,0.09020176582766137,0.010012493516646709,3.469261998557335e-07,2.1985641265618393e-05,0.004306016457096302,0.016690489721739043,0.0004852894108679993,0.9114695602866513,0.0020913637217533435
4056,0.29237024794263244,0.0010272677091273305,4.182549123690329e-06,3.934828374748351e-07,0.003818643403841503,0.027724259460106912,0.020005828067799953,0.42637813639782307,0.27126250527028617
4057,0.009967771982497313,0.0024225340565160926,0.0017597715067041177,6.392624591800217e-06,0.007160746422442493,0.00830114188973033,8.733652986633732e-05,0.005851620178040748,0.9742141301614506
4058,5.867921072180661e-06,0.8378459173269818,0.08931840354845366,0.0382174893444746,0.004789801755963953,6.442622383519183e-06,0.002888521668363547,0.0015355161633522764,0.00016141659242902833
4059,0.0014225987441118992,3.7082563325851433e-07,1.861433221431946e-05,0.017559487753327753,0.00039287629274284435,0.9986209688804939,0.00038231528066595986,0.002385578259245745,0.00014840034360490798
4060,3.513796975141826e-05,0.27993166566279276,0.5831647231624567,0.048245713603947096,0.002175484952337299,8.118064433564955e-06,0.012100068062794437,0.0003060466866516186,0.0001801259764334918
4061,1.0761716696669028e-05,0.7940183412746565,0.20126872236726215,0.0011894162985730988,0.013969518724114718,7.450232467868137e-06,0.008644289143893197,0.005713409161700933,0.00016734123697790754
4062,0.0017249966595909527,7.754589381502947e-06,2.9374863874551914e-06,0.005741051209605254,0.0005518496337222535,0.9987729194228049,0.0005811986883736929,0.0005471811774628316,0.001880167187112275
4063,0.00214085135716308,1.2019063813655712e-06,2.2075520249507748e-05,0.005882593762181229,0.0006393339223930875,0.9981677644659634,0.0006815036934734848,0.002022235480555635,0.00036555212131139815
4064,4.9156846457941725e-06,0.004830925294627429,0.051116369680549285,0.9480678135433501,8.832685913569955e-05,0.005152900232098957,0.0012819709366942269,2.118195000555178e-06,0.002333172090457863
4065,0.04146587352529789,0.001917549870443653,3.076416924359657e-07,8.959205874795076e-05,0.0033709120178958985,0.08129781574123654,0.0006245394246349751,0.8348188572398537,0.001438067986137503
4066,0.016009295406153784,0.00505984131036493,0.0021375004626715856,0.00036218347265127356,0.00044105274033466975,0.0015644391080015807,0.004312770117629159,0.004784526999510417,0.4428955434881277
4067,0.01251790404427398,1.6965973499630898e-05,3.177865536522209e-06,0.0010635614413087994,0.0008636767652470491,0.26740280972520564,0.003258166187391674,0.6185750357928311,0.0010034912493959594
4068,0.00651087785326253,0.000653116229408502,0.0035803779638497635,4.01414059315543e-06,0.00674601374642717,0.017077601440836275,0.00014837126760820874,0.006687284628339863,0.9797641638930252
4069,0.002508761335430507,4.1137134113553665e-06,9.847049270724237e-05,0.0018762007362056428,0.0007379162434536722,0.9867641705515535,0.000895794431485439,0.002901681836939842,0.001117276803497819
4070,0.0034921702473141828,6.629555224683179e-06,1.1693697730471638e-06,0.004620310217340329,0.0010370796560185249,0.998329605783921,0.0014645365342745608,0.0029390792416310756,9.023037532950891e-05
4071,0.8583783775810582,0.00010879669309467313,0.0001617043346243839,3.2592119072212086e-07,0.0018879855218504908,0.0042220316764016805,0.04327940096001278,0.08311210119632617,0.01007530452048497
4072,5.073357449796724e-06,0.0002877501018848391,0.6856893080571735,0.8634530661715679,4.428692180197802e-06,0.0032360158639576486,0.06419421165387386,8.826895600059604e-07,0.006440834404863376
4073,2.6120509044830533e-05,0.8065955563302575,0.22372866694205384,0.0005671190112280646,0.012220978028830813,3.5314177821848e-06,0.0070129348655213345,0.004806330648317005,0.000529054402765381
4074,4.778410003162146e-05,0.6905022572313129,0.31899853115189136,0.0006310584126628601,0.006766296291391855,9.051663609574778e-06,0.007756098354523724,0.0018175871088533663,0.0012429159567744256
4075,0.0042056818635236555,0.0026659342151584254,0.019335414588611835,0.00011879507811179102,2.238581660001309e-07,0.00018353642493227238,0.9986448191511755,0.009038221809178383,0.004720439473174872
4076,2.2627681477183527e-05,0.5525600638416575,0.5457042909971435,0.059775120574596344,5.479544311556092e-05,8.161784649984106e-05,0.008304852499937688,7.692742266676406e-05,0.000852085062864095
4077,1.4448902955648702e-05,0.888563274897129,0.061526709496558495,0.11027615674292707,0.0011140655771834619,1.0253995953016e-05,0.002673471629419836,0.0002983706154814065,0.00038942691210808693
4078,0.006027729966697041,2.3474913769390214e-05,6.011039507467631e-07,0.0028892698031057896,0.002930108969602457,0.9992061144102641,0.0007029246093307513,0.0018204225342692358,0.00020887162790155046
4079,6.663214755763273e-05,0.0055991287926399486,0.0016041740627587369,0.0002352579761982898,0.9947704830912086,0.0014596245456512268,2.7129040816699346e-06,0.023904102908590984,0.004929106046737497
4080,0.07464648502386557,0.00020594980064080564,3.227037864106978e-05,1.4741887903907792e-05,0.00039581183337895074,0.08071572507141794,0.022179945227491928,0.40035429379835286,0.011958136498369312
4081,5.467666683994282e-06,0.10900169183163028,0.8083056355028749,0.2207003449569578,0.0001244393509911041,5.09732269122815e-06,0.007004072784183158,0.0003270516535694483,0.00030419838558674774
4082,8.496391543320938e-06,0.9000366701901695,0.0013196163568114955,0.2905353440378862,0.0004415567028194135,0.0015395077110210336,0.0015001158985633693,7.175166744107598e-06,0.0036049545478408253
4083,0.0007582445000429833,0.00039991102041258674,0.00011976044690674873,0.23732514176439207,0.00011829784427551712,0.0563240436548766,0.001090521701823683,0.0009401923402185896,0.039639476078793666
4084,2.3425221108095466e-05,0.34762782831486944,0.6259655437179351,0.00065040385177854,0.004053095114667596,1.071452320779586e-05,0.02440850366473317,0.0025328542380232398,0.0009503895906184146
4085,0.002411901569088617,1.944147670070315e-05,0.00038238212277332526,7.574132389268761e-08,0.03045244773248788,0.0004882152243627545,0.0017563050048618515,0.9992941688411064,0.0029386821111425693
4086,1.8354789298620777e-05,0.2260612457986566,0.7440255043326128,0.12323985333542115,0.00026790972215644547,1.0792007644781334e-05,0.0037563917007374416,0.0002323754926469747,0.00036702822617962184
4087,0.005617109209424095,0.0002855552215126737,0.00801106155114187,0.0002577092193777838,0.024012704575469935,0.001525163316980976,3.117541578186801e-05,0.0035913351729309514,0.9603047561033363
4088,1.7831390439842347e-06,0.043968364294851243,0.3625527403595494,0.7938049082598159,0.00010386700688394285,4.379734754122937e-05,0.0010728604089855548,0.0001565356222867926,0.00014411022752392513
4089,0.004846183267728646,3.794193973478323e-05,3.280114181795983e-07,0.0013459155179527268,0.0011907193011041139,0.9981096702722054,0.0023811864875988476,0.0011122778973008819,0.0029844151840556945
4090,1.767351591396428e-06,0.3837608060213656,0.5569380264349515,0.003825782980283472,0.0006343583964160459,3.691056277791838e-06,0.00293751489078344,0.0016465885019358172,0.006047058292716109
4091,1.4613997713931987e-05,0.9915525334429417,0.006861089208987027,0.018054906780680956,0.003572330786007011,1.5811934129314396e-05,0.003681823002856881,0.0002452462934060755,0.0008502776743602884
4092,0.003336871318180902,8.949526900981494e-07,3.300204313073065e-05,0.0032106737462622844,0.00033020950823418606,0.9971260564724479,0.0018585758347615445,0.002241800242504492,0.0009173317281211101
4093,0.0025450320992920945,1.3820419346343213e-06,3.857540596532072e-06,0.014065664348122928,0.0011334219361256279,0.9980742478589384,0.00036506033799528725,0.002630050239807529,0.00012716729848112827
4094,8.501797736146958e-06,0.8445132842774087,0.039495622549110945,0.001184676509885417,0.3247372208424774,3.393861926438579e-06,0.001740092482388307,0.004063876896778457,0.0006857275714684528
4095,1.5921365525292077e-05,0.11897542473319285,0.8182378112573567,0.000511482895266437,0.004800333577047735,1.6195995580917413e-05,0.056364440482925306,0.0022519087715357025,0.0010892050591999275
4096,0.21616292102983348,2.0741089710724923e-05,0.0022332607739226707,9.257410213576923e-07,0.0005782687446745182,0.0016666835798136647,0.20175967977387224,0.521007388360421,0.012579434243448739
4097,0.002621300559572776,0.0005467986029600106,0.007196800449468372,0.0001561190057304545,0.008580372566417409,0.2785818621694354,0.00010476122346305364,0.00026036090458835296,0.6758256589687311
4098,6.162349271803704e-06,0.40843465745720037,0.4913760179352592,0.05522762226158822,0.0010127138678994547,4.810282792377783e-06,0.007816580766574849,0.0009743076956454027,0.00024195006425841638
4099,0.005345417536213232,0.0004590168262355461,0.017971382549627674,7.4364769261778585e-06,0.017003814512211914,0.012816416839891324,0.00034366589499618876,0.0029543746028312685,0.9801756730484777
4100,0.00023547315983441826,0.9660838331526747,0.05768098982033894,0.014976418112822841,8.505282483881814e-05,2.4506590128370604e-05,0.004170644115134317,5.371363789173017e-05,0.0089644475166467
4101,4.817496508536861e-05,0.8405904879724273,0.1603058928941933,0.04284400293080961,9.164751890691074e-05,9.456369367805178e-05,0.003904847441101448,3.674318001287663e-05,0.0038438484807757902
4102,0.0033298231190712186,3.854991495474391e-07,0.00021484029407611922,0.0021846687242061454,0.00024381288384833812,0.9944728312216954,0.0028227843564231163,0.0035820224405711423,0.00042575855577548925
4103,4.573107947569324e-06,0.6801589563647923,0.09896343579618522,0.007642814775341834,0.05139627856142128,1.4636494607617853e-05,0.000784040382923121,0.008628163254941349,0.0001085174460596736
4104,0.00022783401318929558,0.5349355835336058,0.2459376778508215,0.010016306119037904,0.000121092236190312,0.0002797966988028677,0.006421914513360003,2.1700230313715228e-05,0.04922633595173434
4105,2.0536668074613325e-05,0.11027471145077598,0.8863193508653309,0.03117106624780316,1.2535089040737295e-05,0.00013473441239584752,0.05921305971136553,3.4919078884094754e-05,0.003010962540917254
4106,0.0019749346955683545,1.2509791814043957e-06,2.5579432057746365e-05,0.005737104481561706,0.00043034999464036384,0.9981840745941328,0.0011594761065040315,0.0007695093425222862,0.0009287127616673761
4107,7.733424917844748e-06,0.9789315140658484,0.017742430482942554,0.0022961705531351325,0.014569561163644993,4.966633955086578e-05,0.0025531843980447525,0.0012171573990949612,0.0011927899826731413
4108,0.0020811982633933634,2.3794997214823476e-06,1.008593526118551e-05,0.005752719255739288,0.0006481544215399365,0.9987290614966525,0.0006495664343015524,0.0007404146942923042,0.0011429574796653819
4109,0.0018701471425553507,0.9638676106102263,0.0387881212595206,0.00034496419608910054,8.911145279158581e-05,4.1508967231087036e-06,0.011103951235216436,9.124248191012975e-05,0.6898482431006501
4110,0.0011823297424146653,5.052874384053415e-06,2.564103401384444e-06,0.004915591061831424,0.00024503241824167427,0.9979347184853946,0.001474797285809922,0.000625264781029966,0.0015784509256844598
4111,3.8227439281563184e-05,0.9230190911284487,0.0068403467637107454,0.028886985063080406,0.00032496478367799735,0.00010455550097926133,0.0019039549609028803,0.00018598124421305206,0.02384454729862067
4112,0.0022658423956112297,3.2572416701418707e-07,4.1944585453286873e-05,0.007213951128905595,0.0003229472728094476,0.9978338683999467,0.0012374878665337905,0.002752762340895726,0.00044966678784355785
4113,6.257038960209616e-06,0.8171897590039581,0.10223950699591845,0.09684233644104251,0.00025274505366082136,1.541269630979137e-05,0.0038793640442465935,0.00022592762985740067,0.000715035822252718
4114,8.082120987564178e-06,0.50587815888591,0.3608151158438077,0.059730908799486226,0.0010991325937504477,4.764854696881866e-06,0.008862903336661015,0.001006262760081665,0.00012822299678729945
4115,0.04036318320325034,0.0003089457931926448,7.808522632731498e-05,7.295188142716306e-07,0.004379622565726057,0.006635153378861562,0.011498082724001197,0.8082721510645104,0.038130262761278955
4116,9.32278367201663e-06,0.3053589281257001,0.5047812009463913,0.22222259058373456,0.00025865734551280237,6.05841261638333e-06,0.003199290480876277,0.0007290888896511786,0.00028531683005504963
4117,0.06487525367972363,0.0007295112997135779,0.004013874676994505,5.610187370524595e-06,0.007544952073242483,0.011975098924390025,0.0001863753784603357,0.0010469235141750738,0.948220700845481
4118,0.03720815733244424,0.0018148598096918297,0.006973699921612464,4.572329695794785e-06,0.012749572337576582,0.0062423441296249015,6.985129055966759e-05,0.000676762644549388,0.9921839452317597
4119,0.0015977156783798414,4.986490164559122e-07,1.2478295362223372e-05,0.014188457255606165,0.0002736669701018678,0.997933570110173,0.0006292376770916434,0.0037452253300591454,0.00021229377624985718
4120,3.3806183680934925e-05,0.5893473957482108,0.30275315168345873,0.0009750113944498647,0.005627764057138724,8.407718043054488e-06,0.030781472982246934,0.008361273149416095,0.001041571282791743
4121,2.1164557209327198e-05,0.26741209371867714,0.6932944951131109,0.029500614252569266,0.00018338490715148032,9.460660630291027e-06,0.05397885208317403,0.00020708979926002116,0.0005284426264813418
4122,1.3296890015105344e-05,0.19038981453770396,0.775206339038212,0.000672788108126697,0.006836242646087253,1.548421393308985e-05,0.03520147055345605,0.002677196008308612,0.0006361340899270848
4123,6.659701326272092e-05,0.006640737527653386,0.0023843180281956124,0.00023774789848022795,0.992749673034815,0.0009159651894647699,4.774008253471982e-06,0.020183327843139302,0.004743830293735218
4124,6.452884801581179e-06,0.18609252618343441,0.6652570013292272,0.2608912012516949,0.00013534870554595546,8.951182357735232e-06,0.002686291510268906,0.0004453949943261838,0.00030384031040206396
4125,9.842044485134006e-05,0.9960534506392239,0.005859681484358533,0.009421333284642017,0.0015213679137056203,6.711439882888116e-05,0.012120614796264218,7.181133762712822e-05,0.0012730027237582025
4126,0.0003305774079171468,0.9583556422690745,0.10518081767390047,0.0049076118951956625,0.00015599878681894102,0.00021870990145243105,0.00879182759939713,3.2946206616954056e-06,0.03923285236036978
4127,0.0017615776065063168,1.1409767573612847e-05,0.053124714649459524,1.939009597232198e-06,0.003746361216020676,0.0027540455344988216,0.0016558675011029925,0.12180886145020325,0.891034238912671
4128,0.44735346181030117,0.002593322866375991,1.3760302568407041e-05,1.7996696058187438e-06,0.002689905084769794,0.019248945445456776,0.006405423033531445,0.046821812625697845,0.38678273409243125
4129,0.27810292592037616,0.00038662103890952726,3.986050334236922e-05,3.616639480421212e-07,0.0011058081796664339,0.07911678010555696,0.0015565503968910607,0.03951633096631808,0.5839007386425125
4130,0.0015040650006550977,2.669455143219078e-05,4.477831800408378e-05,0.0025508073924445794,0.0016478355911450702,0.9909125337681532,0.00030083680860870345,0.0005887019847074459,0.0036011409113244196
4131,2.8961091753024567e-05,0.8612192059643875,0.07565422494874989,0.07747473710549758,0.0017294285682032046,1.589438427749097e-05,0.0031839532937273135,0.00039198997961051074,0.0002597843738480033
4132,1.8773694603493936e-05,0.9107300557745799,0.06762201283928393,0.0019899489898172976,0.003260371868504049,8.553528764900238e-05,0.01498542371087702,0.0002476795367589914,0.0024281483702917627
4133,0.006701711218736155,0.0003023568120170325,0.0001712082021041747,5.7921520075434294e-05,0.001538210546585864,0.9327958674947889,0.0014391157992903933,0.0017086934567266234,0.01322849106562234
4134,1.065584423183485e-06,0.9397913090184109,0.08819731507419741,0.002958975172127972,0.003942694935409182,1.2094813824289466e-05,0.0039724367844217725,0.005355512235888563,0.00023657432045864581
4135,0.0019168436739393788,5.856967108342636e-07,9.610749555884657e-06,0.012496910886786993,0.0001502549328284878,0.9956694225882295,0.0011905109979445684,0.005986803023413717,0.000786302110525776
4136,0.0013169198867936322,2.8541637187927703e-06,3.918909241578668e-06,0.005733088123311989,0.0002814612598877934,0.9980989426847674,0.0012523882427822443,0.000828815128503439,0.001049247983863097
4137,0.002791784023843682,0.001017029873297402,0.08108995419048634,3.856044936483575e-05,4.706001733312273e-06,0.0021467550561696884,0.9652066814514365,0.0073666912392303975,0.000526892569747738
4138,6.022603183937723e-06,0.11487961462617834,0.1563685297078232,0.6153571329585148,2.7255347901745595e-05,0.0007304773704281369,0.004619410876188691,1.843609634884924e-05,0.0004905870323863668
4139,3.893671120939449e-05,0.3623178982741476,0.32540759244326295,0.00018038932063009407,0.0005312605415502263,3.6531604706339147e-07,0.0011022277016845459,0.08522060693650466,0.05746981530472279
4140,0.004400189624716157,3.6511883618274765e-06,0.0019591556772940834,2.0021376698948284e-07,0.006021196016642109,0.0005676818554368577,0.0022891327686485993,0.9965378472244539,0.00781617220243175
4141,3.1310326083136374e-05,0.4566510754778133,0.4485963737019723,0.07314987256292463,0.0023388007908072893,9.802223357062855e-06,0.00658486665443955,0.00039490019562601826,0.0001130622489452185
4142,0.00555523456055981,9.491668268252172e-08,2.6601271384092724e-05,0.00628714573838238,9.553890372209703e-05,0.9741568387231372,0.016999357444062634,0.02078179906013855,0.003499130240394729
4143,0.004626658697727481,1.5114743414979414e-05,4.469926466088401e-07,0.0027939362745089194,0.00038119268180112725,0.9953381181104731,0.0022432161938125738,0.0031000351535785866,0.008923716657502261
4144,0.010939831252267615,0.0015268601759681195,4.249954808990471e-06,5.906598202171781e-07,0.06209773770637087,0.001191320949732217,0.001968385237235185,0.9981888288606257,0.0008082508758964731
4145,0.0002738155315300853,0.5488602575223955,0.14082384068888967,0.0386168351437219,4.068256464750035e-05,4.267110206428149e-05,0.008334900541182994,2.88298283308958e-05,0.035637725477251636
4146,2.763611069892213e-05,0.6967103107536881,0.22701706862023507,0.020064989146360554,0.007558497614741086,1.3919381827548735e-05,0.007931249739419097,0.0009779211796580828,8.130208031100008e-05
4147,0.00010862829073084121,0.9075778162565312,0.05223386722038477,0.034047817134776295,0.00010142862822413297,9.453852641776627e-05,0.004311150135534632,1.8766138764475526e-05,0.020125454973007835
4148,0.026319209543951425,5.710356522450474e-07,0.014154352543532185,2.6321494169289764e-07,0.0003037940040059385,0.012982052100065073,0.027142712397731642,0.8021881064289272,0.12297844976290002
4149,0.6785639857279585,0.00030553931207571457,4.118711365691193e-05,1.0768197404432808e-07,0.0011819113655321442,0.03155302757348099,0.007561200354317126,0.029377046034334393,0.4556882197792428
4150,2.226445004144426e-06,0.4006562433818176,0.10240703660352608,0.2807226899062223,0.00016869324366648156,3.647432838429581e-05,0.0010038857072202398,0.00010217183671048575,0.0017534176892839625
4151,6.311241388893097e-05,0.37439179794724115,0.44588842884160634,0.05049719297056231,0.0008611371202544582,1.9626021624173685e-05,0.02201891603475334,9.386613651322024e-05,0.0005673647782271384
4152,0.002662468971848603,3.7037060979019284e-07,3.1005478024485364e-05,0.007555234461776342,0.00021442608316833426,0.9973028091127242,0.001763280168371106,0.0030899793161193695,0.0006191879529645458
4153,4.843429821075088e-05,0.5413772400042692,0.0462783948623521,0.18117629953440606,7.118763536617163e-05,0.0006690836122904027,0.003932922817406655,4.978751193779894e-06,0.0169135448509442
4154,0.002770836251827325,0.00032868391266957335,0.01247320132580327,1.074317151153102e-06,0.04833513914647586,0.003175285843006424,0.00015772386396444672,0.01860317684761151,0.9846000067300857
4155,5.219155137379637e-06,0.5490406846207561,0.2924662957520236,0.0923563507852823,0.0015660754433450988,5.490203958079031e-06,0.0031268280936465817,0.0015650675800931958,9.017061031794771e-05
4156,0.010813068818658626,0.0007569959736993479,0.0031187467301472703,4.957493119234261e-06,0.006935025249655966,0.011617040052723187,0.00021829492810086377,0.00258948652985148,0.9907395687409536
4157,0.002400211144823955,4.041603485357937e-06,1.0099716879737663e-05,0.0031416969494399176,0.0006625328943914838,0.9983213836038269,0.0009437678496328875,0.0006790917103852301,0.0017407396056578408
4158,0.0023741922299085672,0.9981414466230434,0.0011420030334329196,0.002137921020879545,0.00026860230372647426,2.8135176600552832e-06,0.006699419884356063,0.00020832096080835425,0.28281496829362707
4159,0.009464251549554303,0.0026247608118888156,3.106643000538235e-06,3.124497695288584e-07,0.09683057327348757,0.0027073797102301284,0.0030515153232270375,0.9980860924510074,0.0004283740687567037
4160,1.0546352017833147e-05,0.2778982325327236,0.6061031082266028,0.18446482019174007,0.000294629446773263,1.8790042267563803e-05,0.002604317641802841,0.00018464538879831092,0.0004608370481891754
4161,0.00789935408895699,9.48777276946644e-06,2.263808805906679e-06,0.0034433700446071082,0.0012428027507936385,0.9950621479525451,0.004988146555945957,0.004797901405278509,9.968367234796651e-05
4162,2.4432186453818977e-05,0.002974940560785423,0.9878344387318121,0.06417011133217362,3.7861669845590917e-05,9.077997257804488e-06,0.1447768426084611,4.15139885124603e-05,0.005584627688212626
4163,0.0025322805107524937,1.9539856777559243e-06,8.082836099208751e-06,0.005651657793511811,0.0008578544454132197,0.9985988218183359,0.0005618117986690753,0.0009535894707568776,0.0009265658237368288
4164,4.656811790310373e-06,0.8097042337012663,0.2823623268418524,0.00569072856105587,0.0007116234575780038,3.978362936661198e-05,0.010083768507500573,0.0009725888906922296,0.00042065498029776247
4165,1.587069225258899e-05,0.5871709611983732,0.2523042228603619,0.07050090309235747,0.00023791504873892484,3.4562610141099515e-05,0.005249650423627383,0.0001142306795852994,0.001491432884050494
4166,2.1558802288547635e-05,0.5598219277254052,0.35172896117731006,0.09777497198504728,0.0013152374037936673,8.452667847140933e-06,0.0058293623769485195,0.0004623479831444248,0.0001148883621512227
4167,0.15481258272898354,0.0009868976416001665,3.591217747528772e-06,3.836389715586875e-06,0.003976596339403917,0.005455185189897251,0.005082268263861206,0.8570301810812354,0.014369529594455109
4168,0.04445320112385732,0.0006351857681253205,4.55384903064809e-06,1.7182701848907767e-06,0.03003311876537437,0.0013327952220346106,0.0040030453210442764,0.9824730666183044,0.004031360371883728
4169,0.0010934029965441907,3.518649472491345e-07,2.0035893458406276e-05,0.015956353183923924,0.00017547039950443471,0.9981933478347176,0.0006209652651561146,0.002867645165396597,0.0002472210043512796
4170,0.004419402642463847,5.661159752250845e-07,1.0513576191059262e-05,0.005869589327702611,0.00020263157058945702,0.9887065349593184,0.0054515410777778005,0.009869369464620636,0.0015066453012471089
4171,0.003901901012740173,1.0587591067467013e-05,4.405421802754203e-06,0.002045011927488921,0.0009394168785471479,0.998338494367465,0.0007975479852131791,0.0011223392939764705,0.0012548888510089129
4172,0.006757379548941667,1.2377316420035305e-06,3.2584177761677745e-05,0.001650408011457504,0.0003660958163823132,0.990661357813376,0.004776905274486451,0.01017401506196501,0.0005572918285487602
4173,6.0612724804515683e-05,0.5283353045231503,0.24740899361459234,0.028131265610211304,0.003058312051249358,1.2596025149832249e-05,0.016514126141293703,0.0005755131365716682,8.774833088059056e-05
4174,1.0006489822972927e-05,0.31668100436930996,0.5444528766720993,0.180881659813419,0.00040420654755559207,6.5810214512152855e-06,0.003709157025525355,0.0006411290199910865,0.00020125336402793622
4175,0.0014084888579428433,7.719670521506909e-07,1.7712609090526536e-05,0.007067806938215225,0.0002250862520572923,0.9987410093665958,0.0011739772813742489,0.0016484487527594308,0.0003899360131992511
4176,0.002207909966828093,1.672640144155244e-07,9.69813751258076e-05,0.010980748536728382,0.00019053151554111357,0.9943141116642554,0.0019347501523135921,0.004520488099036254,0.0004205732681944588
4177,2.2427830763196626e-05,0.8604074386714792,0.10368915621180458,0.06682746656956415,0.0016286334853213807,1.0857520530215808e-05,0.00539294040007064,0.0004950100991012896,8.773974292089079e-05
4178,0.0006195175187683632,2.6710289826908917e-07,7.494212825268537e-05,0.02287970417119652,6.535989777461597e-05,0.9929266959082705,0.002295504864591535,0.0018488206315586879,0.0001314727830403762
4179,0.001679108837437146,1.928444002001435e-06,3.918814169364787e-06,0.010547749519719436,0.00040154109296206594,0.9986084850799264,0.0004517621516157295,0.0022648735211753188,0.0002992569002539178
4180,0.00412019154906932,9.770678030923602e-07,1.0466870013501284e-05,0.004047243313825117,0.0006212213217832616,0.9971777364752837,0.0019172739696157453,0.0014499575588430116,0.0019866002349547976
4181,0.0059410603940417556,1.0971922667713943e-06,8.805325213795665e-06,0.006056719471431049,0.0002878779460892792,0.9937340732236706,0.0019195140174331985,0.006774052016151622,0.001520310397090956
4182,4.447649605093223e-06,0.9794363708252466,0.012522683978640963,0.02186147237805997,0.0005780513304200149,4.3791241233700795e-05,0.0014892685509371847,0.0001574185660092982,0.0016547388314148196
4183,0.0012283917614225712,3.8310285287917383e-07,1.624819606666549e-05,0.01770717983766619,0.00031973326706743896,0.9985202217185678,0.0004591013433152039,0.002386199645447817,0.00011179015971252024
4184,0.0026751971757011874,7.446682461904729e-08,4.787590810844712e-05,0.0034477934583262023,0.00033067205863516027,0.9734936054709481,0.015468461365369588,0.019652855053665375,0.0009714015267019171
4185,1.3431233900779171e-05,0.464019546339166,0.5047996365980678,0.07206033311877495,2.812257357827616e-05,5.647576799380341e-05,0.0213362021148464,7.52957571918098e-05,0.0011439577161069451
4186,0.004165544133250024,2.1544365272470666e-05,4.913850533881888e-07,0.003445611848748623,0.0007591906635231067,0.9957353092284069,0.0007219294729798224,0.006442767817498618,0.002614739939073524
4187,3.9539537981729215e-05,0.02199425654394356,0.001876871757151014,0.00028593803353711407,0.9792213498708249,0.0005491286295302818,8.618533853871995e-06,0.022897655839727353,0.003892637591851138
4188,0.09194176236511249,0.0004794554518743841,0.003897162761640294,9.403692834170001e-07,0.007635820261575377,0.007316548695587905,0.0003227739280122268,0.004280009120256986,0.920575820830698
4189,0.01144722258391455,0.0005083932810708218,0.0009270757239208204,0.00031773993319381285,0.05277813646932711,0.12749696892073928,0.00011816399298028323,0.0007522644004916031,0.26462516156005883
4190,0.0012702562334320582,2.247347662481525e-07,3.664691753401329e-05,0.016283549998703982,0.00014690390419056429,0.9981659570756259,0.0007328548075643848,0.004722423434517663,0.0001928268341107283
4191,0.005202882725032917,4.901613884640523e-07,7.445053618447776e-06,0.005480556111172012,8.904595049112001e-05,0.975716261814963,0.011796577731171485,0.04778525598757538,0.0025738997229922513
4192,0.1705508672088463,1.3256040783004293e-05,0.0006384904354029515,3.7812132731346894e-07,0.002657156698137052,0.015184116279366328,0.006253138430718493,0.6262991022641798,0.15690773340593636
4193,3.6224679747790367e-06,0.3686959450861431,0.30375250023051553,0.29005912586893645,0.00019311815166549642,1.6237745846914497e-05,0.001757234922969715,0.00034168833173681866,0.00020248155578884668
4194,4.34527774244511e-06,0.9941958735612122,0.00863311401556231,0.0038891353177941566,0.0025175784527727905,3.1201203206850145e-05,0.003626556240010924,0.0005963754110062875,0.0012543346499286868
4195,1.5758875726906601e-06,0.022171273410411012,0.9358225045620808,0.16365221743496833,8.257122280427968e-05,7.47204601645966e-06,0.0016938723999303314,0.0005223952401976678,0.00035892320053155385
4196,1.5894174143685102e-05,0.6070318891449682,0.28490707530574944,0.028707887344024383,0.002963619995607223,5.659394368660145e-06,0.01766948186567746,0.0007908361318522068,0.00010062434596691139
4197,0.0019374091658935374,6.573409826456088e-06,0.0791793102445109,0.0006548698481460568,0.0013974368424273052,0.1251836117757276,0.0017559107666320606,0.0014614548735772113,0.11014367093436125
4198,0.13762707295434976,4.344882788845411e-05,0.00010230682967095818,1.7474198576431196e-06,0.001232000208726813,0.003756932078731061,0.006485590450413669,0.7162722704966014,0.07577661397007948
4199,1.7903371853155114e-05,0.9065914920330995,0.17805612249949124,0.044557712693033415,6.873786199133348e-05,3.0540854467990235e-05,0.010290109873321258,9.737932165168332e-05,0.001035773108755763
4200,0.0011868764139879614,1.6600823155488885e-07,2.593072438353403e-05,0.015123606291533325,9.911147272791751e-05,0.9955399776788681,0.0016038735174956611,0.0061451362296454926,0.0004060861143389954
4201,2.35405406350448e-06,0.6836254936918021,0.4935309318142452,0.0011280124125364202,0.0010924702428363356,1.2751239187854448e-05,0.002236526087410024,0.0009107719798714377,0.005662540097017206
4202,0.0011608381637374164,1.714933235735384e-07,2.7341519503933742e-05,0.019084209662857003,0.00015608337810934776,0.9972401107969866,0.0007038806201476429,0.004731456488243275,0.00024738405621402623
4203,0.009726544216910037,3.5082844559825984e-07,0.016405478304314058,1.5089132137714015e-07,0.0014001686911767005,0.004397265752390905,0.007509009679271616,0.9740782005671866,0.06369076194381569
4204,0.001953285256563257,1.986177781890286e-06,9.650517066424888e-06,0.005357577979250908,0.0004901999841057424,0.9988544343170767,0.0007073509512251492,0.001427681208488374,0.0005501951975693443
4205,0.0017120417843679966,5.721620141805757e-07,4.9730155623976874e-05,0.006785608506252784,0.0006157366654249609,0.9945015375986133,0.0006351300803873198,0.009068491933020699,0.0001325454576784234
4206,1.0514441509749868e-05,0.07475461210340052,0.8970869079687327,0.23022846875919586,0.0002397952961691613,6.433621671754055e-06,0.004990904490704165,0.00042789022352611407,0.00023435527721225155
4207,8.444622942196287e-07,0.027842019630681274,0.05039247767845161,0.9540713274803562,9.783189398628789e-05,0.0004061897627271644,0.00057013173770243,3.737048394331641e-05,0.00016195326260047888
4208,2.0553066091744153e-05,0.7183439775602455,0.16874633717801185,0.09202071782503557,0.0014792408071339423,6.3631972519378135e-06,0.005306311299725709,0.0007502388859876477,0.00014618239620131307
4209,0.0002063040389706831,6.791227040638028e-06,0.012016846619402022,4.598475203681289e-07,0.02930622862478171,0.002169175484128654,8.977643127069396e-05,0.984958551876165,0.0009311256265873359
4210,1.8901538764417473e-06,0.8384348445224948,0.08572240400832332,0.006495863052595724,0.01606533812726939,6.1709721726671165e-06,0.0032213811761299662,0.004746450310377539,0.00018469510899809445
4211,0.00204419481230142,9.002979419157467e-06,8.623929982518264e-06,0.0035904203771479353,0.0009643154564583113,0.9975851132354888,0.000481190098999514,0.000583472150695608,0.00360370232776921
4212,0.00023830148268826006,0.9968257734825217,0.0021787506747152486,0.013536244490952608,0.0003286217757120923,8.557742002138458e-06,0.001997112100629291,0.00013611536132109283,0.04117486756312936
4213,9.63333674491197e-05,0.15056500573883885,0.871690710148386,0.006071869596672929,5.408958022616353e-05,0.00010021241768006749,0.04914352066794056,3.256826895845536e-05,0.01324897242147239
4214,0.002253585626860911,6.253640265606435e-07,9.0501338386882e-06,0.01084325407624458,0.00025012477129883215,0.9967260587584917,0.0011928715280835848,0.005856240037909344,0.0003257605992288635
4215,0.00144049306125372,0.000838614569963235,2.187854956810173e-05,5.229815115958456e-07,0.14844365686990002,0.015144235900052878,0.00033436817115631767,0.9911964342180536,3.2492328741892195e-05
4216,0.002853789792654665,0.00013461044321464694,9.757593997566977e-06,0.014239483950094335,9.568996624180297e-06,0.44040574953745804,0.17003407255900935,0.003747020913387868,0.0029966891550332483
4217,0.628895793229262,0.0002754069607761216,5.894980697886758e-05,8.987730537828668e-07,0.0015613076777297066,0.06058349334357042,0.001315349282421746,0.00870367934791171,0.1736655933503608
4218,0.00234795979695298,5.0546794673414096e-05,1.9935761216411287e-07,0.004115179727117262,0.0011745504927723365,0.9985909203858313,0.0005466786965238367,0.0008690711185323198,0.0006242180466103959
4219,1.0882076636088861e-05,0.6591495578268254,0.33700172170799464,0.0012387074214528712,0.007366559266941581,1.035916493190253e-05,0.015134889937605851,0.0050243132421583965,0.0003055157027097094
4220,4.04918126590932e-06,0.4588353802450681,0.44873142819887407,0.06940768591094466,0.00034827304775131534,6.0156985496755685e-06,0.004786482557124466,0.0010263793355204805,0.0002652459874963356
4221,0.005903017427233121,0.00011505349841634566,6.332262140827537e-05,7.551467989606289e-07,0.019417665645876568,0.0016431213251702984,0.0021125310287452934,0.9981604743139056,0.0013305929663549815
4222,0.002857537475122765,5.299712565050036e-06,1.5149557482956322e-06,0.006969926954005381,0.0008646629785397051,0.998508984549658,0.0006090991905278467,0.0022209498062424663,0.00023402989885789127
4223,0.0012576428527346396,7.91989869682362e-06,1.190913972512981e-06,0.007668196319067956,0.00039527099623610666,0.9982426517951186,0.0005030105539222548,0.0007958419396671938,0.001179933084553204
4224,0.019008685713153433,0.005180467018926647,0.0006253420409674394,9.28985402041963e-05,0.011518340297780824,0.024682908957061486,0.0002219413982042216,0.002151463437840927,0.9327170288036574
4225,0.0013424268004060427,6.199082411274641e-07,9.932999181105058e-06,0.012294766908367886,0.0002733886859905019,0.9982295889727993,0.0006564248785080871,0.0026237780349217233,0.000225414675395077
4226,8.234546632627266e-06,0.9573795992226202,0.02857233465884211,0.03204104497187876,0.0024066772610464235,1.0429611709222754e-05,0.003942907282744101,0.0006882300557525709,0.00020316224620670366
4227,0.017186108466123434,0.001647281690519927,0.0024701765534782434,3.240415084894203e-06,0.007458350051582631,0.0074457928234291,0.00011741124797121366,0.0017239873318979047,0.9948342713430729
4228,0.011029032961714976,0.2425986473349707,0.0002990309251821355,0.00012765846180372834,0.010916548485273434,0.0042872324990975985,7.976111611972152e-05,0.000908693813426538,0.7879539100421961
4229,8.070865971819193e-05,0.758060546743809,0.009233608380978246,0.2572204442288928,0.00012069647301965856,1.4712948465818848e-05,0.0016146957122832972,0.00024329873367557608,0.004976863357647991
4230,4.89431500400069e-06,0.5730680750596735,0.34776306654450717,0.034392765776585524,0.0006976602893913723,6.975157827236188e-06,0.0026802312804739734,0.0006982746795193734,0.00031407610247372367
4231,0.0037799740850029723,0.6872406982880203,0.004151983909216598,0.0002569680921888546,4.897738584283594e-05,0.00012168141402029787,0.09596844702960636,0.00029117958794135296,0.7519531805952214
4232,0.07634191012251708,0.05082589026607381,3.684682393429139e-05,1.690229952601976e-05,0.0191517820343833,0.03359093840259219,0.0004849899366017293,0.0016852214109039634,0.922221232303823
4233,1.0644497204879426e-05,0.9228416848966121,0.05034702985010074,0.04640640120121473,0.003011482630877558,8.625383285634622e-06,0.00261419027889755,0.0008247468369160743,0.00025506679949022015
4234,9.458203490688575e-06,0.8749595329675427,0.06205310195768772,0.10399193909229587,0.0012492826062291324,9.290706090782696e-06,0.0028640122487617286,0.0005740428344855066,0.0001501124924181741
4235,0.0008234601516662986,0.0012731813723522393,0.0007768460174630296,0.0038511765413801135,0.004316640525851163,0.592333148752841,0.0001601535808944989,8.574738712077969e-05,0.2941744730168239
4236,0.007827936160946384,0.00016363379721228143,3.469139417423748e-05,6.782348213333548e-05,0.001080338376410955,0.33518016424669833,0.0031109193980214025,0.5487244844645338,0.00022490372251497259
4237,1.3259665383403965e-05,0.4959855545960459,0.3675342221129929,0.03966565486552381,0.0022440910112127023,6.992609204241e-06,0.010915055580012588,0.0007341345263486431,0.00010635424787128825
4238,0.07938709607853792,0.000112269430195103,3.3485990126067285e-05,1.7121524246781783e-06,0.0028679730043010654,0.004845450427845333,0.00946253430267755,0.9169185395756236,0.022622545964572933
4239,0.003946760957075364,4.58769166325614e-05,2.9759346283579866e-07,0.005467179269468193,0.0024113350476923858,0.9977855616471227,0.0003918505640176904,0.0013969608331464826,0.0007516455336828589
4240,5.408885244431667e-06,0.726564626837418,0.04967839112846706,0.32634414711034504,0.00025877516061089946,5.5138205235533754e-05,0.0016222952073995597,0.00017415510448124896,0.00023797863378640993
4241,0.007276508012031898,0.0011067200141341384,0.01225521855423824,4.410638216480939e-06,0.003955849880406454,0.0037680962258393957,0.0004206838122048006,0.004366143431591559,0.9785839955444259
4242,2.730793389301891e-05,0.6555137607775912,0.19080205800520916,0.11110410115599137,0.0008985335922150765,6.88804655551884e-06,0.0042572554117148555,0.000964065143498512,0.0002571535748122853
4243,0.0015910121149707859,7.6019781096523106e-06,0.001186362875249072,1.658524118204873e-07,0.013196242326328735,0.0005693443955524762,0.001109628518325577,0.9993495625554715,0.002642857748168287
4244,5.586531351719579e-06,0.9916848539182976,0.009776058016293903,0.0018069180766678724,0.014683249624993113,2.025987448192209e-05,0.005757761841700722,0.0012051470583581381,0.0008054079766832225
4245,3.162189358019686e-05,0.581422484678504,0.3150273437378841,0.02643242664174028,0.004734020742915477,8.446879179784206e-06,0.014356022417616139,0.0005717671248217826,9.59109211642381e-05
4246,0.14015448428791397,0.21725558641065118,0.0007640013456140349,2.7284382315373273e-05,1.156299873637751e-06,9.016691112512221e-05,0.9961334105678448,0.0010727841185668796,0.002072216513671794
4247,0.06744957176295167,0.11037311475053303,1.7595354478358764e-07,3.6628157639952108e-06,0.008107777951131217,0.08678990607133055,0.0006249959474424882,0.6675742030700068,0.003126669498980505
4248,0.030418374144763338,1.261058257477437e-05,0.00042075452696948207,1.1790855571553652e-06,0.001588658328103476,0.017213283853181605,0.01919464445903152,0.8096772317961864,0.02505469740849828
4249,0.00023807234183007052,0.011328013148939789,0.7913958380685228,0.002521702239715513,2.9254027160840317e-06,0.00031500230681568315,0.7032981421960202,9.976933749022823e-05,0.002849689302931686
4250,6.9352828749085934e-06,0.26302378478397126,0.5165012815408632,0.01996952223675753,0.0018207089633978388,3.109526359922606e-06,0.017089713879724144,0.006753537624655795,8.889062482275359e-05
4251,0.023010438399286025,2.8190040293864514e-05,0.00014229502385994185,5.375114682546713e-07,0.0027325208367999163,0.003377095038668071,0.0077437721074296905,0.974534333349406,0.022415865656049777
4252,9.622220856385925e-06,0.3072615706084675,0.6199832585684336,0.0012059635804110322,0.00579035222773787,1.5208793266363132e-05,0.03707426894899035,0.0040631327877302835,0.0003660901119100077
4253,9.92417153624504e-06,0.9609525299106935,0.013737028071207488,0.06761939791738474,0.00036350021609811596,0.00012268870343599977,0.0015141600749953709,8.373498067309508e-05,0.001755107180838715
4254,0.002486939972713218,3.9689232904894874e-06,6.987763807724155e-06,0.003907755880763264,0.0006598482799789656,0.9986678224948548,0.0007355174005855652,0.0011060204400829658,0.00083421573842156
4255,0.04529241948372354,0.37268978573847866,0.0024499802165827813,0.002140469482914313,0.0007905208520614795,7.007129388535091e-05,0.007450479210857211,0.00010600204854688905,0.05781498524381659
4256,0.0009849717611314253,0.6038694717434077,0.00144710555511168,6.518919564046404e-05,0.00013983468896874791,7.165545069402089e-05,0.790775424454282,0.09284497742916198,0.0001121561856391701
4257,0.0017742259349096791,0.0009947111225085269,0.013372447557200464,2.9157160530613954e-05,0.007204326524608843,0.005403569050307147,6.862741183873426e-05,0.002360633421510556,0.986337715891146
4258,3.2803439825595155e-06,0.8345027395638043,0.003143321653808934,0.6256517198101279,0.00018892076477289898,0.00024330467588604653,0.0008218193821472878,3.4270477433209126e-05,0.0017170345927738008
4259,0.0018800107278477748,0.0004037043630191522,0.0002740511381277378,0.014573695740644595,4.314920662259593e-07,0.00832483701740723,0.9693657221404959,0.0031406601979661023,0.0015830707384121142
4260,0.0032733093642844653,2.3297402008417886e-06,3.9161688544209075e-05,0.0018003667720589242,0.00052993121015987,0.9965655308723194,0.0014903731950986565,0.0015720738212782923,0.0010059484848295114
4261,7.733938795054064e-06,0.32592932009498593,0.6102370330595693,0.1307273077160856,0.00014795401253541634,9.379036055045252e-06,0.007819647150443277,0.0002759624669516031,0.0003674865939366301
4262,0.001558605378023613,9.28502019770584e-08,0.0001698187141820217,0.003779393750265082,8.781582152975335e-05,0.9901763494865704,0.004165414991061484,0.008542887432111726,0.0011281279509682731
4263,0.003060181156074696,3.7664618190555243e-07,0.00018513268689382967,0.002488796741886578,0.00026666896393769894,0.9955492883288547,0.0025151280337945984,0.003048686776501496,0.0004630260241314248
4264,0.0028987487847455776,0.024514080606029616,0.002158440480099391,0.00032115979484565366,0.002981894965082567,0.018875024853135997,0.0013806952192547543,0.00023713058913053673,0.9207844268517812
4265,1.2758930996143329e-05,0.17255879877864178,0.746386132787469,0.0881208968359144,0.000400800557277166,5.369715591447046e-06,0.01757673404481327,0.0003466348155168028,0.00022107162757105725
4266,0.0019773540188297916,5.993481583969972e-07,2.3664470034901676e-05,0.005601668445677028,0.00032094135118169244,0.9982793591115106,0.0019788740871859688,0.0013218840002040535,0.00041507524304692557
4267,1.5490121535927544e-05,0.42930989479785564,0.42801272005523106,0.15598499841194718,0.0005082601679953992,8.323060661784164e-06,0.004403078339368894,0.0003405360231123987,0.0002636891729504717
4268,2.0928544182924847e-05,0.5488518371050145,0.3447161070626211,0.10342926203809634,0.0007505699491280115,1.2329761856390037e-05,0.003897974399624822,0.0002233902555443704,0.000554301205610174
4269,0.10089742889929428,0.012265582990290354,8.290210085010642e-07,6.415223855147572e-06,0.002996731362824767,0.007156563431602711,0.0012219379346866171,0.9563571455779694,0.0025171506880345886
4270,3.879182417605777e-05,0.6716313528614918,0.26719952508659894,0.015216536472989102,0.0012926992019132695,1.388635011614455e-05,0.0233295466720228,0.0005215983622090793,0.00012961776127501883
4271,0.0024509217438899696,2.383384166094896e-06,0.0021728868622808996,7.381871671181218e-08,0.008420845808737218,0.0007089527271251232,0.0034152773436329576,0.9979888918583214,0.011488263406742397
4272,1.737722359217106e-05,0.22988007439740352,0.7169105936360574,0.07311167595515128,4.226036259701391e-05,2.3033130717153306e-05,0.021139099898723528,0.00012861391270598856,0.002606241836521305
4273,0.0452779921259977,0.0001940832129369047,1.4331740914702287e-05,3.0193878910055604e-06,0.011017117268484328,0.0013411794060547856,0.004048010026567217,0.9707317986465187,0.0069951520145172166
4274,4.615381667513544e-05,0.5311332285441104,0.0778958850497012,0.00040384957078495144,0.0021144678405944444,1.634586590216476e-05,0.09366354188033783,0.03698781634688666,0.0002689479233882172
4275,0.02226077715113519,0.0006047090565441139,1.1089674540367564e-05,7.718334671234321e-07,0.0650858198769251,0.0008284795981389193,0.003097539018302769,0.9982883599410324,0.0006428850857569715
4276,0.04295073531853695,0.0022796549058588934,9.198896111577801e-07,4.152022364283988e-05,0.007058116253235556,0.04191222915977723,0.0009104194293326637,0.8078089591689505,0.002156147650504495
4277,0.015155265798537198,0.00458947768723646,0.00701664142320607,0.00014534276617901053,3.1455480022193493e-07,6.853132380892147e-05,0.9982081573606152,0.012293417303750498,0.008450770728192697
4278,0.002622767962624519,2.7776765661049635e-06,2.7845110197451565e-06,0.00777734222255436,0.0009817182752979263,0.9989291753452879,0.0005376542195593277,0.0028124514008157206,8.095762644790073e-05
4279,0.0017423110952708306,9.96289731468253e-07,1.477002401129577e-05,0.00658855048795177,0.0003742811884535075,0.9989446541994488,0.0008431017113463413,0.0013191856656741986,0.0004734060145176165
4280,0.00010164289658520514,0.9229473231637514,0.03979746088144925,0.04000752884312325,8.42317937752681e-05,8.253725043397533e-05,0.00442932984949399,1.4831313871730228e-05,0.009486468990712382
4281,7.620758327987466e-06,0.2565309207512528,0.5830947853122553,0.07080602909578017,0.0002189692647931692,6.790276303559083e-06,0.01572400422341207,0.0002612274696450432,0.00033657918010230974
4282,0.0014298624913449502,2.070535198463153e-05,0.0004975181845976107,1.8068911020486017e-07,0.02298034325309515,0.0009984313159093234,0.0008096733857624303,0.9990572944529489,0.0009963738209528242
4283,4.581921849278913e-06,0.9765949664585467,0.011292003379126316,0.02492834442656753,0.0019874171783497746,1.7996705546069236e-05,0.0015655582057332962,0.00039856466531047296,0.0005999513576276018
4284,4.068966913796913e-06,0.4220838040067273,0.37926412648912483,0.24824136243345798,0.00016771749484270369,1.0692567804382866e-05,0.0016665858749898184,0.000349423379828149,0.0003965154292552869
4285,0.0001382238590189119,0.12549839249358916,0.011448316547781879,0.00014139205643280686,0.12887924962230235,1.6102465918763378e-05,0.00030871426516232187,0.10762545175929092,0.009291925385312285
4286,0.002556723258093426,1.5000250900520812e-05,0.0005183894070672452,8.059638455264555e-08,0.11070054335691533,0.0005545924210421701,0.0019534057249825806,0.9986770109733287,0.0010894554190281718
4287,0.0002021736139075935,1.4596535309965317e-06,0.004956410517406839,0.11510777162435883,8.7542762136749e-05,0.9279294834116634,0.0033333954989007777,8.872110281940526e-05,0.0007348052614114949
4288,0.0007535650567966615,8.04609648091724e-06,0.6383043344384274,1.6625693440960594e-06,0.07247250294147244,0.00038530642968087365,0.001386195933262033,0.08586627112193937,0.8312880178247481
4289,6.402647212424014e-06,0.5916565841461636,0.29843825687204556,0.08703006884640707,0.0005600472309132503,8.15561952134318e-06,0.003105911167684113,0.000628470953015172,0.00021481433624333943
4290,0.003310280248140307,4.9130721345743045e-05,8.710459570324731e-05,1.3752544514735068e-07,0.038111162575595964,0.0003734796509597202,0.0029608369266626296,0.9991313488834286,0.0025428581011239177
4291,0.001596414059273351,4.574121074549407e-07,1.479502326299302e-05,0.01574230878607811,0.000472518901565466,0.9985737614203298,0.0003869278203408425,0.0022589751992178344,0.00018319759061930717
4292,7.56381442725462e-06,0.7506568388782203,0.2575586579308425,0.0008896577239627323,0.011704543666281252,4.4147681449295925e-06,0.012990063313828315,0.0075046428662381304,0.00019623084174710408
4293,0.00011536883097170285,0.9835258235034832,0.008707578501226814,0.020206191544651628,0.0004947515494254975,0.0001729152766211039,0.0007957151023855461,1.6477524651487607e-05,0.017941775829866013
4294,0.0009391926581439058,1.491614007968047e-07,3.102203662906907e-05,0.018267462933181763,0.00014435106246777238,0.9973221581635471,0.0008368517327428242,0.003597778368231697,0.00021024566289725504
4295,2.2975184678728845e-05,0.8029378394620904,0.1248740328121332,0.0980123663584626,0.0012833475707291456,1.0010500249073731e-05,0.0036637225320437722,0.00041997974824981244,0.000196815143154325
4296,0.00029596415150904626,0.938974729536343,0.003184760391599981,0.08013737192913603,0.00011241609309788199,1.244149295098274e-05,0.0022743339983240345,0.0002536527825604029,0.02441595170814717
4297,0.0016239975232159869,2.101992599412841e-06,3.487351779574487e-06,0.009336535005141486,0.00048620939416847556,0.9987302611698666,0.00041569238934041527,0.0016433409314362043,0.0003883540219990347
4298,1.857207211646945e-05,0.9319398063111533,0.07238552390331054,0.02065840952873174,0.00019974321142155363,4.294698643143298e-05,0.01193155767674489,3.732943678988963e-05,0.007153888571886235
4299,0.0807207542693146,5.770793741470608e-06,0.0024008185008308966,1.1077130893649347e-07,0.00663924809239671,0.0033233769524222494,0.030296729312828667,0.8477152219561792,0.028123240178212223
4300,2.9376117606508833e-05,0.019069235101378132,0.7248952324396393,0.075144803925719,8.488671943455962e-06,0.0008084035380755596,0.058910552810380316,2.1418159747215897e-05,0.003257422857296744
4301,1.15057493081444e-05,0.9600926627738661,0.05546647856634073,0.027148566167895974,0.0005102914830736806,2.3071760570372616e-05,0.004677665949832986,0.0002102440193293013,0.0013092131861363137
4302,0.004288868807030902,0.0009145343065791925,0.0006381485544454581,7.3819138043826294e-06,0.005329398037396899,0.06083723946143311,0.00018360780993867553,0.11078540223181212,0.009607508893204778
4303,7.80614329386558e-06,0.26356575265552473,0.6592627434827746,0.2199364817132898,0.00029190765592294134,7.972418290514484e-06,0.003355499779156731,0.0005001665548878892,0.00013791260419155846
4304,0.005609697664460585,0.0004580639540676499,1.5844010729129868e-05,3.436644262998547e-07,0.04660914736603868,0.0011858241402342882,0.0020225360942344147,0.9988027028192381,0.0008123047155928212
4305,0.0024505778149378704,1.1839742106077849e-05,7.102269550106771e-07,0.006555516727692511,0.0009620885334986918,0.9989122180774125,0.00044859923187313955,0.00185321913448045,0.00015907164667539742
4306,1.2567279555153149e-05,0.9121469490088047,0.09812471762461349,0.000999495805354129,0.014831922803793798,6.174988538459763e-06,0.004809984181817118,0.005921958026341607,0.00017548132739615558
4307,5.227880141349149e-05,0.0023112188826564925,0.003290588377924556,0.00027406161886613567,0.9948775357146173,0.0016653694803471064,3.641128338827118e-06,0.028179049999595595,0.0039023018614285556
4308,1.817684077090389e-05,0.8892267664878049,0.0581875437107253,0.010281851838179028,0.00093207477576534,1.2961393533684122e-05,0.013545215296966716,0.0054439359506085975,8.619982739314597e-05
4309,1.6141669056434749e-06,0.7234743876363743,0.14436508533694506,0.006409671778924619,0.042275164618682776,3.211346545556821e-06,0.003086046387967166,0.009150044069767124,0.00016188408331631766
4310,0.00024353495975944656,0.980432623330897,0.007220802024627774,0.024914364060395905,0.0003840075482367093,5.322449348696068e-06,0.0010380678442379544,0.0002682046140554189,0.012728955032883562
4311,2.9723952819470692e-05,0.9055648463077967,0.08178089494225191,0.0008453204520457424,0.013376243364409166,1.0418883681472348e-05,0.0032263982659794122,0.003105936156825082,0.00039548148466485956
4312,0.005997830958726621,8.407349482842625e-05,0.00010207493636101956,7.213767568799068e-07,0.02105281994333409,0.0009733990573237878,0.0033898455949160342,0.9983261089310151,0.0010498789598616162
4313,0.0010881811858491556,1.7507791513160574e-07,0.00019210657297220827,0.010829184132021554,5.742206363426247e-05,0.993145896504276,0.009841178087060719,0.001337671581604947,0.00026520024460188144
4314,0.009926804017772472,0.00022289238225204746,2.3369064727446523e-05,1.2554754465765274e-06,0.009636918049032486,0.01513682531757915,0.02353336994376202,0.9734163074916978,0.008409134381538286
4315,0.0003101427322908,0.9970331159339195,0.00036804869155185625,0.008968582628719126,0.003638439312144533,2.009100321468405e-06,0.011492447311129294,0.0020641119133036514,0.03156846059163236
4316,0.061407047787775025,1.0505854221001378e-05,0.0005074826603335967,7.523305225512935e-07,0.003692402015978826,0.006839364554334225,0.01686047111901683,0.9440453421978576,0.016645283500875307
4317,2.1477511572728187e-05,0.9226076250375661,0.050729091155400356,0.035536498591450444,0.0010084248239631943,1.4981561464097736e-05,0.005809100678526824,0.00017049222567558803,0.0017239371355344231
4318,9.621093840690525e-06,0.33705176021582717,0.634392963353672,0.0008659278338440657,0.00610901062320549,1.4855556702651159e-05,0.02400401629239082,0.0033221392185680304,0.0004720504304927541
4319,0.0012033336253664138,8.387698198373547e-07,0.011946862278823286,1.2197621086667887e-07,0.005562508533704281,0.0007615646746887141,0.009691084459136232,0.9976752199344874,0.004859624120578523
4320,0.02173755446556842,0.0021095970415310555,0.006433947743791052,3.4607125476264906e-06,0.00931227640636285,0.0073451453055946095,0.00011226622856586064,0.0008587052474854838,0.9957822588083171
4321,0.007561590485930337,8.173024019751306e-06,0.0009151640483458625,0.00022154727146383893,0.00019234457059845138,0.8905005429431346,0.009539888818478188,0.010460155333306928,0.0008897983666144978
4322,3.844170781242368e-06,0.9622040215386929,0.02041526248550721,0.047588471248192175,0.000584989106288389,2.2221350895472393e-05,0.001498962371663214,0.0002582135434153607,0.0012014788124037584
4323,0.002533592384281921,5.045323120587148e-07,6.66742849443688e-05,0.004974752737041041,0.00029892018182338403,0.9963221443231816,0.001695411824314451,0.002145201630511583,0.0006119350503928683
4324,0.0017661500294325575,5.421847354861354e-07,1.6644188903553734e-05,0.010151958667233571,0.00024404594472334884,0.9983503209197343,0.000727603275715,0.0031883574965802324,0.00043861781806827597
4325,5.4083423169782897e-05,0.7394281500330898,0.007592021452950163,0.33638057890848666,0.00010392644698950034,5.835087570010993e-05,0.0011315789829666153,8.472500908502788e-05,0.002361070266536242
4326,0.003113241437160673,0.03325456540097545,0.12867453998130546,5.960252546358586e-05,7.506872143205322e-06,5.684721241604289e-06,0.7951794195625771,0.013211693354203182,0.059611693280748744
4327,5.133525805599757e-05,0.007167919220612683,0.0016560378902638869,0.00031100457708348547,0.9929533217370906,0.0011894801746430638,3.3020160903484567e-06,0.02399190009479697,0.004391907944741753
4328,0.1022047281567568,0.010045743639465955,4.763941087173359e-05,3.1802309878207605e-05,0.00022235456564205576,0.0003360594285767227,0.03990184428005881,0.19056923202249962,0.043806596000464194
4329,0.006236812825619023,8.961956327860756e-06,4.6877833458674924e-07,0.0018217210665366376,0.0002419644827754397,0.9826816846082609,0.008718406648394834,0.009257321446215716,0.021268981364996355
4330,0.0017558012564723975,3.1444365340072308e-06,2.2032634271315664e-06,0.008129722471049164,0.00045863173088495145,0.9984398326037293,0.0004602822360889711,0.0016497522911845593,0.0007248600554784558
4331,0.0017910950886925324,5.6000824461013755e-06,2.5424064741939697e-06,0.003924408326324721,0.0005080572768014099,0.9990990156720526,0.0008740838516616387,0.0008306292848008929,0.0009994092076106905
4332,0.0006559310297229857,0.9748217844045478,0.028374295509577062,0.0017656411712503562,0.00015363204953657448,2.5684509577975282e-05,0.008447280060733014,3.710273186636474e-05,0.22157378708456016
4333,0.0035191678281978143,1.386883234198182e-05,4.2994253343460046e-07,0.0024277717915227688,0.0004170923299706214,0.9954680884814185,0.0024629360715448956,0.0026715365125365826,0.006965622135541833
4334,6.557978826990345e-06,0.8268081285839257,0.11869050862203001,0.014454444151491467,0.006627253929292709,5.296987019465716e-06,0.004385919531065365,0.0025401682934224536,0.000223874041665326
4335,8.682883723756896e-05,0.8448206148645054,0.0844829727399597,0.00041805920808967687,0.00029192185270212034,3.213462259362762e-07,0.005525084862349532,0.0036596981035851212,0.24723483861765033
4336,0.001996661307507918,7.309226190441245e-06,7.127742012447837e-06,0.004893901497043072,0.001014034651872391,0.998365039359178,0.000450234688910148,0.00047644961894183257,0.001962790268634337
4337,0.025959932593554908,0.06371012582252991,0.0011805598434972786,0.00012524866951699065,1.149127141748188e-06,0.0006911521345289867,0.9899618384647227,0.0003201787833791983,0.0009227419391757326
4338,6.794440371965891e-06,0.08763542387135859,0.10539121473916657,0.000703875123455862,0.5048842037247889,1.164446421399923e-05,0.0003363099818202573,0.02973259920864664,0.0011364351267322175
4339,0.0023458940770299213,1.4050047329188386e-07,3.8051911620402015e-05,0.01639611110483536,0.00015804645237553288,0.9950427524104859,0.0015056499808428778,0.007912479771096015,0.0005606948869000877
4340,0.0015877909706757398,2.918150181006272e-07,3.0902971773992415e-05,0.007608280588268842,0.00014545734659910178,0.9964558915894227,0.002339209001506626,0.003129681441760903,0.0007599597938143899
4341,0.007969389203851741,0.0006568587334404882,0.020416337904099965,9.157570445101809e-06,0.013219216923580523,0.007821519490339653,9.584012150874208e-05,0.0006501132124990207,0.9952548828511079
4342,1.4281122205071132e-05,0.6343628643126641,0.26660841571636595,0.06634212843284985,0.0019905442658347122,6.4338546299489115e-06,0.006889023063853051,0.0008022534996886772,0.00010264997873699486
4343,3.0143287515378307e-06,0.38268206263829163,0.18574064033807425,0.2574302834397215,5.933974949045469e-05,5.711737633227578e-05,0.006094776509636145,0.00014729157174123343,0.0002386999727476953
4344,0.0005246970018807103,0.16529257620161375,0.01785382546640933,3.0261900378438863e-05,0.00039030710036755086,0.00021784482589481586,0.542421227255523,0.00416241781987494,0.001088465479198495
4345,1.5909250731066676e-05,0.25392059765896535,0.7703260514991968,0.02116401454601343,2.5636035792228417e-05,1.456720433033578e-05,0.0941089832494342,0.00016052840889585658,0.0030846516544575744
4346,0.025868961400417636,0.00249265641652511,0.0001094755378105062,9.16619401450218e-05,0.0043750738769773095,0.1477255913183144,0.0013668697673919188,0.005027908709613792,0.7021834214024757
4347,2.4886043737058875e-05,0.3594674415860598,0.5588610190165056,0.06119915236605854,0.0012639400326336255,7.506942498507983e-06,0.01240201176880084,0.0003437211401746594,0.00015658439106263906
4348,0.0009952595907630315,2.4214263274649537e-07,2.685992958068525e-05,0.014805903670070734,0.0001334355811864537,0.9977321766136252,0.0009694214914361024,0.0025248642282257663,0.00031209255277266513
4349,8.987768460719192e-06,0.43743595315451356,0.4241537848152289,0.20256407082777822,0.00044893214671723887,8.513928783592524e-06,0.00264028521222059,0.0004899258255743083,0.0001257987985498716
4350,0.0014769936453204802,1.0691140826050025e-07,6.682680477031271e-05,0.010567844356615468,0.00023780190100735097,0.9944105083143387,0.003589219109455175,0.0024312122355322516,0.00018469223030835285
4351,1.1247726757815055e-05,0.6925788120506455,0.2463177036487249,0.12746160145884264,0.0005596162136570294,1.2444274297673157e-05,0.003512384882495536,0.0005603535573282872,0.00010834868703030125
4352,0.0026942280094740013,8.885354157739631e-07,9.756444035258311e-06,0.010430084622505916,0.00043475173537513355,0.997993145101061,0.000826928435713429,0.0027265479084082156,0.0003728245857822722
4353,0.0005126081031353305,0.0006389959154303513,0.07157061657830474,0.000354239634362008,0.00018525672033230145,0.008088022930173808,0.03548991064237587,0.010526971526709273,0.0004949306644743046
4354,1.2584735487072895e-05,0.9594981210369862,0.07691646758825896,0.0008735990257057311,0.0009160335354289448,3.08937338099493e-05,0.0040139225466392986,0.00022354904841104386,0.011391555733977547
4355,2.421778439119526e-06,0.431603058298084,0.3989353877804148,0.023326183055036864,0.009435526201755293,3.97383280235694e-06,0.0031826268950623047,0.005255899235001125,7.427579129474944e-05
4356,0.019744723608637122,0.24880338938113333,0.06544229402591054,3.6484967353415737e-06,0.0016988273568751568,9.367821207163092e-07,0.3097960793534156,0.002881032774239692,0.018688628321535086
4357,0.002458198108782741,1.2202245834822194e-07,0.0002541576910608686,0.006175521007705052,0.00010488033387792785,0.9926700993969624,0.006801181882247024,0.0030497834182630994,0.000371036419008668
4358,0.001385926068306094,6.356834397284696e-07,1.0858295232056484e-05,0.013002476489814917,0.0002951865816825705,0.9983997175713507,0.0006142981922225262,0.003094965718564974,0.00012004778625960202
4359,6.744585088476553e-05,0.843689477290286,0.008885637694297942,0.13656711813430836,9.090442432316604e-05,0.0002557661371426013,0.0033176616495660892,1.2561223346789892e-05,0.02503241721044832
4360,0.0018792655149362254,2.2923174798790353e-07,1.986040977569138e-05,0.014587480622802663,0.00042704382611932133,0.9973830833682238,0.0007919371492528854,0.0029823726765264053,0.00023996273418054682
4361,0.002315071230779374,2.018844290487629e-07,9.596912027343528e-05,0.0066702676488318395,0.00017915910894670167,0.9972358915901324,0.002633573311806369,0.002309824095384619,0.00040688496344533517
4362,6.181755680366725e-05,0.002715917162259711,0.0026478831288927877,0.00025406972857742804,0.9956034949286781,0.0017289846138017703,2.6041777973885232e-06,0.02732183151558728,0.004113158729274835
4363,1.109490629055587e-05,0.8582138218295623,0.09903029816080439,0.10469966519780673,0.0007914644742343247,1.1763095664151914e-05,0.002342853400595034,0.00041536485068579746,0.00022860762737058073
4364,0.0005684490792267724,0.003222337875374079,0.00989152090737488,0.0031998881696410557,5.490340964134944e-06,0.029653393620093667,0.2693914190448261,0.001557185848360614,8.681177511417696e-05
4365,0.009740166930430423,0.000193229513921371,3.4557677844478255e-05,7.153666933855176e-07,0.024185866283691217,0.0037550508527284102,0.005501710968015369,0.9936181371520936,0.0012330097392798907
4366,0.0001333286304509533,0.3675195350808926,0.35991257552318273,0.018914386256451875,1.7612054421920343e-05,0.00011904466320166964,0.06339957331054233,2.6983131961123187e-05,0.09819812796367987
4367,0.014217348331095744,0.002432213229987628,0.006659567905766006,6.575187539812621e-06,0.012398243624635121,0.00795159065573168,4.809449224012146e-05,0.000751426275585219,0.995005822932525
4368,0.034620997642841836,0.01933236133631238,0.0047543788539084544,7.092514032878514e-06,0.0017895493041317084,0.0010565542603752068,0.0010645475351042995,0.0004613626528435263,0.9806279461513432
4369,0.0002186709210921225,0.9791427956351227,0.005758564219228538,0.04164160297249073,0.00012842074336167055,1.0326831366169936e-05,0.002372625297354705,0.00017971124573044209,0.012442812331173218
4370,5.378420094518904e-05,0.50213461420468,0.35778908267459414,0.06479904342302342,0.004577302772322612,1.1854455640895004e-05,0.0074748216534823485,0.00026556776161416233,0.00011867407088991027
4371,1.585564348465082e-05,0.9492075183913113,0.06378689463604098,0.04539407915049406,0.000244982539916586,6.565789113453799e-05,0.0029750252695651762,5.519937937848815e-05,0.0038841764792036343
4372,1.3502913917197461e-05,0.08571680343573823,0.0871790305551859,0.6473685248004337,6.258313493523152e-05,0.004303165668143853,0.0025527474879028216,1.715159511787892e-06,0.0055061966435773066
4373,0.002495918496384171,2.0771675716001627e-05,0.017925850703342985,0.0010260840683549268,0.00014560727686588888,0.18825310828533237,0.01876656071000541,0.0020212303096922677,0.021256037333192663
4374,0.01891052413415085,0.0013547711884446948,0.014798556005365561,3.2366596507502033e-06,0.010893573372343625,0.004530287060738015,0.00022022567999412495,0.0005408768792947531,0.9979949384811586
4375,8.759022946459578e-05,0.006091959619842152,0.001141333465728891,0.0001430010324991814,0.9829443852264854,0.0015196386949161745,7.913608597456773e-06,0.022130143349448607,0.015868217023055197
4376,0.0004819247020075026,0.006246329479883283,0.03262119351195956,0.005247671228913006,0.005841704227723091,0.00027828447294897497,0.0004092840716867281,0.005408930665089157,0.007275177868191354
4377,4.2626079798135556e-05,0.07457015295781286,0.002853207398874693,0.00022142123044971093,0.9599808341795502,0.00024999156374962985,2.302776416970139e-05,0.01395448736916874,0.0037507281101526436
4378,0.005916501697349074,1.938171433383869e-07,1.6080538110458843e-05,0.0035983210613921277,5.758028868731206e-05,0.95311698060779,0.044058462737182655,0.0363073213650083,0.005581385036010575
4379,0.9881619409016554,0.029376382065687486,2.5436630319954544e-06,1.5504265921883165e-06,0.0014216519703868632,0.009751492666134624,0.039774586360016774,0.004198907556574581,0.011742400180415863
4380,0.006126442306635185,3.3182698370552806e-06,0.0003609535607585485,0.0003509193252931603,0.0003309679821848059,0.9819275764514203,0.003374283275713664,0.00831990524412169,0.0005290235467295397
4381,6.132288838036534e-06,0.6520725125535819,0.4252579336960465,0.001982703577938217,0.006845857338187716,5.688844897228673e-06,0.036980056174694555,0.007693247424659308,9.99738209771958e-05
4382,0.7124226429942766,0.007721968707456653,1.7354955557985508e-05,3.5082032954787438e-06,0.00019825137969247964,0.026586363343413345,0.09592730353976602,0.014156719149686647,0.015184842403405034
4383,3.1171543842388575e-06,0.008053050057190057,0.9928382713081504,0.00010710568359047116,0.001467529076666104,1.4041648529195217e-05,0.0346802277980221,0.0032965636427422233,0.002594874061390001
4384,6.216532416547781e-06,0.4041858857006916,0.5256314760989015,0.08487753401755281,0.00032275100144939624,7.868721776811211e-06,0.0035092070010202163,0.0005203328759598836,0.00027522450103619747
4385,0.01228428504233367,8.341157898616392e-05,2.5102006069733645e-06,0.0017851040319013523,0.0009898461738156378,0.8709793887574585,0.005984441629474766,0.0028257884250963376,0.16369003314548297
4386,2.3290518106595016e-05,0.9673277522477792,0.03409016547322191,0.00846544248508372,0.002393678094153604,2.0611715765992385e-05,0.0034673356333235626,0.00010858303276571419,0.00339801443355728
4387,2.4821059360344018e-05,0.7457750593390632,0.05675832436558902,0.02833127071504392,0.00028159947947101687,3.159413298185626e-05,0.005399668594007548,0.00034513086854437636,0.003047991962808457
4388,1.169487917166511e-05,0.22318502720096534,0.5614201133117852,0.1419026792686143,0.0002880856833381206,2.5870845207704632e-06,0.005747317432641768,0.0015802815435696329,0.0008164561127033467
4389,3.4543042154201073e-05,0.4368674666615429,0.6500861171051899,0.018205279998834836,8.600453523203798e-05,5.483431123059116e-05,0.0532710813346283,0.0001655859056374792,0.00048366706152539336
4390,0.0017946613124911657,2.472505209412401e-07,5.419933885237729e-05,0.008827788194553276,0.00020849865607881372,0.9974845272214512,0.0013440613476982718,0.0027622804779915892,0.0004383827888848177
4391,0.001821301021866801,2.7420514945741325e-07,1.4810675393132789e-05,0.014573654194139186,0.00015494039978411744,0.9948979643600095,0.0013710667408310723,0.008688154090788252,0.0003982826389061837
4392,0.001303496756569593,8.735167777039562e-07,7.686115821677103e-06,0.014199981025068325,0.00044769248834656444,0.9986271689198898,0.00031905372696191414,0.0013055442695807291,0.00039943106423381955
4393,0.008430646911619615,0.0006974189778063845,0.005047197140506828,1.7095389031493805e-05,0.0063785059350321225,0.01834852390925181,8.628088491179841e-05,0.0008251272191183147,0.987978652620182
4394,5.459914490204024e-06,0.9713811528424987,0.02422135606472079,0.01991273590828321,0.0002581370026716364,6.193946026031572e-05,0.002717606778875958,9.348166209524172e-05,0.003288428936362149
4395,1.684421073084612e-05,0.9892167031138724,0.004383708146408289,0.026458130490707474,0.0006896051817353538,9.040064283811662e-05,0.0044377258684478674,3.418533663406897e-05,0.005088591687314389
4396,1.6518100733388543e-05,0.5449954555131457,0.1425693063638304,0.1858527584163238,7.193972417236338e-05,0.0005698770259251909,0.003989836361215678,1.3169141953955967e-05,0.002408699497634804
4397,0.0001854019925438205,0.9936899140056705,0.000638044195061024,0.034678073354819296,0.00017351632647197876,3.132586732284779e-05,0.0022763300644168226,6.630957970917534e-05,0.08072117250422273
4398,0.00014673707621275556,0.45791589247249104,0.21069354820036165,0.004528240951324938,0.00020767218585966644,2.793868207368367e-07,0.022706680013089568,0.0037334260213942668,0.03398720873657734
4399,0.0019019742601174882,5.543893453248118e-07,3.334511468361572e-05,0.005862751183534816,0.0002542240971052553,0.9985443720961061,0.0019622494146666436,0.0016372070945590842,0.00031039738758630443
4400,0.005588296349124357,0.00728081620151825,0.012218518409127252,0.00010848076910349016,3.3899598845286835e-07,0.0002951786928611695,0.9968294658503637,0.0046001526656972,0.0025065021286667074
4401,0.05433725435429415,0.005579814924814433,4.4660722762542405e-06,3.325397079820444e-06,0.012378482031578578,0.9180071409468569,0.0046693681876535924,0.017180325434524666,0.0029486521317823203
4402,0.007233937743621929,0.0002784367920207943,3.013402671986189e-05,1.1103411748463994e-06,0.03977466735523412,0.0023673356583219386,0.0016870409389977343,0.996820600441218,0.0005783457443197034
4403,0.004828846514585023,5.8294646552265585e-06,5.579688564650675e-05,0.0007197208425284822,0.0005047063446925236,0.9904915711995584,0.0017389189031529605,0.0047544360342173944,0.0009157714200638406
4404,0.001451172579216991,5.314209704919353e-07,3.582344475189778e-05,0.007089031880410564,0.0003414235816729241,0.9974030875778829,0.0015284292948890134,0.006415561085536626,6.573655729185684e-05
4405,0.014512935850805729,0.0002436619090602127,4.7913628743550686e-05,6.215127733394163e-06,0.03383240035673082,0.0004164697337449196,0.001966922603604212,0.9561282288397974,0.01016911656784935
4406,0.003802676156805589,1.0724427297798903e-06,4.277303238296659e-06,0.006421432159779037,0.0001455853161541888,0.9902805897286565,0.0035220181890236292,0.01270307670671976,0.0025960004760511492
4407,1.233423793744158e-05,0.2842286934312504,0.7009169213776697,0.0568431743111455,2.495509507164309e-05,4.6350496936726566e-05,0.03746867702234746,6.044778611355623e-05,0.0016393739944544595
4408,0.04791774282745077,0.001607356043592998,4.4051438207736443e-05,2.700966148371566e-07,0.0071734576556073135,0.005744612074526465,0.0007961639945874198,0.38775431306924263,0.6058814151405103
4409,4.100372990308066e-05,0.4257703719836935,0.041894717260143405,0.2348253809532782,6.87024992155162e-05,0.0037474407227711583,0.0031581604295840135,1.3758665909200228e-06,0.02458677307159777
4410,0.002771013302111684,2.7439965143354413e-06,1.7356182230407513e-06,0.0068166147459395405,0.0002619017569026255,0.9955364140934755,0.0013842824762669993,0.0063818472632492015,0.0014042769955515233
4411,0.18226036505723794,8.572143768835147e-05,0.000791783217950376,1.1869472218270147e-06,0.00044322707320010996,0.0013220184872554206,0.16291953575572332,0.5440789466998841,0.027694325146316166
4412,0.0017355268435702495,8.328940818483177e-06,1.347073597137463e-06,0.003992182289799397,0.0004840818336056577,0.9986233996389415,0.0008847128649705546,0.0009783398232153853,0.0010653627916732732
4413,0.007470971757003863,0.0030135687233063513,6.97295230067373e-05,3.5150982796840506e-05,0.005435649857030746,0.7078627440121444,0.000604207286512896,0.008454319339028566,0.0041774868952298315
4414,0.023978928507231916,0.0015127594622369846,0.007756340663694081,2.4216650962240623e-06,0.009284421744067583,0.006581822073210751,0.00016250715942488873,0.0011781494910461775,0.9950740320577066
4415,5.606427011637268e-06,0.559619898716453,0.5671230908721392,0.003167753902375476,0.00014507602096554156,1.0948556708492149e-05,0.0040486332544593575,0.00019507025735553878,0.024344222890373954
4416,2.384084927189743e-05,0.49645568378116023,0.45203148968121415,0.0007651438749177125,0.006484183283305865,1.973322234567228e-05,0.01035532631711833,0.0021482586779898658,0.0008516377231684518
4417,0.0004844575556273502,5.969519549256233e-06,2.3939167806395497e-05,0.04155213488849699,0.0017953162037682502,0.9966252523534004,6.357156211435633e-05,0.00010040393272980101,0.006158426409621324
4418,3.0183393526304122e-05,0.3136588663089687,0.5607044129822883,0.06326188442230816,0.0020438059011914306,8.591225370648931e-06,0.009402779655539172,0.00034179146816121675,0.0001531611429751045
4419,3.411064968395282e-05,0.6891927560824233,0.0421002836300416,0.17643174096540923,7.54904206128946e-05,0.00022104345841610537,0.0038046624572945996,1.7060324049304963e-05,0.007794521162372838
4420,5.724990780460669e-05,0.031026601157473955,0.9246526726730939,0.012339911805755428,2.1629434657123647e-05,5.2007161398285516e-05,0.3124999170458879,2.7817115630637587e-05,0.0067920274540669845
4421,0.003917985285342567,1.3955630257450022e-05,7.516251195298577e-07,0.0035330716159506447,0.0013902125036309395,0.9989001642961494,0.000914247356670234,0.0016749964179357086,0.00029451716214732774
4422,1.4258652154012755e-05,0.7260745843988701,0.2107123247227248,0.0008337993321950528,0.012906566762536356,9.58608243751484e-06,0.007494566375734342,0.005604108300585793,0.00035351385500172677
4423,0.12423012712642441,3.433149276765256e-05,0.0002418682277406623,1.7771205823950875e-06,0.00015586344728660894,0.007577843858764031,0.25429856382414845,0.459390894451554,0.11760005110743504
4424,5.7246370517779876e-05,0.01599130147700285,0.0015744119133309373,0.0001652625138094682,0.988145289409715,0.002132885732991161,5.953436899092626e-06,0.028171760998796192,0.003569024875213896
4425,1.138514961390518e-05,0.986075247042712,0.016053903573115404,0.03713800850282909,0.0009470805461203492,2.5028089228557894e-05,0.0022039032066945015,0.00019013867369586864,0.001176871060840675
4426,9.14495468226575e-06,0.12323151657041982,0.8496248458517789,0.00012061218160610745,0.024888826945513125,1.175186209480632e-05,0.015784332903084914,0.0006044548692251705,0.012536187154628215
4427,0.20666518260500175,0.0003594672269738304,3.1811485908582336e-05,5.803250574942002e-06,0.001085645882612799,0.12859302045962873,0.013959466210667308,0.0809208018586296,0.05820834873924344
4428,0.01784186449241211,0.011011352567567346,0.0032093038401697295,6.0871640529921645e-05,1.5652043843379794e-06,0.0012111637601690862,0.982245434732734,0.011378552401034924,0.002173495726988551
4429,0.36599593329554275,0.00018799192876941506,0.00016482020119246035,1.9625481099803464e-06,7.792314689724603e-05,0.007009826677081142,0.45371888103053526,0.14547896209012298,0.15076742305244886
4430,0.0021416278825668166,6.713420518946487e-07,2.3365276027039147e-05,0.006136024295513135,0.0003790313132787198,0.99869061664245,0.0011942896014055903,0.0011182067147756055,0.0005232885507797769
4431,2.5823164111967803e-05,0.09366948790869938,0.734815392369642,0.11640844500071244,1.761004298957664e-05,0.0002325872076641339,0.025269404703869926,1.4567699611489453e-05,0.004015827910104853
4432,0.0014278876511552934,2.3475518328365727e-07,4.9277841875731904e-05,0.013583257300313,0.0002299546880415522,0.9987719558168284,0.000667088525860315,0.0023975161514105943,0.00019181691808323358
4433,7.569375903000517e-05,0.007521994886961375,0.0011749363071396433,0.00019621362948983863,0.994939545509589,0.001515592120653317,2.256994778474586e-06,0.023649532621756612,0.005557130772535022
4434,4.711163378054073e-06,0.6047798243107789,0.39266028828615956,0.0012900132249835789,0.009837571509790031,6.645394391384264e-06,0.018444272075248222,0.010996218346374655,0.00013007228153535347
4435,7.193649742043479e-06,0.17429564259763908,0.7073552966483126,0.20220973641573156,0.00017400316444494127,6.375456568604731e-06,0.0054762980119972635,0.00042322524075033113,0.00030879170495853907
4436,0.0005163687766255379,6.721668410238489e-06,0.021170566551379513,7.104592969420426e-07,0.09746206591493686,0.00012034868575575658,0.0001939550680747544,0.9927732446932491,0.01869823517081589
4437,0.11417556812700826,0.0008110187966932682,0.0006887675791197112,1.67724402126027e-05,5.4689634406813924e-05,0.0014372198149232612,0.396020468686189,0.10518334200103,0.012594295188556922
4438,2.9217802805815154e-06,0.3602646005239623,0.42043205705176456,0.02283924653178812,0.009814071349668588,4.464759742540335e-06,0.0035764525948283592,0.00544052691734062,5.343750749015844e-05
4439,0.0033419086211066078,0.006281115288887096,0.015170221304311523,3.448640085428617e-05,0.006125038604637904,0.000993733369871344,0.00017566958928010398,0.001455006664463035,0.9801585520819145
4440,0.002480097726636046,2.6572774566606746e-06,1.843838110756074e-05,0.0038410133185497446,0.0002786931234214908,0.9965954326828644,0.0021128226516329007,0.0021413260837004956,0.00043085686282665314
4441,0.003043869440856309,1.5171364502110993e-07,0.00032360674905082944,0.0038131273214581703,0.00016837220609988279,0.9940165271731753,0.003605672411039489,0.004328599781082187,0.0003288819713433149
4442,2.989832091819522e-06,0.42777731429367727,0.527010287386835,0.010848935699816369,0.00026182983603359504,5.6576911883890235e-06,0.0012407000819711245,0.0011085314447071384,0.00505315568225957
4443,0.00029474294536976713,1.1156482214544604e-05,0.006563603709471687,3.3594944380818784e-07,0.027827303915328186,0.0015508960558252684,0.00015481555990721005,0.9881427345677961,0.0015479370446624622
4444,0.049600896632734634,2.694821059413339e-05,0.000158933859841492,7.305673272951572e-07,0.0008002165082597564,0.01267552567084388,0.007909844729766215,0.8770403040035587,0.06217052658631096
4445,2.9435844823934075e-05,0.004422484418767098,0.002416479548816672,0.0005703282231840542,0.9897882356112645,0.0017371146857260973,4.652137394966669e-06,0.025829092802145844,0.0030549813797077804
4446,0.02710041076203779,0.0013512055517832626,1.6436322589825963e-06,4.672202381458499e-05,0.0035355576110934037,0.981950659866691,0.003421710221269367,0.003950084110741818,0.0026062065885470555
4447,4.43225542706006e-06,0.16707993988675596,0.8693858666699197,0.027349583331151325,6.275589329846565e-05,7.1094089126046615e-06,0.014714179418471503,0.0005066971158880308,0.0007460221420080628
4448,0.0055198952136183786,3.3595873940695776e-06,0.00036203725466967137,0.00029142375437750596,0.0002217827703092898,0.9693996104189395,0.005616448345337239,0.009509630169937186,0.0008350007956723603
4449,0.026403768691014937,1.2867403886539645e-07,0.07462307841294316,4.330828070801208e-06,0.0004659505771102636,0.011240260794516035,0.020231524588530905,0.2625749377737371,0.41021672289209704
4450,0.5413618000824367,0.005151007462942169,1.2311226167773116e-06,8.254491657088265e-07,0.0034992997981495755,0.04988708942590603,0.015516277877553946,0.6192280961768254,0.03246356736395938
4451,1.0229286911369879e-05,0.2705166264372519,0.2563969690067676,0.21049739629557593,0.00033393968473543795,6.20939419211692e-05,0.0032322669465785713,0.00020267265886350218,0.00025117108655387053
4452,0.014874568045478827,0.0017197495398504114,0.013085417268894122,7.238721599301302e-06,0.009451104425597405,0.006361707900686361,0.00013285750302581513,0.0005032611524173104,0.9938204497254218
4453,0.00804933344883281,1.7255598562167508e-06,1.5851868078085634e-06,0.00397315940061403,0.00011500288818256589,0.9654709608178268,0.013367785983168698,0.032522298372107385,0.01261023615973982
4454,0.001047616063778675,7.925233412807474e-08,0.00028400047451445704,0.010315707611708406,7.477844654130194e-05,0.9956710697941051,0.0054556773512159625,0.0020067476890287487,0.0001828273426902996
4455,4.7111047613095646e-05,0.005790546546854211,0.003982988388456264,0.0002463233791972416,0.9894406736123031,0.0010062632585873675,9.715418049584544e-06,0.02301792021382681,0.003965770067038774
4456,0.06690901431852106,0.006268707069860643,1.272905041391842e-05,5.2288081785681995e-06,0.0015220864894720362,0.0015120421188379225,0.023365533401493506,0.7663155524980224,0.003949835117136824
4457,1.0292214436052225e-05,0.8788575531425821,0.08554416970034445,0.08944187464663031,0.0016134406724855636,1.3316816560639396e-05,0.0016702057122479298,0.0007551156242240443,0.0001358306087254449
4458,0.02599651812365239,0.000764460786953569,0.00022646492309797697,2.359331130427649e-07,0.10392778276109495,0.04427518220030159,0.0006241410866501417,0.1242340428025416,0.2991989657553033
4459,0.00693662579504228,0.004397628409750626,0.0007729339652527238,0.00039985634754268444,0.003337217415067395,0.044814057682679605,0.0011887035501568933,0.00042785118945162586,0.8840306307519417
4460,5.851360549647005e-05,0.1699303374324445,0.22854153574933353,0.15947208533877932,2.9874879981207046e-05,0.001346277785099003,0.012246557890115275,1.884310592548676e-06,0.02332360415396802
4461,3.560248473925038e-05,0.22482538381645642,0.640182867627917,0.04520705184870403,0.0022037256744470283,8.78511056390669e-06,0.011168115987054016,0.00031798320001277927,0.0001895926139663854
4462,0.0025271504416512947,3.3309846280984483e-07,5.4873205378590885e-05,0.006195761217425128,0.0002458120667088294,0.997815439316376,0.0023164187691293464,0.0014387614072888088,0.0005591458142772816
4463,0.0016249857320531661,6.167346434163433e-07,3.4278982198628724e-05,0.005979282256596712,0.00020330935143750715,0.9984605712167117,0.0019390936460996788,0.0015655080300267298,0.00038492743046821394
4464,0.0017923705933433941,4.349881356268811e-07,1.5380645370377322e-05,0.014327983354082531,0.000272682089271621,0.9975774634520457,0.0007947211888694826,0.00343246819876696,0.00028548430929824193
4465,0.00134174772864901,2.1435353490632088e-07,2.1280640596312188e-05,0.017360685522238604,0.00010794505894188745,0.9953084309310967,0.0012904538240637608,0.00580806471058786,0.0004610608481340466
4466,4.650717732670003e-06,0.2943930037565062,0.6335031777897252,0.05999534398308779,0.00041267899866254316,8.042872317650913e-06,0.001980728025908721,0.0007010370483697124,0.0002222379155214058
4467,0.01243882549710921,0.008909840394309042,0.0032796286138159435,7.648985942086237e-06,0.0205269346204736,0.002586835062869305,3.242694444902991e-05,0.00186282015021447,0.9846941323021278
4468,0.05543902102569352,0.0014561408854699128,1.1025592276157282e-05,2.091661818791638e-06,0.007720045405862491,0.00204260632329738,0.010265188035713309,0.9375975265662766,0.004739241969193184
4469,0.0033778973460431407,8.029428100460758e-06,9.441046148743284e-07,0.005288632923660919,0.000549986444685118,0.9976819514566068,0.0008746491431488954,0.0029835649284831265,0.00114908514779135
4470,0.046447875409698344,0.009298525020774582,0.0001893161643271921,0.0001456226384540689,0.011008991422201717,0.047305539868701105,8.924219857753106e-05,0.0002375364154835215,0.9180824375683924
4471,0.005097252593286817,0.002815228166081769,0.07785161980140005,3.527873683316152e-05,2.887332312043484e-07,0.00013096114317282854,0.9992805936146342,0.0060187507665578,0.004032047333959274
4472,2.228710947425878e-06,0.9001603902804756,0.09009124089384607,0.0021088238139427102,0.013034477771488836,7.181707294993173e-06,0.007824076979707162,0.0027977552561374614,0.0005893296530629246
4473,0.012391476638242442,0.0029554129148836386,1.3767187238641806e-06,4.863345601208717e-07,0.2502901893147454,0.0012254849351949438,0.0016333356996314577,0.9987908904556486,0.0003443980698239451
4474,8.368965979584962e-06,0.36653528203867014,0.4473272710258443,0.2738025795857367,0.0003305692853495482,8.81649860703446e-06,0.0020712779254961453,0.00035444774849651675,0.00026571476402005334
4475,0.00026771072522473275,0.9812996850036229,0.006663931650996916,0.017780139222016454,0.00010156492399054002,3.4055777708051494e-05,0.006022166260799994,3.554916779112036e-05,0.08369249725649566
4476,5.682627288621792e-06,0.8989336501802226,0.15277615532840866,0.00014054682265153928,0.06891826639630325,6.292286496044544e-06,0.004425996206222675,0.003274914000378295,0.0017280282185972615
4477,0.006202986274559192,0.00022715805824565882,2.945728595650922e-05,4.4467469857476635e-07,0.03512611341317074,0.0009396735751574619,0.0028666984631654977,0.9986404703295912,0.001046075731817914
4478,1.6035605649872422e-06,0.4200128941430486,0.5569960691199303,0.007094388263276357,0.0011678359524408114,4.425228066964228e-06,0.0021891711365124794,0.0011893577181340163,0.001208282037774177
4479,0.0014115679983462285,1.3353046542962075e-05,2.310019092732795e-06,0.003966275502677645,0.0001616440070770044,0.993850031473519,0.005010192143037328,0.0006922212258846748,0.0028496414947918576
4480,1.3688731131310325e-05,0.009617705612582217,0.4981004034810554,0.5690034276981961,1.4390368138066322e-05,0.0035016507927265496,0.016337710249244887,1.5823397928922285e-06,0.007456408337111408
4481,7.669598355253043e-05,0.8851946954750036,0.06825239046914963,0.033652629608274136,9.889871527459442e-05,0.00046892116775842046,0.004898758688580134,4.605882893783445e-06,0.03340245625350145
4482,0.20456688426874917,0.00011272372251905065,1.0009338511958434e-05,5.753181258705578e-06,0.00040494853891664956,0.3708819828115145,0.013503564045187764,0.02006549255769,0.08862586590539817
4483,0.053114085336062884,2.489339821900203e-05,0.0002477648732459053,1.917745865161277e-07,0.001336150990845348,0.014216250251291303,0.009567834561511945,0.7557346867961353,0.278525931615051
4484,0.0013361888365871126,5.460825072132181e-06,2.267914385173545e-06,0.004165292180230892,0.00023480942332839425,0.9975775514658923,0.0019430563497007977,0.0006436417579548167,0.0021459129739026025
4485,0.0018740795611024235,1.185437005434012e-06,6.681041600608106e-06,0.009219074229355055,0.00047108533920200984,0.9985621336809879,0.0008635789246235172,0.0025960383684275187,8.947673860794782e-05
4486,4.150923982543811e-05,0.9261075997498238,0.061495820592363186,0.000988077942326266,0.01126704337584587,1.356457013397098e-05,0.004144451455546294,0.002119828781796989,0.000437916591646109
4487,0.0008484434355815524,0.01650095486933026,0.00016792229659598574,7.12120710411248e-06,0.6761438172413184,0.0010840097674187762,1.257060256094777e-05,0.23501393730005748,0.43674325214658827
4488,0.0009721015589279581,8.655012930431537e-06,0.0010509864630480219,1.3583063333823803e-07,0.012466778536664148,0.000709116753790122,0.000603573148152282,0.9994176299182845,0.0024037172879655816
4489,0.006260021861271017,5.4443950446073455e-05,2.3235772150437536e-06,0.00082390611403718,0.000714446701531783,0.850871649955099,0.0012155140314921993,0.26560777714027844,0.0003300718594779044
4490,0.0023562188252670706,0.00043035030719005185,3.394150873363371e-05,7.959110646345179e-07,0.08569425960222614,0.007048565602783006,0.0006143787431936542,0.9927099926431933,7.893306515414906e-05
4491,0.0021724931955762242,6.796154117954404e-07,1.8393793573406083e-05,0.00432924923998289,0.0003505652735074726,0.9981887030445517,0.002908113773988443,0.0028235070330993447,0.00012748090476029784
4492,0.004462070757190441,0.005820124290960392,1.9232436761496417e-05,0.00785256464700647,1.435828912067353e-06,0.02727001204308168,0.9194927988837288,0.00034095952113879027,0.0017914872677728827
4493,0.0021424128093063925,1.0206040080962119e-06,2.8411087024937447e-05,0.004536038958182594,0.0004611320224986813,0.9981741657173031,0.001106134973906174,0.0011060615025159778,0.0007987113372526335
4494,0.005261912560122508,1.2549367101748727e-06,2.6513579725598436e-06,0.00646418032863513,0.0004622017402723725,0.9901992911736515,0.0018240206597005845,0.006428184685662533,0.005542933278069164
4495,2.373946715616653e-05,0.8542244617022416,0.12494591251466049,0.0009389102700268801,0.012601816947098754,1.2104896994329856e-05,0.00457922008848554,0.0025638420040857155,0.0003481613670502727
4496,6.9128525428228674e-06,0.5386937333550484,0.3395541528094936,0.13721685117666915,0.0003801115281077908,7.257563006416197e-06,0.0036420551746349054,0.0005386373482099743,0.0002628574581723611
4497,0.0010600356095106542,9.974229077804878e-06,3.3714048957646214e-06,0.005284159468705197,0.00014879753400103937,0.9959593156136484,0.0031497589650518153,0.0004900143403901251,0.0015767750121189032
4498,0.44130657774753174,0.002343091139306537,1.6077721071515988e-06,4.36711194470518e-07,0.017577310241214696,0.03150036152178752,0.012342955105519303,0.7760010661140823,0.027421379379424213
4499,0.0012165410312122997,0.8892628774659977,0.09263503182541741,0.00048799728408779734,5.463275606878342e-05,8.767954436620707e-06,0.014047833139658844,4.9931456937141045e-05,0.7615521801749832
4500,0.00021944473057831744,0.00018640189136648986,0.5000191389268528,7.817262373865635e-06,0.011446661687492449,0.001496644408058071,0.00122503058399555,0.002685581702321541,0.8940652105545305
4501,3.033425713725791e-06,0.8297036378861119,0.18018584931088408,0.01914510720852767,0.00019391535958681894,1.5557508165037028e-05,0.001782080274406016,0.00020831576764101,0.003947003081779657
4502,0.032659894385906815,1.1792161812270383e-05,0.00021998275196425803,2.7405461042029417e-06,0.001831033723650595,0.010348660696355207,0.054904513957536705,0.9038106959052898,0.015451301712286094
4503,0.00011841429788649033,0.7035815565745459,0.37567532578300983,0.023946851330087345,7.193293783613234e-05,0.0002937397830470053,0.012812778204430546,6.001503714258641e-06,0.01666087755275829
4504,1.1935215289935673e-05,0.01156316796516249,0.6183703296280619,0.5107041819699238,1.242545543248722e-05,0.0020617078580795643,0.010152698145128099,7.718631896334441e-06,0.002895562484170187
4505,2.896326192433038e-06,0.5946353203988157,0.21012806692125993,0.013131152582080701,0.008321248273573174,3.540221997378856e-06,0.008170633669174162,0.0029774632570793115,0.00015477466302128416
4506,0.003344610534605568,6.49842561492241e-05,2.421051689271143e-07,0.0024872583767455185,0.0015854274483077303,0.9980011324153488,0.0006852519222537964,0.001558391169151007,0.0012124877306003237
4507,0.0022996658046680616,8.187688870893237e-07,1.6328912410417846e-05,0.007020343419283965,0.0004558270406091936,0.9986069010550541,0.0008119897285299093,0.0013654466346181876,0.0006360976430744162
4508,8.928350333242862e-06,0.7787136953558462,0.1605837040473761,0.001094421889004489,0.023314147081453813,7.645838592447653e-06,0.004087967411570686,0.00801528503212717,0.0001542834694736548
4509,6.810366582552891e-06,0.4753839999272087,0.4036883196292335,0.19237541305405842,0.0002447656182422469,9.24678503290586e-06,0.0020682786609957622,0.0003272604941318496,0.0005610266078745394
4510,8.137757682512023e-06,0.9588078132875396,0.03145727481653928,0.0425249893854002,0.0009272098603121464,1.4758158468742909e-05,0.002391729260661494,0.00021663257274268287,0.0010788497731873139
4511,0.010364985777614142,0.007960818438518098,3.950474521691979e-05,7.130979788638675e-06,0.0008271944860460602,0.0002670917364841967,0.03082532261504564,0.9470138870697168,0.0011533747476877405
4512,0.01828841547587572,0.00015908132626659278,4.0748053751573834e-05,8.962703302923123e-07,0.03129124329470161,0.0007630475754885721,0.004981699717078586,0.9977333969653176,0.001019217859584663
4513,3.2003626432611043e-05,0.10410638806435157,0.8330528463170053,0.05576161619319383,1.740863212231713e-05,0.00017446404579436536,0.05440828834254584,9.866635152944156e-06,0.007819802465378242
4514,1.1430695636068259e-05,0.6725070769406251,0.4040764627967795,0.054639142344835905,3.568510297691288e-05,3.1531222669961266e-05,0.02017103144123874,0.00012088449944841439,0.0007865049341286887
4515,0.001405094649215077,0.00016935005144445592,8.562971019508211e-05,1.478302576674059e-06,0.036150216398374874,0.008656632911897597,0.0006698461191114104,0.9911877026172119,0.0001001339151555388
4516,0.003339412245549825,2.422518321378504e-05,2.9430148110023984e-07,0.003781754129087887,0.003408068498714256,0.9929346637851816,0.0011473071874309646,0.02966779059552859,4.579282863605141e-05
4517,0.004937281189043994,0.7415342505316831,0.004729251938091848,0.0002079856218041016,7.577994431128506e-05,0.00014521072703607924,0.5925032096246059,0.004372481383672741,0.0007500846618916195
4518,0.005241070822523878,6.399961758023905e-06,1.7896419879417744e-06,0.004432842075039697,0.00015815703483007009,0.9865369818493583,0.0054984181409696645,0.007846712092322981,0.004872322101571129
4519,0.001226212657363384,4.78223130595707e-06,2.0802305426864796e-06,0.004958131290718727,0.00030481810697221895,0.9985241976527196,0.000926413797572764,0.000757850406414919,0.0013886242009427986
4520,3.887333594202406e-05,0.077813920927445,0.007046114473686399,0.0004903046484797019,0.9499048405967704,9.687206307950904e-05,4.032870002681558e-05,0.008965503805434148,0.0022004300539591056
4521,0.03253379404716303,0.010783538320696746,0.00028429308075107154,0.00010666675425346585,0.004292035657067321,0.021844235988361008,0.0007023281398579848,0.0012608445924180767,0.9167865012993179
4522,0.002663367991362382,4.2760974076076666e-06,2.027311746106725e-06,0.005968415391896653,0.0006416179870803874,0.9984825397270399,0.0011713001808517723,0.003454087199631544,9.941619660594918e-05
4523,0.007119698125453036,0.006359709728739477,0.002268781928861581,0.0001516668191382553,0.006753966658090299,0.10862452676835707,0.00014678015763224518,0.00031524412929292517,0.5837017510020519
4524,0.0008468139737516255,7.493412529158502e-05,0.00015409016387944876,3.0824014253614226e-07,0.0417161937388925,0.003636567615192368,0.0002396613107717787,0.9980662472111161,0.0002461864512689794
4525,1.0183874098658997e-05,0.3982845508079625,0.4682154981489863,0.001243070398703322,0.008103775402488753,2.654789208114949e-05,0.0119906115951025,0.0030859052386194817,0.00037575941770485674
4526,2.2354140461858233e-05,0.7788588871045182,0.0900516749322267,0.04316789215234952,0.0013453757552805044,1.3869151543998085e-05,0.013602063626952583,0.0004137459145407707,9.754722973286216e-05
4527,0.0021622737695244022,4.2253622499645156e-06,1.8383692390726654e-06,0.007342319024296706,0.0006717068039756393,0.9984584430129319,0.0007700768164913009,0.001914615121734735,0.00018872925468807673
4528,0.08693509632426784,9.786318866760962e-05,9.856326915838574e-05,1.195042932295352e-06,0.002078508998286335,0.004137752643910321,0.004254193700913017,0.8565694793305296,0.03336190970175499
4529,1.8092561738958303e-05,0.9897855883113588,0.01569803836627406,0.01143588061640285,0.000328294487206129,8.841337026245009e-05,0.004848450397326456,7.595645371429362e-05,0.005643545540180322
4530,1.4388280959150503e-05,0.6646966258093016,0.21675492425862675,0.07973946874247366,0.0013980779642879858,5.864095455267156e-06,0.005314589358896629,0.0010233349598388539,0.00012652916149576132
4531,0.004904358752505746,1.881183774595778e-06,2.4730061217340247e-06,0.006058967921787574,0.000241784171224569,0.9919930552571301,0.0027693316446229144,0.013633528713416299,0.001869365600528746
4532,8.69255856259177e-06,0.18369755884676178,0.7311151886332866,0.09595200007777659,0.00024824629783724833,5.199513030175455e-06,0.014748045311802243,0.00034915897211722403,0.00026743669559418714
4533,7.058732701602456e-05,0.6435874651977984,0.1273966395083961,0.0009690349865256313,0.006119328340368131,4.640138270226025e-05,0.001946383742263274,0.000839394038780961,0.0016581388018310204
4534,0.07508105949613282,4.64130334160383e-05,0.00013572865726116381,1.187193457258084e-06,0.005581585315667685,0.003251327852783956,0.009555715524893359,0.9657874702328574,0.004976385108558159
4535,9.493732274472252e-06,0.6940937478860356,0.3628010428235586,0.05472785275351955,6.047185129483748e-05,3.801756120178477e-05,0.013625278804288626,0.00020675304789276205,0.00036932255298215936
4536,2.4803773058374773e-06,0.466477526101674,0.48243183965498815,0.024432546186587245,0.00022787734477627976,8.124256203690225e-06,0.0027361451874313644,0.0005691886165336539,0.0009884918029504888
4537,1.4801725823713969e-05,0.9857901519563433,0.02239767407758469,0.002045924175344433,0.00137083104830943,0.0001230214816511295,0.00751733279905182,0.00011352217142914677,0.005857773954512912
4538,0.0010576139620394954,3.8217692920439527e-07,1.3627774441454291e-05,0.019069506693136812,0.0002404174011743727,0.997941559012385,0.00042079671939824196,0.001956058762429394,0.000372459444607339
4539,1.969981448739356e-05,0.9974521179964889,0.0025490146355272815,0.017787982225880405,0.003304755707688818,2.9546008408584082e-05,0.0022128873800672396,0.00016870747011774715,0.0013087349410975389
4540,9.05482246150553e-06,0.9934934850680399,0.003766010124492848,0.08275564327156092,0.00042737696353683873,6.0164460696571687e-05,0.0008693919867845229,0.00017345030609905698,0.0018719259016421995
4541,5.2160950904989334e-05,0.8346497152350723,0.19689802757215882,0.005264544710897987,0.0001878857924851017,0.0003945452431411405,0.003915218448725462,1.4478783772637265e-05,0.04241279668011868
4542,0.0016946516023201897,1.3696276664313343e-06,6.880969671995989e-06,0.011855092064603565,0.0005833288131831533,0.9979191240399102,0.0003773547487500688,0.003396958149440483,0.00033742116175700375
4543,0.002762155806836728,0.9874041645010145,0.009990822375128262,0.0011457734021337242,0.00010496584610948221,2.6052830798460637e-05,0.011565936763048694,1.9555549958453328e-05,0.27642217855564116
4544,0.0013872502093033845,2.2370714851096938e-05,0.00037572896028365243,2.1811611235100664e-07,0.018386477247971426,0.0008345439628845271,0.0006740380770392938,0.9992555905965357,0.0015765365964561363
4545,0.006758948713847476,0.0005130607787411777,0.0025621662604354473,1.1692364540847084e-05,0.00499631058291407,0.023575577012357754,0.00013507736466328359,0.001752634910110598,0.988204696698653
4546,5.7713765014007005e-06,0.1099139048511164,0.8499971656683488,0.05223511165699277,0.00032188926338754887,4.1842275300129564e-06,0.006005431691323443,0.0005427392923406569,0.0002665092431012018
4547,0.000971636286692482,1.9825884536894502e-07,3.2845776545094003e-05,0.015276544660951916,0.00016203478722112208,0.9980997603965107,0.0008189056128831175,0.003265352829868718,0.00014477337683905665
4548,0.013327916018634306,0.005635531952468374,0.001035741761536982,7.895907214431875e-05,0.013177938691601469,0.02061219766645281,0.00014086977709062122,0.0012369298568445505,0.9727812538902949
4549,4.326889346159367e-05,0.9938967428085618,0.007543159603762828,0.007879466625658688,0.0006241565755969244,0.0002717932544814834,0.00417789264832937,3.5269701832142963e-05,0.008327102980520222
4550,0.0015744883447784358,1.3485270834471798e-06,1.4875224149845419e-05,0.005923208457491653,0.0002391112516167417,0.9985069104282894,0.0015409330494201897,0.0010141658988395267,0.0006834485534898629
4551,0.0017833162435860973,1.9446498938013452e-07,3.7342158282321694e-05,0.006979149866984265,0.00014398470853634057,0.9951901345057033,0.004538926137697859,0.0031569415202832058,0.0006031343659150575
4552,0.00026636460740692283,0.0032606215599908796,0.006485121996448875,0.0013398551578734565,0.002351656272602747,0.16311048496784322,0.000405339323159311,9.175673008790321e-05,0.3563675970975264
4553,0.010865065204536822,0.0004685586731832699,3.3982459664957875e-06,0.00013861320111401595,0.00266962181942453,0.46231408131362206,0.0007784410218134465,0.5017575217649509,0.0002478751499531653
4554,4.376277775275121e-06,0.9776989363579891,0.005661501752014935,0.03928749327316972,0.0005243887836661636,9.325855544824406e-05,0.0019757879169223745,8.496876750350947e-05,0.0018096540649383422
4555,0.04605586228255392,0.0016508096798933658,0.008391879975448619,8.015009514589224e-06,0.011196412957197557,0.006256366028047121,5.233633816467714e-05,0.00046648457639237163,0.9708648972469238
4556,1.029461346012799e-05,0.6803589665682791,0.26136558705516616,0.11523169010514867,0.000445633105659571,1.2893795191872073e-05,0.0030961077140427913,0.00022263046206872825,0.00048119504430157957
4557,4.0367970795693435e-06,0.28927746111430785,0.557484687157828,0.13937888823427966,0.0002900210929855405,6.353532542530355e-06,0.00265616295996139,0.0006734390641377002,0.00023815732202068387
4558,0.07379733244363804,0.00010648732081264473,7.085698892447204e-05,8.848712928587728e-07,0.0026465301197111635,0.001178885894270502,0.05405389913014986,0.950641105841611,0.014312699089975123
4559,0.0011942462669164396,3.7554145327512838e-06,2.54696846221472e-06,0.00514448279459597,0.00029853575065863123,0.9985914802011165,0.0009224726095292039,0.0007945539746740054,0.0011655855547083626
4560,5.172142657719015e-06,0.38193750546854194,0.5306722196635787,0.0357723564868471,0.0005151960780599265,6.316364960949389e-06,0.003531559515096315,0.0006962739851713277,0.00032161609464130715
4561,0.003129361934581062,0.0009627786955234568,3.481895144698619e-07,0.003434447819629641,0.001519290387455613,0.9931038875818977,0.004230237019182372,0.00032106903592210535,0.00035224033856140046
4562,0.009758682093929837,0.00021663406281474443,3.696963433933247e-05,1.1466299910495188e-06,0.012998994838957958,0.0010603435861385705,0.003978885223228767,0.9953895825881927,0.0018921070408838678
4563,1.257951373049478e-06,0.9128120061509232,0.07521778654923285,0.0017146246574810888,0.021263392891358618,4.423151991768325e-06,0.004122093616309721,0.00549176761356951,0.00046967053815050397
4564,8.750466690937909e-05,0.001618084948481252,0.6983107415475152,0.010072353077652337,1.3127738537925813e-06,0.0006647416912297716,0.85624024810616,2.6104807614870378e-05,0.00391294666537088
4565,2.7349818107391205e-06,0.9820029676662998,0.02667914766160386,0.00372080576169878,0.0030323632289001867,1.1933391447382728e-05,0.003449993114057209,0.0011661491291830484,0.0008934302769045093
4566,0.0005686071656523687,0.9190089586248578,0.008276288393924256,0.0393874141920182,6.233937450167608e-05,1.6894719742583642e-05,0.005183926568136981,9.417518705438938e-05,0.06216168856796125
4567,0.006926314516846014,0.0001298893992632909,5.2305076350308706e-05,9.826234221333749e-05,0.0020445300608735685,0.9644407066410894,0.0014507669573405307,0.005179178815902797,0.0017795774861695253
4568,7.437051102610309e-05,0.02669206156082842,0.6771402324160997,0.01641287597807587,5.497299257022857e-06,0.00027623352198166446,0.22596257699264302,2.3584290754886086e-05,0.007066469300411778
4569,0.0053009295114316984,0.0005595211245756312,2.3069641668076785e-05,3.327145768563845e-07,0.07507994643159657,0.0027884018294135077,0.000953222769864377,0.9979690608652638,0.00033909814181907734
4570,0.009277009233985705,0.005277957667260214,0.0748873427828291,7.686207352179644e-05,1.6481673165751574e-06,0.000659624617341532,0.9806159377378951,0.0035524188247421855,0.0005975332758380819
4571,0.0014691127176666378,8.046206448332607e-07,1.24287855000448e-05,0.010220726304321729,0.00031541836063474487,0.9988398335253867,0.0004923530214606304,0.0019138817566870443,0.00041533205433423636
4572,0.00045166880563927243,4.031145167988755e-06,0.0038489734175017726,1.9246626429969768e-07,0.01026649866651718,0.0005237725012033766,0.0012059895803193188,0.9990079234013977,0.0012123594365049317
4573,0.00011855520438373587,0.9769903730175166,0.004880339596641785,0.042706625411101935,0.0001702931294871374,6.401754349950946e-05,0.002768150899180869,3.8504531814683216e-05,0.04124151473054972
4574,0.01751884230549979,0.07213301610014167,1.2340922797715868e-05,3.697648411351068e-06,0.0002708741358072185,0.000163537544572458,0.2141755839982994,0.8973111094672201,0.00169033577184567
4575,0.0016219936666307356,3.71272407254119e-05,1.7050983749964046e-05,0.0040328689800258385,4.9156130249625404e-05,0.9580250062287696,0.03344678783471316,0.0006332413916154098,0.0012090203266130045
4576,2.5857225712975996e-05,0.7836523896815005,0.14857569233541038,0.08320290839966346,0.002157193245867322,8.290941112278379e-06,0.005362980267048217,0.000495598091530467,9.465728805605993e-05
4577,0.00792521421854583,6.23202978234174e-06,0.00517798165943097,2.8819882995343915e-06,0.00016530791181280276,0.005655639714519763,0.36472332337643576,0.7990959771037847,0.016564558567648335
4578,3.6613304209234006e-05,0.9676999025027493,0.017658129525789625,0.028014876951308717,0.0005441557182516748,9.672983941679801e-06,0.009412219872146655,0.00010310080863859987,0.009775216001779326
4579,0.001726877466494794,1.301796368443201e-06,7.301355991384767e-06,0.009668423505902872,0.0005153764726351824,0.9987644154612838,0.0004280589545236585,0.001505672540406745,0.0004961561377620474
4580,5.820306895740667e-05,0.7655632257721362,0.027432453216197316,0.09796264395704356,5.7999476340353654e-05,0.0005284585403417931,0.006508654344788686,5.62256535795056e-06,0.03189851199016874
4581,7.287959787219658e-06,0.5785277708065483,0.38747089693234277,0.001010495145243436,0.01637853662775278,6.081544591479317e-06,0.012599938471271594,0.009883927050448021,0.00016849444022406547
4582,0.013746343526484019,1.1007738998514563e-05,0.0006845404113439905,3.4045380538064225e-07,0.006924768089826759,0.0014505200757098733,0.020011595234238715,0.9927166321223313,0.007781573233621301
4583,0.0011556984424302954,6.865884025149038e-06,1.5701382825707289e-06,0.004713531563905177,0.0003266234734117608,0.9986283606669601,0.0008605530791687993,0.0006516635069599045,0.0014388711876507755
4584,1.3290278010331793e-05,0.04926649980417688,0.9083986850580273,0.07525083440964074,0.0001019046362118441,6.721798399247877e-06,0.04280752636604739,0.0001364678803111287,0.000950535325825757
4585,0.20447984165289199,0.05083235894358627,0.00021096110033040782,3.887210614784588e-06,0.0009859019294886264,0.0026232735106358302,0.017102866765287852,0.00398815910835243,0.4179766480784556
4586,2.4433027314409918e-05,0.6911267145687559,0.22386403687292272,0.06873108618751984,0.001437567276661607,7.285265104489116e-06,0.00924064998303092,0.0004131969897968779,0.00012370178499235493
4587,1.6509454662337151e-06,0.06969661347672847,0.8668692815122215,0.0470071735944456,0.00014579353539145948,8.77941749556476e-06,0.00136378082157685,0.0005265177855880188,0.0007272305947604136
4588,0.00012141311533960737,0.756370729670837,0.049254441292446736,0.007573188301355705,0.0003885814716186064,0.002130965674125118,0.001807875406102326,1.5342018698850295e-05,0.037126828063962614
4589,0.0010580351270401496,3.068062405263571e-06,2.1921542287511195e-06,0.005195893808966811,0.00030842612970274463,0.9984914372226739,0.0009885031768761471,0.0006843224579396334,0.0015554043325856442
4590,0.010940086962241547,9.481953100838437e-06,4.3845742986905783e-07,0.000734943705172963,0.00027810039590485077,0.9656479001477916,0.007930303826856153,0.017247475250519072,0.08671769164691215
4591,0.003227807638293376,0.0005596591889026147,0.00919406425731562,8.725979745980461e-05,2.3057112342736018e-05,0.021097615507373737,0.7332310221815952,0.0073937519328808226,0.0001806779671124167
4592,0.04001970084789616,0.0008321516555111414,9.252279365070206e-06,1.6307656482046303e-06,0.007051874098747538,0.0021222249129727905,0.008743390578202887,0.9721922207128463,0.0039059118359363143
4593,0.0029008735884271616,0.00012033385399821743,6.755598021546583e-05,3.6864030591873343e-07,0.023873990493823136,0.0010860578831359572,0.0008983617110419472,0.9992651308642848,0.0011738500116522295
4594,0.019533028475717463,0.09189453511028589,0.00015744837253575726,3.6100820208360266e-05,7.442236396260803e-06,0.0033131012718411296,0.8860936387704417,0.0055578688095519035,0.023592883576700082
4595,0.0013686800239325612,2.5580834726645417e-07,2.3576894739305117e-05,0.013372704964240468,0.00018510521464283535,0.9973506955108278,0.0011071744119041731,0.003981160018880294,0.00018846362187716447
4596,0.010408686964754483,0.0014714469094517042,0.004745705797818316,4.208696277033249e-06,0.008644493413629703,0.0066162849038486635,0.00010325909827569198,0.0018550219267648637,0.9937116406465438
4597,1.284205214057846e-05,0.5283243184126263,0.244703635611909,0.1337168097671015,0.0005993192625632567,8.770607255778696e-06,0.0059369503091670885,0.0004419509111742804,0.0001245640354132891
4598,0.09015839677838855,6.904469914449865e-05,0.00413447287641382,1.2659680540272465e-06,0.0005050205403265999,0.0005376321189073466,0.3309575281129379,0.6574561178776824,0.004208605075212153
4599,2.8772481946294686e-06,0.7787748770357436,0.16862747482330864,0.03722062472593522,0.00014654026385727654,2.3374375964679765e-05,0.002615950608465185,0.0002074872923381872,0.0014458578143199169
4600,0.0015372913234191301,4.267371688571494e-06,0.002683101490956257,5.2859706430006536e-08,0.02085448365517006,0.001145822431002993,0.0028079446253130194,0.9972143800167946,0.002033175327084423
4601,9.928913857589085e-06,0.9686337860148809,0.0027888202706255276,0.19390309974206052,0.0003585805995539103,8.405191352036966e-05,0.0009504121499680978,0.00011479304919340007,0.003660060809047625
4602,0.001062867194714976,1.2659049231248108e-07,2.9658485605723662e-05,0.017313285565145022,8.718771372664281e-05,0.9945378804654468,0.0015932941258032696,0.006327538895594323,0.0004304508679780193
4603,0.019831848903678444,7.367738467123423e-05,0.00017098453839380158,5.345090414981395e-07,0.005413646411732172,0.002023616111964977,0.0012429906346840866,0.9861304821874369,0.005909357955637833
4604,1.6779084102155504e-05,0.14133594773391697,0.8217927232963718,0.0542867757508882,1.683328489160141e-05,5.7160223253705265e-05,0.06281253049351589,3.5142329217699966e-05,0.002989890722932816
4605,0.002344991944644703,7.680917307377233e-06,5.1349246578402396e-05,6.961519394828508e-05,0.004933382017343955,0.8753700950797986,0.009168131553649756,0.1273313359611575,9.267300024707599e-05
4606,2.5735443556673097e-05,0.0023396947737591477,0.0034436488755274514,0.00036829504445015334,0.9848818568215619,0.003310581371838566,8.012726190406259e-06,0.037554827225282125,0.002667963560690237
4607,0.0029349601366218006,3.2745251528571104e-07,0.00023983522390526454,0.003208305917272145,0.00019779705236507199,0.9941479854941606,0.003801739570426945,0.0022690459534319934,0.0004743087400079621
4608,0.09536705334013633,0.07058230152609088,0.005953544652680027,3.115605148381886e-05,1.26795923138715e-06,0.00015474783842369907,0.9955223168129006,0.0006203382884646867,0.0007527677209073421
4609,0.0018393525348486262,3.3918000764701284e-06,2.3374893458136313e-06,0.0070084575938407796,0.0003199538040617884,0.997934560018229,0.0009097717218723694,0.002552028584428341,0.0005644485167553307
4610,0.01303001632818628,0.001767114674016932,0.010539741492457979,8.596890213135567e-06,0.012681878446105065,0.010585512823656613,5.737970078291392e-05,0.0005960725601032143,0.9926084544725211
4611,0.027113619343744025,0.001356941141192864,4.9077872025510115e-05,3.3549567886806846e-06,0.006239643101599891,0.0008475467521090345,0.011532367872527378,0.897230186651223,0.006789611019872363
4612,0.22379477772600118,5.379033897054727e-05,0.0003193918153910427,6.357561104628067e-06,0.0002073550353798231,0.10692863709796484,0.09404562288438667,0.14754644483069787,0.01670180656064441
4613,2.2055005822221887e-05,0.14040482839658994,0.03897401476328594,8.090961171836672e-05,0.0005596317652736911,1.4593093664773483e-05,0.5633659636057404,0.1999434932640954,1.2406098664483982e-05
4614,5.685241074297358e-06,0.98791113641093,0.013872165113271091,0.011828294120147924,0.0021604175000568587,1.8895391547635427e-05,0.003008464057689655,0.0005037211650418124,0.0008125210723773043
4615,0.023121182104202494,1.3904078207490393e-05,4.8684978897784e-05,0.00018473922962048426,0.0005762182999497624,0.6534679396205528,0.004313454945006865,0.11070310437713728,0.0036376352830275096
4616,0.013390176367888109,0.003332256613201387,0.001160463763130714,0.0002550771603387972,0.010610375848855333,0.013465858509591843,0.00026510668341854065,0.0008069296965994714,0.9607910909945407
4617,0.0018718685112237264,7.854036014283462e-07,1.7997498333229012e-05,0.008292428396556107,0.0003442090977020635,0.9988375082497566,0.000648155839207487,0.0018931782998666614,0.0003804237324500477
4618,9.313079808517509e-06,0.3035649017971907,0.04699855136920223,0.5373016733621279,7.209628688663893e-05,0.0005047293764171713,0.002094503091867865,2.2600392138387226e-05,0.0016737678236052227
4619,1.578361318491917e-06,0.08395832074781963,0.9114658980816736,0.021745364221013974,0.0002071936214153018,6.445516053114002e-06,0.0008621843227504548,0.0006778979908975904,0.0018634853315938804
4620,0.004950698211633232,1.5688501322806513e-05,0.08213275282669888,2.5491635143113304e-06,0.04061342909391348,0.0016604522966911473,0.0001253300416776902,0.037396454953216036,0.9567058385286182
4621,0.0007442884137881487,0.00027384725421061395,0.00012400387131224458,0.043899374772371706,0.006798034018000644,0.8410742689589407,5.240389530754011e-05,4.8417778578154016e-05,0.5458456962298666
4622,1.7458502436785954e-05,0.11334740039765082,0.8670635425918951,0.0006118825589525713,0.00291013390482188,1.6980952794109557e-05,0.0762288621776125,0.0015522022100423005,0.0014656230861809186
4623,0.07976122592410509,0.0005258066813792013,6.438032814448859e-06,3.895461492687657e-06,0.010691929217989157,0.002158124784894429,0.004021328687129191,0.9279369719880819,0.009448006913486672
4624,3.103192176684992e-06,0.9537069991538077,0.07725753620152179,0.0012202039900362717,0.001803809216144627,1.4133797593162813e-05,0.003059284195229519,0.0005823047495672015,0.0035896709635941542
4625,2.7082251319147096e-05,0.16940302713047262,0.738879102665977,0.0925073549986305,0.00010298791406212639,1.505391478843561e-05,0.014996402987673582,6.43801668192288e-05,0.003745386829204367
4626,2.3523213177423374e-05,0.0704152491705286,0.8419104937599775,0.060111607943772224,0.0007500607817692832,6.359737307645145e-06,0.01726496823003057,0.00026187091614201217,0.00033009397077848136
4627,0.0014377326693720677,9.332940921643943e-08,0.00010692011874841056,0.009845237990712557,0.00015698582445354534,0.9976387860564322,0.0023568929312034943,0.0025662835364674225,0.00020003107791994937
4628,0.0010277407182037162,1.7552181178411928e-05,0.000562844941032206,1.882456251444301e-07,0.016795966625499734,0.0015796240925469592,0.0007116751070473379,0.9988660016297732,0.0010142695114281719
4629,0.001836984120808318,2.068941028466891e-06,3.9746435632295465e-06,0.010871473017748741,0.0008583966737323419,0.9988779761499031,0.00023958050196191917,0.001285296282559764,0.00047872488234622737
4630,5.5014486387274544e-05,0.8867479338732343,0.08208100784042499,0.04692939075584912,8.69198566086743e-05,4.3711422765140145e-05,0.00419630504035717,7.888505756965677e-05,0.005476833746822837
4631,4.797623575701621e-05,0.8362805924586221,0.05079039523072132,0.0012154272377490824,0.002671764057328574,6.735406943870267e-06,0.06136503155782158,0.019527746357388145,0.0007323814157821817
4632,0.05891139760198065,0.00013613876471090533,0.0013886010520285403,8.549213264997175e-07,0.0020898413074669046,0.09838753369438819,0.0024578723883372624,0.015722992106203416,0.5096578139921936
4633,0.05230378705321632,2.551033666864685e-05,0.0003917760533311161,4.1702131030863456e-08,0.005733713186549859,0.0038710279749536655,0.004579128946395721,0.8327624906817706,0.21218667340608743
4634,1.1461259514567156e-05,0.49220014002886064,0.47346703135729445,0.001238200084381762,0.004331114545706107,1.0933846012843328e-05,0.03066117828102535,0.003142325550225861,0.000527763339694097
4635,0.0020070429023512234,5.347815630401263e-07,1.4017931248352449e-05,0.011506002588999375,0.00013698449907757025,0.994294257386623,0.0024004573751929786,0.00486637492903321,0.0005896325162158061
4636,0.0002744528697835913,0.9428419252962513,0.06938269524942875,0.014973057327386243,7.126312455464576e-05,7.915384918343293e-05,0.016433856810390907,1.5152481221515908e-05,0.02412306302777869
4637,1.093099216848011e-05,0.035413715346201885,0.9271089610454303,0.06337605987576454,4.116907753248189e-05,4.340227547583188e-06,0.08000319741656248,0.0001776898911628125,0.0022026116379756802
4638,0.0008976575479877263,2.7694207942970707e-05,0.0038413203009540517,0.002920061563534882,1.7650916531251374e-06,0.1064057388334532,0.8610669705042894,0.0007307428605660579,0.0005353972573498296
4639,7.76337927143011e-06,0.9774092115196281,0.02181229380332898,0.006730065134308752,0.004710427641505184,1.3971924069055745e-05,0.0035448213368313333,0.0004765617532910433,0.001558663635248584
4640,0.08322353552977801,4.388694763995343e-05,0.000672430447138698,4.576577619761504e-06,0.00011925937623166584,0.042805612239447684,0.3540307325099721,0.19583853342075386,0.02099913842049459
4641,4.614628412403959e-05,0.0034383331418900032,0.0038211889060221433,0.0003419168146617401,0.9926638688847056,0.0010601435461622827,5.074891679261782e-06,0.027012481018713723,0.0035565371815006247
4642,4.7352034701945185e-05,0.25695851848378526,0.306535428086623,0.00015715390060458227,0.0006743395066275495,5.140642706940335e-07,0.0009398452278978859,0.09606160557148216,0.06279316100697485
4643,9.572482737617202e-05,0.8777507902626978,0.04254475366170791,0.044764521802017954,7.856970175213993e-05,1.6116675805546665e-05,0.005273576227772752,0.00016693761893806622,0.011447780469406494
4644,0.024111503759448327,4.154196349835224e-06,6.560960805205557e-05,0.0003520640065961012,0.00021096546308664975,0.7128124723285855,0.017697730212390576,0.09202496476085793,0.003047608176117444
4645,0.010519751888973701,0.001102576469888746,0.008440780617509608,1.039622218049952e-05,0.02163667576927107,0.004622780537412452,3.024428776230651e-05,0.0014861466786995979,0.9940699113446049
4646,0.008642113888937014,1.850501326775436e-05,3.190638584874748e-07,0.0027299064941979376,0.000285888353154812,0.9855706613704169,0.005073369142587325,0.006317677585716414,0.015000614872136381
4647,2.2658052067473958e-05,0.09290929249361274,0.5193349995624689,0.3020655665654362,4.567463405096874e-05,7.67508860976055e-05,0.00737489191994812,4.739715585173489e-05,0.002254620545382135
4648,7.203776614791871e-06,0.45320081458660805,0.3818244592117811,0.24370125650249755,0.00029639973678476355,1.0673300132295042e-05,0.001936164909302002,0.0005209462398048873,0.00014288418140803226
4649,4.536161871715955e-06,0.9794028398708322,0.03208455427710189,0.005379019673569369,0.0011328790566956057,2.3886913413368767e-05,0.0022380634477285406,0.00033146152334170056,0.002211606070895088
4650,0.9392459610612992,0.004439241760690606,9.497288331004746e-07,3.7371146467612223e-06,0.0015785352718242275,0.09680982007805398,0.009272113553922058,0.003969875456373786,0.037453592623755735
4651,0.0018457180599484625,7.326912289090187e-06,2.3456190279397607e-06,0.0037659235678565526,0.0005686470122363195,0.9990486468498325,0.0008190937590207407,0.0006248941476924171,0.0017251995083724
4652,0.0038933534310700815,1.0051782875800063e-06,0.0009620832550669181,0.0003687183537322074,0.00018092073331406002,0.9606363713397278,0.004544829688988832,0.014458461866692458,0.0006417313358111662
4653,0.08063889039580592,0.0005778831688515561,6.805150377853365e-05,1.5905832437486058e-06,0.0004919838788905975,0.02573485332941036,0.08863736733232237,0.14562977725608742,0.07486701928466338
4654,0.00439692061995814,7.422093758189408e-05,2.4445179499672545e-05,0.00042285282599404967,0.002022095373466495,0.9549873876906944,0.0005949740281619872,0.005520185403257145,0.0025343266256251627
4655,0.0016355760858026327,1.3199374907756495e-07,0.00019295930684048177,0.011801722167093331,0.00020094098561439027,0.99602259331694,0.0019284012556507466,0.0015707339818363197,0.0004935060455423333
4656,6.732632237698616e-05,0.006448836244203221,0.001987017403128704,0.00023216021185265638,0.9934150575071816,0.0011737032065235711,3.5455239287796927e-06,0.0238222512635891,0.0044840177826047985
4657,0.003051282122471829,0.002191051108329987,0.02168950741013156,1.4641301591763415e-05,1.086443823968526e-05,0.00012799937738936578,0.9468758784499998,0.3904287107766425,0.0011924807735641846
4658,1.9305929455429043e-05,0.15938962287288058,0.2912268987644912,0.0005117140757228246,0.007993620013712966,1.1049865631585535e-05,0.05236317140962634,0.02665739551120737,0.0004315167944064496
4659,9.145903020584801e-06,0.16240832221305396,0.8647650740214493,0.032606670465146974,5.383746214321083e-05,1.4066488060246984e-05,0.03816380049530725,0.000178846877315934,0.0007717092273478305
4660,1.0456339176055902e-05,0.6192383910569321,0.33985775906435073,0.001596975107687806,0.0026779726873474665,5.5535087887298035e-05,0.014901631455033183,0.0015391106618059698,0.0009556050812683472
4661,0.04125420374636521,0.0001648484291004703,1.8010749837912504e-05,3.7213494810935943e-06,0.00798509911402136,0.0012880328949142989,0.0028913153459258056,0.9780471510619481,0.006053516260370597
4662,1.048348613565192e-05,0.23555734918925064,0.6151280897393487,0.10005926883607959,2.1072515932887214e-05,5.905071438748477e-05,0.030946406586693842,4.956372597029313e-05,0.0014939978622218904
4663,0.017285481687568643,0.012259527573693594,9.357059921389267e-07,2.1580529692532092e-05,0.0045350797975214465,0.2163037820723389,0.0007909124332595801,0.6737978074541899,0.00048213324074029547
4664,0.002808533059854308,4.433820648577469e-07,1.5171222532000035e-05,0.012263040824837708,0.0001372906336057266,0.9920722554494636,0.0018515248519372519,0.024315686267809365,0.000536917719272894
4665,0.36286706399532986,0.05574457089960045,1.426636296017319e-05,2.77009631223355e-06,0.01606588097501257,0.028317735943599806,0.003748042391405287,0.0041974942470456265,0.7155403992433554
4666,5.0108562450047476e-05,0.013783017619256393,0.21737831402947094,0.02893090993169507,0.010576009627117989,0.000178240395028162,0.0006945223633215683,0.0014980577006345006,0.0005412865554084875
4667,1.9737334610847793e-05,0.3207830205105673,0.5923401951405971,0.07289596619104033,0.0010159833295514977,7.247707448483806e-06,0.01130901603802542,0.00039549792815224785,0.00015182975743254905
4668,0.0017407694163931804,4.596709980028566e-07,1.4968950421360434e-05,0.010189794496933375,0.00021037853959320264,0.9973844523405633,0.001399712707643235,0.004797445152570235,0.00020533527675797736
4669,0.0015419728610427486,5.5428731419776105e-06,0.0013449269110557013,7.097563303268942e-08,0.022103056283618177,0.00041155725201176514,0.001766200394859709,0.9992082514277906,0.003925160370436972
4670,0.004823155012114216,0.00012618363643535592,7.985657021774431e-08,0.0024694221906719407,0.0033019115953763444,0.9990117128391508,0.000566577342003469,0.0008748990439467885,0.0005548723242889592
4671,0.028257264800602862,0.0016849483130434893,1.7239682753629104e-05,7.816000199972998e-08,0.168416029588867,0.002377664092668507,0.0037231509769640896,0.9153829069614472,0.06185300859143797
4672,0.0064797328270626755,0.00011363956437817091,6.277107101470249e-05,5.528170290200469e-08,0.02574443474777936,0.0025987313491120045,0.0018213719998457592,0.9899159548102131,0.0548395646585923
4673,8.660579495248951e-05,0.3031336099872485,0.8077112660708671,0.013173212949796195,1.936784737971239e-05,9.576734973420272e-05,0.06331063953949996,2.2071674437575794e-05,0.004532341073555336
4674,1.7551720344498347e-05,0.8343682558610803,0.14317403916321694,0.00016282659458485182,0.03128312039700371,3.9346022874842834e-05,0.004839652001429378,0.0006878531614182908,0.00800182096304559
4675,0.014062447896253242,0.003240696400603603,1.7298531714334981e-06,1.5093187201990364e-07,0.168082419405887,0.001382802033324408,0.0076216618497356075,0.995865946773888,0.0008027103258466946
4676,1.4326694012831448e-05,0.42392780941133285,0.4456400088697393,0.09112717255637272,0.0005311075168222502,5.364007623748011e-06,0.012162085000538597,0.00035158433647516864,0.00018156775045433175
4677,1.4123551212969918e-05,0.6266265635808161,0.3754069794271769,0.08939267093179701,7.698335096075856e-05,2.037048741713911e-05,0.008600723347042108,0.0001518578498752776,0.0008767170373598354
4678,0.027453826149386306,2.570012197096923e-05,0.00017664501080546033,5.683540885673116e-07,0.007164521342622435,0.006635206760402664,0.011046319483836045,0.978227428059244,0.012493996063018804
4679,0.003146489712753263,2.1438239490641227e-05,4.0242350527710414e-06,0.0012832906826014073,0.0010594923589917016,0.993428222003406,0.0005969319831396506,0.005882316655649118,0.0008619502382732672
4680,5.2815418984625005e-05,0.009394544523410438,0.0031547268831190415,0.0002745694662058041,0.9888557325918799,0.000719989097759828,7.194338776562001e-06,0.020678922501594376,0.0036119622897878303
4681,0.0034829200661258435,9.555267084923331e-07,6.373623396582969e-05,0.00199714180644881,0.0003014576578950993,0.995931343177237,0.00383807380590827,0.0014018380289884962,0.0009715833376588146
4682,2.756627299179711e-06,0.9423105144452685,0.09179876513322995,0.006621930185125141,0.00026589275963441326,2.2228299084676863e-05,0.0021772957772359203,0.0002509901537946967,0.004764546840872638
4683,0.0037296941516840078,8.337646144496144e-06,8.950389364407577e-07,0.0049197124680457425,0.0014778297257287863,0.9986302109292877,0.0010432095745591464,0.0026187502776017692,6.788002511828368e-05
4684,0.0011643026222351216,5.7441844613082245e-06,1.751865301081921e-06,0.004946940171894236,0.00031957039697657724,0.9985841550481046,0.0008514731243371054,0.0006556832720926202,0.0015010222107493059
4685,2.3126598068418698e-05,0.6429396346919434,0.2658045918065769,0.1043251344695302,0.0008742180913794748,1.4219705761191446e-05,0.004706903712602931,0.00028835875067032685,0.00020084607091347542
4686,5.465960474205328e-06,0.3042308992896831,0.4829750214351074,0.04015959659268236,0.014215760379627095,3.31655392207537e-06,0.00342288558180424,0.004249587241058511,4.440216497487301e-05
4687,5.043270723213585e-05,0.9431946786606672,0.03772416417980092,0.03788766356477669,0.00018186445052845634,2.8028490934323013e-05,0.005465707851089043,7.332788733737481e-05,0.01938472301971035
4688,4.218221729559855e-05,0.0052038410573049775,0.0027681608785598078,0.0003327037861637101,0.992201439671613,0.0011875756750222971,4.725865649881317e-06,0.02486148799464057,0.003632893268236535
4689,3.029593620226676e-05,0.289968485498306,0.47728704436048797,0.0724628459660247,2.042052024546599e-05,0.00010528508286402767,0.026278863248172503,1.5780287562972435e-05,0.004591705318919106
4690,0.0020822454332528025,4.517467255593547e-06,3.193551183480338e-06,0.005404850877052378,0.0007977114335358864,0.9991385959375859,0.00042487744018682703,0.0007094168250996361,0.0012001353270201455
4691,3.567866450514545e-06,0.23846320492508719,0.666383319572051,0.15829339050904292,0.00016305545956194192,9.589871350593198e-06,0.002134018300986445,0.0005463582038535585,0.00020344015973720438
4692,1.719942560504912e-05,0.6193948041625005,0.21817120066063664,0.08907763725698373,0.0009760740541709808,6.633631411934769e-06,0.004599796588714803,0.0011799582633335345,0.00017836203738818602
4693,0.002468635150577197,0.00046196223618050187,1.8731324509760057e-05,4.989882951255901e-07,0.06159939272849056,0.0023498466718266512,0.0005086269117370565,0.9987651350587513,0.0002847899729145526
4694,8.953468778536614e-06,0.8890413660498685,0.07463967988618195,0.03296401947999656,0.002718913948958196,1.1736562400616345e-05,0.004429913726412623,0.001088706843148532,7.694635059943737e-05
4695,0.054501297364123825,0.0012378141943427308,0.00032581384928220754,9.130235402069497e-07,0.003647995234415201,0.013397117860214568,0.0003646522505464674,0.015996078663089303,0.9672228154460449
4696,0.0004905923718884837,0.013462521306668836,0.009112047371586442,9.612105747691283e-05,0.11439460128062336,0.09982176238264079,0.00019335699660705946,0.0003104444420664297,0.20662091365384389
4697,0.0007953850433937414,4.0762426956167016e-05,0.00045465691308736657,1.0637214199348897e-07,0.07217189204883337,0.005319675902927104,0.0002538553597566452,0.9976666936746164,0.00020068045241891406
4698,3.232690049566261e-06,0.2659100703201949,0.4760094869508545,0.31164210583207547,0.00014192239856564755,1.102635044373369e-05,0.0013590565559006343,0.0004417367829646496,0.00035025879211886024
4699,8.47091657615018e-05,0.7446817560126737,0.006830723257325814,0.17542519074649038,7.259048998583994e-05,0.0012534915810447395,0.0030090996656197463,2.741651937698455e-06,0.06423482923537834
4700,0.014553488066243023,0.00040566969558917306,0.00011797494250855396,9.787056627576863e-06,0.0010503213954239287,0.8711048611653854,0.003394336226775844,0.00895675944590405,0.008995864000368252
4701,0.0017579723547494314,6.55547558512055e-06,2.2683579073972767e-06,0.005638649136670358,0.0008875837239917978,0.9990392878361998,0.00030422258690911965,0.0013360948972711156,0.0006891526553357067
4702,1.5541234599826706e-06,0.0022348894105751124,0.181723231073257,0.9709098330809339,1.7277960360028434e-05,0.004384133415223507,0.0017439112924576834,6.955007372716344e-06,0.00031408112368775266
4703,6.0941898071215975e-06,0.9907464218182602,0.003838054697945041,0.0380112423130204,0.0010939877852284311,4.274539788242965e-05,0.0019855326655274313,0.00016307968811063025,0.0009277338562937502
4704,0.6246028078228198,6.477685239305817e-05,9.422702401351361e-05,1.0320811588440445e-06,0.0002764527989349315,0.02031519895012636,0.08599497761380087,0.2027029495847311,0.1839555711412052
4705,2.4299882689419315e-05,0.15292738569201325,0.7275035194028476,0.07158560799857845,0.0015059672028967248,8.218904760179786e-06,0.008534306395221661,0.00029797112362913363,0.0001953377634211168
4706,0.009343347085738285,0.0004452050881929333,0.03008662987104282,2.4392249991785105e-06,0.03871520699019708,0.0032377754999936494,0.00028263226626390524,0.0009521208858575813,0.9962784991048838
4707,0.0019164951231838527,7.168559657859801e-06,2.937980901484909e-06,0.0046671473735744665,0.0007646405850827519,0.9989690313415452,0.00046360368912778146,0.0007030334364249584,0.0016110116860886484
4708,0.006012126805000227,0.000290727442853726,0.0013363554074476778,3.331617534144132e-05,0.007126503066148857,0.7510506423540149,0.0014241586661141981,0.0025457691622340394,0.011320522321050014
4709,0.0027151347463636073,0.00019118218028433274,7.332870908335043e-05,4.820456582486782e-07,0.045639547000125034,0.0036238615630213716,0.0005612907610068838,0.9958628367164092,0.00045524522445677934
4710,1.4974125481960096e-06,0.4157262162397354,0.3738282932631071,0.00945942644729901,0.020060483847629536,2.996380666955538e-06,0.00480966600359238,0.011693507614451655,6.643498514807622e-05
4711,1.1998723939899051e-05,0.4131108434017048,0.6982151230163816,0.0027821259780247258,6.751322279412157e-05,4.7924704042912996e-05,0.00662353673609705,3.808199222995483e-05,0.07326655748504775
4712,0.006794440884574909,3.1953057918093985e-06,1.43499951801955e-06,0.0028127173811205897,0.00037547223435159755,0.990750990532979,0.009099833442843944,0.01855575749936984,0.0007758964387527632
4713,9.101201542853437e-05,0.8977008962219053,0.0870432674071581,0.028325382586569293,0.00018564331289953588,2.9949097841426503e-05,0.009347044454007821,4.703056364992375e-05,0.0218998021133577
4714,0.015469828414373788,7.268203928133892e-05,4.127735423815346e-05,1.7215231963765773e-06,0.010909486765760442,0.0007144933330313677,0.006568275479442171,0.9928416606310714,0.004219762870907949
4715,5.3732598430269306e-06,0.7875033457960926,0.122175033301558,0.12796218665477846,0.00030477233405775333,1.375626223434464e-05,0.001512676314986027,0.0002931881214800409,0.000602089087731391
4716,0.007479439029622457,0.0005583842317203939,2.17682997267729e-05,5.906295864351375e-05,0.0012243004429389759,0.11781433083722642,0.003258867809168548,0.7386574761691397,0.0001247981933122714
4717,0.3762355613985965,0.023733857214157796,0.0004033611185073013,7.799717988304472e-06,0.002247230904575967,0.002261444089620812,0.005231751907558304,0.0004400810875553183,0.7303944788706042
4718,1.286072446703839e-06,0.9312192667261475,0.04075657460855211,0.0032375391472846647,0.06498347155479327,4.1059407253562385e-06,0.0022867105802362488,0.009347352856323423,0.00024559202495532057
4719,0.0025935025134245435,7.99599201364599e-07,7.072927085502936e-06,0.006098363354073178,0.00025252390878189955,0.9945752483550472,0.003583025595090661,0.006290436995865679,0.000317201198761367
4720,0.23622403877506917,0.002240740767307814,0.0002040417111142626,1.0101974445332773e-06,0.003547416371748922,0.006461757618947211,0.02515413298576658,0.03605408066586874,0.022706702693903635
4721,0.005081210752161316,0.0004944225578711769,1.5276026514638772e-05,2.0235069468706848e-07,0.04795003595625629,0.0017057374488580214,0.001713116237927293,0.998708803616423,0.0010324158814187235
4722,0.18164023734918544,0.0002523807525121782,2.1936759443613937e-05,1.4038991769593285e-06,0.0015066850236390423,0.014666006310615792,0.006724122875122335,0.7621546292349418,0.05730856766653018
4723,9.447721635947386e-05,0.06556109816820846,0.08729190724797906,0.0003670410627212116,0.007289218232310658,0.008454975738637538,0.0006108311206929684,0.00021641986261781076,0.09799944428452996
4724,1.0457771818413294e-05,0.9973334143223475,0.004013870377769011,0.006369658561040264,0.0015778945531479893,3.4627380750383444e-05,0.004230231602447327,0.00019083961040302307,0.001944142760135601
4725,2.2079574885859372e-05,0.5302026220183276,0.36736810735950765,0.000461258113119372,0.013352460477760774,9.495605627237845e-06,0.010231578181330374,0.004445664060199955,0.0006512439556594518
4726,5.960935019677345e-05,0.0073646089574503975,0.0015365007713623268,0.00018255643560518198,0.9926637819421397,0.0018908897801555523,3.715475837086373e-06,0.02464471604585147,0.004709519742085331
4727,7.709516720917905e-07,0.014662646856965281,0.04254058336331096,0.964153270138824,7.835088825968066e-05,0.0008655665686968935,0.000559954423953939,2.2916679311117522e-05,0.00019008356359927518
4728,1.0587647446787383e-05,0.20389952279405907,0.47159793001854544,0.0005785388796700742,0.0020641715262983305,2.4400823480745162e-05,0.09948286427178016,0.009637408433913064,0.00016928437434175628
4729,0.00011337351484639329,0.022782008064292182,0.9312777952832871,0.004022759829620432,4.596176578406623e-06,0.00026671391489108435,0.5844180580963275,2.7008053142054084e-05,0.005784254325166225
4730,6.197044688892623e-05,0.0025541808870684322,0.00540599445634889,0.0002877294263864118,0.9930831432941999,0.001084588166392081,6.012033251481225e-06,0.024294059960840126,0.003482423042100153
4731,0.0021333058830790724,2.2648907274466945e-07,0.00012571873071421188,0.007291234752234192,0.00019845040040745776,0.9927978652877228,0.0027582233495444092,0.004586161522866101,0.00028731432804511873
4732,2.0641731317083996e-05,0.6839694367172819,0.27806089012719115,0.0006610989835106639,0.009930220192760792,1.0709718692023652e-05,0.006581314196386891,0.003613555079175803,0.0006208923865369649
4733,6.544553347686762e-06,0.2548983262851443,0.7045731006948437,0.001358070667642119,0.006590775727785734,1.2104130645468786e-05,0.04556287896902055,0.004584050236036949,0.000205650895705802
4734,6.532339866483038e-06,0.7638671027649441,0.07710452912722997,0.004327393153427888,0.028264367552579755,2.1490024717353245e-05,0.002774245195512905,0.0037060396616624943,0.000199579671887754
4735,7.33766450538457e-06,0.676904637939311,0.3252753447376146,0.0012606133716152438,0.010097301952334822,6.1685862653066125e-06,0.013575714294740502,0.008242049853752837,0.00019416371998635167
4736,0.9204243992235337,0.0004916954796387894,0.0008377195436994115,3.0457782074443378e-06,7.122318463869861e-05,0.0006944123403552046,0.6252553127413947,0.01993940963703059,0.0020830457864494615
4737,1.2981525549831478e-05,0.3878413402789726,0.5558132862107472,0.01226329000668046,0.004367117864980133,5.196712210813884e-06,0.03557969473992864,0.001573793824890092,0.00010041207249164829
4738,2.682263687013375e-06,0.8618965216463224,0.14669972041482662,0.009458192587637738,0.0031383619784443664,7.801924361266775e-06,0.004981717510458919,0.002228138481850661,0.00023395227582302276
4739,9.913059842699221e-05,0.06758021023063353,0.4561764339431748,0.02772765878875003,0.0032958902453261315,1.636895403879223e-05,0.0010302654685044011,0.0005165358333315467,0.0008687073627539764
4740,0.0026674001161058184,3.643313560833738e-07,0.00015989182094251837,0.0033288600913988597,0.0003036077195475414,0.9966534547774157,0.0019925162734346726,0.002584407263910524,0.0003440157533619082
4741,0.008430448023549508,8.916711286202622e-05,0.00010009837912758847,3.718962274303719e-08,0.02236603362467707,0.005245564489071979,0.0010184650665692216,0.9777989091710231,0.11647876649921944
4742,5.1799281415200355e-06,0.6559263262376819,0.09928553735889824,0.23564134968050257,0.00019419662277265354,4.268691983845454e-05,0.0014937649542974495,0.00011632865006587677,0.000804785245707933
4743,0.02886210491819728,1.6701944072584683e-06,2.8617925706189848e-05,0.0005263686434414901,7.517025531401323e-05,0.6976148976347291,0.05273072030559498,0.07207614399874442,0.013283922247391833
4744,1.1050953656697976e-05,0.6727916203798594,0.25647306056498864,0.09173865104863385,0.0006252584805287808,8.45564055293277e-06,0.005822469270059429,0.0005633994771031884,0.0001339856721567562
4745,5.744603185100588e-05,0.010118347139640299,0.0029702446192297442,0.00026193171519032826,0.988290787736378,0.0006729261243990806,7.762647699502625e-06,0.02056881970102557,0.003739175545051258
4746,0.00036875047865857983,0.6987418705011776,0.11821495304064362,0.025631151381156646,3.7772833372919485e-05,0.0005356430910268438,0.027087486938242998,7.532575954277672e-07,0.023281523590219986
4747,8.161175308918819e-07,0.5249719014674564,0.33516310401786803,0.0020997111971004286,0.027326197739594753,1.9293702915237057e-06,0.0012766528584691509,0.00696990661313146,0.000619698353169011
4748,0.04856140805082755,0.09647661488396045,0.016753764956695175,3.8176602323144155e-05,0.0004284840767216255,0.00026811601576007623,0.008724661589312382,8.66648286721472e-05,0.686132797914141
4749,0.0031862071284945873,0.05439622822773368,0.0033298557196640723,7.332123517534662e-06,5.829018474987876e-05,8.240938914824592e-05,0.9787156615522614,0.3562040026023868,0.0003606953217892679
4750,2.5864200376783e-06,0.4730982670309023,0.5789911850648469,0.020081121143314718,0.00042317833907483583,1.096959351219097e-05,0.0008744626431617685,0.00039799893292345224,0.0016438510109768004
4751,4.908521695051162e-05,0.003950865346668023,0.002076481233131678,0.00025000131977113125,0.9937985621108626,0.0018573110556274692,3.375906540341552e-06,0.030080838961513204,0.0040585679439673235
4752,0.0001115410755020727,0.9712768566176281,0.03633570298845803,0.011841790766416834,0.00016313525190556915,5.8841013606523e-05,0.007236442808057056,2.2789132010768105e-05,0.045120722066755166
4753,0.017489753458846312,0.00011734559137148403,4.561402161729847e-05,1.1390389358601625e-06,0.012976164469869688,0.016888904825666438,0.001530064990472716,0.9123471788229397,0.01277191529555817
4754,4.6872939140779644e-05,0.3570080823685059,0.21046446065580035,0.13412082312261897,4.829606523703936e-05,0.00031374341721149507,0.006317970542919913,1.0485462610289294e-05,0.010498149457351709
4755,0.006405314855365339,7.384524252445046e-07,7.849992635998643e-06,0.004852413967118404,0.0001337883102816776,0.9872312458648836,0.008165535425784609,0.020153989478094478,0.0026120704017443116
4756,1.1394568249285478e-05,0.3265037502470736,0.563606678354698,0.13475063016885008,0.0006228469921357337,5.894283516052326e-06,0.005412101196825275,0.0006667024384059051,0.00015323325261249062
4757,4.079161288312757e-05,0.7811903601019672,0.22203443891132482,0.0004072326270176477,0.010431331390422844,3.646231755445728e-06,0.00659351625286345,0.0041145226960996525,0.0010475288687745766
4758,0.0035901188396726836,0.0004612906980114708,0.025286266017979946,3.7362712768949946e-06,0.058007211613362426,0.0025843202967987433,4.9884754504990304e-05,0.005640020275679109,0.9859333262870127
4759,1.4643486053978513e-05,0.21154909283554138,0.6560779317027001,0.17089518621999186,0.00028454213539933745,7.345456813521673e-06,0.005441662089522536,0.00031921971839770643,0.0005074480072320407
4760,7.596466923805911e-05,0.009906359622300484,0.0009226628045796735,0.00012999995859115098,0.994230294164087,0.0024792150271188387,2.065900628157933e-06,0.02606959559907155,0.00635726045211309
4761,0.00855746337042587,0.0026595159751954985,0.037858488638314716,4.553052619094238e-05,5.548746373549853e-07,9.397903487246234e-05,0.9980378373460682,0.019111103604484814,0.006987372088882187
4762,1.6081355718954924e-06,0.6266783167085196,0.19652823735966307,0.004173042123046844,0.053861002293788436,3.6730990208966376e-06,0.003889959020710157,0.01065886943145344,0.0001514902377751538
4763,4.819809030615272e-05,0.9782414112212522,0.00823857705705778,0.05066068618706844,0.00011816342718396726,0.00022427734437898753,0.003724230052930303,1.3651095356752901e-05,0.016378951776900526
4764,0.0637003297189557,0.02747585100115512,2.992237063030452e-07,8.65388114549368e-06,0.0035868510977162854,0.04656138461048819,0.001492439214892655,0.8508980148576905,0.0028579990524016437
4765,0.0030353237502283494,1.5999773568748697e-05,0.00037091337186830026,7.842601411760571e-07,0.020502257690366316,0.0007060141670596814,0.0016072807743511411,0.9982731093310997,0.001218055604912869
4766,0.06749016457443158,0.0003209748037415276,8.007151705834447e-06,4.019822808299275e-06,0.008819839403866492,0.0012861789065812658,0.005099738936116978,0.960781713729666,0.006762738380087462
4767,2.32884805031574e-05,0.9649387834453262,0.02315165460454113,0.045984480757764096,0.00022611501103816413,2.3514177939135593e-05,0.0031132944881307354,0.00013133932079377865,0.012007764794998583
4768,0.020435893456107596,1.9198827151289304e-05,0.001511172272051146,5.362681880780723e-06,0.0065246501104003355,0.0022805908567024714,0.012810015908317002,0.5233987350550423,0.06901178892788103
4769,0.0006153282224820118,4.9625744850914976e-06,3.2207933586776434e-05,0.029011677716706416,0.0007597973062942698,0.9963654067762969,0.0003159878635711261,0.000294837010050414,0.0007652368047421969
4770,7.720642590585983e-05,0.5581668328129348,0.6010499718586368,0.02232760575306065,5.0059029466883363e-05,4.321704576710005e-05,0.02476994789976273,3.7058320899564296e-05,0.002573879770639082
4771,1.2607513633677755e-05,0.43401876467118666,0.4389034943200008,0.0007578725934520676,0.014491911891664247,1.4922210676775395e-05,0.008413845354576689,0.005209414680593937,0.00034894369194935594
4772,0.005719930206777586,3.1392092450918712e-06,1.3460466847798754e-06,0.0047495560508452606,0.00019807434955074622,0.9896062624119497,0.0033784993054542575,0.018682777046581903,0.004993214674038938
4773,1.1813841670550532e-05,0.2888134739734145,0.6521120723852891,0.001877663594578,0.002241734537052254,3.317601729240661e-05,0.047451301868867875,0.0012733174669394033,0.0005787365956914974
4774,0.005455806505082922,2.4470651764430026e-06,0.004742656672124191,1.2933084544878134e-06,0.0010541060290886208,0.016764794723967944,0.09442697272994535,0.8658962665156259,0.009148688361019923
4775,0.003989817092410281,6.078028729331141e-05,0.00012139400446272354,6.952190199709336e-08,0.07958644444573174,0.0004746476651905575,0.0023370536387488225,0.9991849211059125,0.0014125509506505496
4776,5.718251567664708e-05,0.751942940572734,0.01940893843223765,0.10611773370944841,0.00017632165539833088,0.0012544077881564426,0.0011443987571782982,4.938742004262331e-06,0.022708762611746938
4777,3.4801625337414854e-05,0.785128117275973,0.12397430851609668,0.06764236374292475,0.0017624296141644654,6.452505191286335e-06,0.007699610222665537,0.0006081871638570384,0.00023404784230154378
4778,7.235724056794343e-06,0.11542615376985026,0.9209395343936411,0.028040739033837934,3.523361600167783e-05,4.419349515059454e-05,0.01143144130367834,0.00019330253981787016,0.0010636687492459238
4779,6.619839403343443e-06,0.0005808939518851203,0.546675901565065,0.9420602349772497,8.94434208267181e-06,0.009691505228726183,0.008867554906895963,1.087295521410913e-06,0.002355449953258987
4780,0.0008159786199558373,1.6154772511198053e-07,4.4240489297671516e-05,0.014908145003380962,0.00010970544502392875,0.9974526568597586,0.0012540519007108602,0.0029302147787239495,0.00016716945526340182
4781,0.0029877966485817747,0.00022265543933658235,3.072358759695576e-05,4.4497087787478603e-07,0.03200505630701605,0.0010938664131662206,0.0007481247916634944,0.9992898962898389,0.0008835090753634902
4782,1.0507695660350681e-05,0.4014411374494577,0.486722844731133,0.16620887760280215,0.00047118303507038585,8.287177418748303e-06,0.003934262865712557,0.0004940928895764787,0.00013525586206101158
4783,0.001216263067398802,7.729247070576216e-05,0.00016070183751446302,6.850815254469805e-07,0.03646053331988986,0.00462597236748459,0.0004184933744960247,0.9964439427101273,0.00018436802941332314
4784,0.000254665652483245,0.5249585282749041,0.4947427722525777,0.001672076514346056,0.0007713582636039462,7.875439849454613e-05,0.1360485390153303,0.00011987306527359986,0.005778890425276321
4785,1.9390413379396884e-05,0.9242074896205053,0.06136409266904464,0.008423843323591316,0.0009144000598807463,1.1286319759782282e-05,0.007585200420861869,0.0013686139181998706,0.0017779138224863424
4786,0.007716364069067348,0.00627085724194833,0.006217646087711993,0.00017586497321215452,3.950548042699564e-07,0.00041178264314412224,0.9966112727417776,0.002607052975858993,0.0020583654363786996
4787,1.8571753595756136e-05,0.22152198036027715,0.7323579459549658,0.058821054455963945,0.00046161529055491256,8.265023821094292e-06,0.014934047886733344,0.0003015180781553433,0.0002447453422983454
4788,3.978818263292963e-05,0.01025056924566498,0.0024768193699346887,0.0003465169804051216,0.9868575731891119,0.0007437958920904608,6.175813647829309e-06,0.02433739446232048,0.003425770703365323
4789,0.003919817293005355,7.438344066122672e-07,5.8321928918718235e-06,0.008091312163763858,0.00021302472297687138,0.9935256891008616,0.0021744706087881015,0.01580534919318651,0.001005884779763385
4790,1.3257589417727708e-05,0.2931896709196064,0.6389636875139791,0.0007428571105550939,0.007680971070833019,1.1868617692841348e-05,0.028220901574098175,0.004244741770390137,0.000539885039628102
4791,3.012722404240511e-05,0.3034382798523847,0.6906207905515117,0.0009863006762262315,0.0021570769593335587,9.201428199888567e-06,0.0070266613283302935,0.001274623367946616,0.002427531732768026
4792,0.000193070308391083,6.319930982091179e-06,0.6445516354494992,2.5260397346612388e-06,0.0071488570891503995,0.001645823475897441,0.0021513589932841376,0.0932399683925223,0.26682520149230105
4793,0.0011635732559621274,9.275472714176926e-07,1.393308823850801e-05,0.008869097314524822,0.00018635987397663635,0.9980759897289634,0.0012277875700881474,0.0012183499688845885,0.00047648778805918436
4794,4.4978654567778927e-07,0.037106837111595146,0.9724506124925938,0.0016714489819077856,0.0014649275050849402,2.6120312103515607e-06,0.002083928471776783,0.003519071089300207,0.002696672421588144
4795,0.0672425440936242,1.276564241515427e-05,2.8536148129798325e-06,8.313284141315026e-05,0.0003142160164946214,0.33780584734660685,0.006221509121491069,0.21250002550856412,0.03496054804808611
4796,2.4745469217712815e-05,0.9470789546151244,0.050774327613359774,0.024042469388504593,0.0034599066723868858,1.6471670393894764e-05,0.0023449796263662935,0.00017794268551949146,0.0009884902027148205
4797,0.0011263583284235445,3.059666649927251e-06,3.931541087903091e-06,0.006026617424395978,0.00024513133391159997,0.998146304424063,0.0011823159008798412,0.0007599919634991036,0.0010272192936468352
4798,1.7459221436721397e-05,0.6057167514567796,0.30235134645160944,0.09498716230357515,0.0011024625868554128,6.888716477194207e-06,0.006870923494820631,0.000573789839307601,0.0001303851953107012
4799,0.0022403818630952754,1.6107540373607106e-07,0.0001152527867669593,0.006873196963643477,0.00020402101227914876,0.9976248403821104,0.002315545598674159,0.0020875115018123445,0.0003426289895640252
4800,1.3126807076270284e-05,0.7516473429738821,0.2289498789518132,0.0655044506554576,0.0004974560650796585,1.8815559121872972e-05,0.006084640930242317,0.0002873872012326344,0.00028366981770789896
4801,0.9146358369138,0.0003283968834108189,2.9220399830571566e-05,1.7287569078220056e-06,0.0010244512762805319,0.015862018668555904,0.022294133214432448,0.09083203281451523,0.006423906302022647
4802,0.0013932704030503505,5.613006179273489e-06,1.2220757308808924e-06,0.008207657082259116,0.0005463667453821083,0.9988656678420769,0.00026656401098739015,0.0012329993620378247,0.0007588620785186573
4803,0.0016046699719929531,2.0162116905313714e-07,4.336794045147732e-05,0.01169251381150128,0.00029246732211897947,0.9971126453028659,0.001292795915776125,0.003940532152543895,0.00012062915783206968
4804,6.410184171967428e-05,0.021931861916968772,0.002463411376240355,0.0002766590543391731,0.9867329672615497,0.0007803823916895184,7.65782494283246e-06,0.015446086124864021,0.0031539362974020717
4805,1.2710795689080693e-05,0.3735296435119177,0.2642714848100898,0.12269363520328157,0.00025306605108708994,1.6908553738974593e-05,0.00508291530295289,0.000913035347023604,0.00021794742642388103
4806,0.024593714233925104,0.0006047232011897529,9.380540017426708e-07,0.0001632327123867336,0.0017034263543756318,0.2078490983979269,0.0013274149964223473,0.7442676445504393,0.0007312906117240201
4807,0.004597833669418979,1.933059376257762e-05,3.798975678919282e-07,0.0023890304013354747,0.00038570400738443064,0.9942536500021838,0.0015455454417003642,0.004597438773321891,0.011254279030280569
4808,0.01688833338542058,0.00035830192058418115,0.0007840229562090353,5.565616627020153e-07,0.0007936745935064672,0.007655298665767213,0.5895822849894017,0.21800320890700142,0.03681222462176253
4809,3.27686425895726e-05,0.9539173293030253,0.10828148521087744,0.012410842721416243,9.29881093100186e-05,0.00018766709138982006,0.007707825972775872,1.880693232187362e-05,0.014788839947194326
4810,1.0569116822313248e-05,0.5614334915616729,0.2679233635416663,0.0851255490589916,0.00018074937837001838,2.5119055781867316e-05,0.003549449832449092,3.892939196641292e-05,0.007679672625618808
4811,0.002923054290376632,1.9486494520104075e-05,0.0031135156973862953,6.856875175821358e-06,0.0011422059147054178,0.16813867961596612,0.08869846836856095,0.222280053832295,0.0005369556776112359
4812,0.0009107252310772909,0.019641006277302094,0.0013763475523605752,1.2641387484280163e-05,0.025367738601653624,0.0022489340327384237,2.4211790846397995e-05,0.025429274172714806,0.6313710115841208
4813,0.002401950642733966,1.0092944529659007e-06,1.3020421293836059e-05,0.006398122935862681,0.00032593279112907666,0.9984544570188985,0.0010457361750327544,0.0020491082071738683,0.0007761082154080739
4814,1.0935758208768675e-06,0.9278308969138505,0.04162152077448681,0.0033438345521568155,0.034712778542266585,4.549253511736068e-06,0.0031488222615724754,0.007891474204089229,0.00023153704102121266
4815,0.007572707002043111,1.0401672685272225e-05,5.132321563148842e-07,0.003017517134340812,0.0002976898676683327,0.9900008047461392,0.0043407846603821,0.011410938933444926,0.007303540753878634
4816,2.4952907612247033e-06,0.009491676107777767,0.14262330561686928,0.9191868495692178,1.889042699583515e-05,0.0017908623653668824,0.003738505621620992,9.499246346707063e-06,0.0005446946181598256
4817,0.018265974545625393,0.006536172612773846,0.011229273008338538,6.774713791122279e-05,3.3045915306353357e-07,0.00010971662519903185,0.9985343137513473,0.009591340106958482,0.0034416878522895685
4818,0.013790163891354028,0.0019535160833874534,5.521672711020013e-05,0.0002500012082449863,0.004432937440119987,0.2983622686131678,0.0007414567505996529,0.002454199073437391,0.7019280349813177
4819,0.001986704254036662,6.974444113914186e-05,4.135373286935385e-07,0.004243234171993092,0.0019507089063831977,0.9968294501413574,0.000402232692469791,0.0014641450713936534,0.001040462630674465
4820,0.000148214638637993,0.8963503704871879,0.11201967802792305,0.013238299499313159,7.066411495453951e-05,0.0002583112801252856,0.011436299201755257,4.67754783776868e-06,0.06904695334149338
4821,0.004356426104676242,9.817149372222474e-06,7.357267403503762e-05,0.000620373047295496,0.00017720295704085195,0.9775115633316849,0.006045870473461985,0.004939021685229105,0.0010831690522666716
4822,0.002693558302727515,3.5213486006575053e-07,1.0033233401287133e-05,0.012215783363608944,0.00012921743485704915,0.9892605649636231,0.0024967275473546414,0.010448171294519238,0.001661107998136757
4823,0.0019377566701716138,0.011647303721692905,0.028026020155166316,9.28219173847714e-06,1.7792654414681914e-05,0.00017566376637883483,0.9939738683893756,0.08122908353461186,0.00021636272670399182
4824,0.014465064001691029,6.452342754168124e-08,1.789637516338775e-05,0.005481577244129253,0.0003270297768308298,0.8471724186457066,0.0064533222086845705,0.04871033632988824,0.014919908695599771
4825,0.0010330309111958062,1.3438575470553176e-06,0.00011489594726539304,0.01852682088534139,7.148175637812914e-06,0.6446612560891711,0.17145762952141122,0.004198491908033365,0.0013288855574091656
4826,0.766889083405404,0.0036190168623757165,1.6277336593442616e-06,1.441111169021569e-06,0.0018072641279463443,0.1298886891862183,0.005601143363700406,0.014655395766567384,0.1850914117850994
4827,0.004277426219981781,4.183778948362103e-06,0.00016339899631121597,0.0008216821998107696,0.00031614333790212367,0.9816957737196425,0.002718785703186503,0.009413503503663566,0.00028652932726536807
4828,2.4263577739573695e-05,0.5686321085653255,0.5192406398172744,0.03410291139646909,0.00037323791519281325,1.0552757456013529e-05,0.03328443849063033,0.00029694703533521163,0.00023728755181142585
4829,8.240721912905456e-06,0.998518205215485,0.0017208745267728528,0.010967218093505681,0.003775439113444878,2.9318204898571064e-05,0.0013760981167515853,0.0004890453309562697,0.0007467385207613051
4830,5.909084459130383e-05,0.6555158865096272,0.2097076158969298,0.06413210128232343,0.007033813831592594,1.3987112228811812e-05,0.004824720732272865,0.0002905459054112455,0.00010167161950297759
4831,0.0038526686554133235,0.16573957242297685,0.006894201981069055,0.00017396542870627254,0.0006915750286962721,0.0011563063362783196,0.006567941985452312,0.00016055376687722925,0.9436803984901547
4832,0.00259811630780456,3.868776468359148e-06,0.00011042637774085864,0.0002198074756046573,0.0010023638123274321,0.7493524285377137,0.0007244389618216087,0.004255400077646658,0.6272454613348718
4833,0.013621047619102693,2.4133089392660655e-06,0.002370706684221148,4.403911335255217e-08,0.004358207415594017,0.003454072941515456,0.005251936758711547,0.9535470340546564,0.23974785692736633
4834,9.653344165789027e-06,0.6936113718562107,0.18414712934983885,0.14225808958450537,0.0006120689282616214,9.422890648676503e-06,0.0031290965648887105,0.0004894055746087635,0.00012359904597865383
4835,8.168741481874785e-06,0.4333337446021587,0.3888533080953934,0.15747092540297938,0.00032642167353426625,6.972077457947364e-06,0.0038530957473933494,0.00045246172660019855,0.0003770543921621488
4836,0.006028098622459227,0.709594068381167,0.0006281253595688477,0.00042511172756602185,0.0020922160048961764,0.0005565049174042334,0.0009886485494618206,0.0002795321435254771,0.8375625416084351
4837,0.015334599273249783,0.000521633841057492,0.0005904601350194741,5.759988165097923e-06,0.0035734113562486346,0.0357939746690031,0.00017343899470271092,0.0037992032294703326,0.9748598485722448
4838,1.0529280817408432e-05,0.2920839036997238,0.6331983855290045,0.0007448055230741479,0.0070136662745364075,1.265673662983336e-05,0.02833645721286129,0.004680396913558965,0.00041710405401599026
4839,6.634260693098397e-05,0.006718109704515936,0.0021378134502651274,0.00021615829580629606,0.9937583875499401,0.0013344965533474968,3.4754401466525075e-06,0.024213303377270817,0.0044738854237466276
4840,1.4928587027495764e-05,0.3733339449848911,0.6249572773858117,0.0009365104227870613,0.005856514199419761,1.64823306956088e-05,0.0202737237865474,0.0023918853557177867,0.000588585709792935
4841,0.0009410204997558141,0.9107388815117039,0.014377151925616012,0.022468081437932285,5.692460599856606e-05,0.0003371782464341671,0.010368284186948238,2.25990206293288e-06,0.10263109350977573
4842,0.01977358179447751,0.0013617631112275504,4.617493380370646e-06,3.2414562872447747e-07,0.07618299301027236,0.0014206168669465417,0.0054505145337277365,0.9979039462048344,0.0010800230865247503
4843,0.1630985926295453,0.0010834337444137422,7.737395205880498e-06,7.463782303036493e-08,0.009093050585781892,0.03769235335532965,0.0029947714526834153,0.45606082549843496,0.5132790467188068
4844,9.447638350901275e-05,0.8680615826860062,0.1441978663480096,0.0015231177687883514,0.0014959126721790451,5.707794976259889e-05,0.051199002224497914,0.00017467742849031987,0.008444000485533213
4845,7.874675471469344e-06,0.4663707443798483,0.16149704650800156,0.3282517654749303,0.0001370160962247566,7.519616208864027e-05,0.0024594337312106337,5.47671032452313e-05,0.0008453448656874789
4846,0.18049959891208406,0.0008068469382795909,0.0008536313943283971,8.906740150151349e-07,0.003448183873527307,0.012662891249965249,0.0005417376992045216,0.0034859854849609356,0.8675510172913607
4847,1.9555471319077836e-06,0.0524353229981296,0.32882280548348847,0.798937038259343,0.00012671910562015693,4.060816694697347e-05,0.0011072160330854615,0.00017345363203928954,0.0001044445199914545
4848,5.160226216429157e-06,0.6936352408012011,0.3438735367756906,0.0012724133644138515,0.013296393364751654,4.903122402934671e-06,0.014361369114749339,0.009640269986055819,0.00010164913347980567
4849,0.08381583270372857,5.844632000946717e-07,0.007044643489718991,5.716155195025052e-07,0.0007054889441483047,0.006630932088468055,0.0063871289365836255,0.4647159316296812,0.43229221241910526
4850,4.523088024982596e-06,0.36839860570850347,0.6647793954019219,0.0008118464635775785,0.006142500508371344,6.501941695318277e-06,0.05469867982230894,0.0055998260791808785,0.00022102252009409707
4851,0.00010496832460923506,0.9930990453325468,0.006886486379685522,0.021524658289015522,0.000789935877458,2.6688733323819494e-05,0.000627848373127405,4.60624104580086e-05,0.010249360747650994
4852,4.814731126127712e-06,0.9576151722068802,0.0260137907661032,0.021984780586799313,0.0013798407253945541,2.572020645884201e-05,0.001692638820488534,0.0009945367684154596,0.00020983783798921287
4853,0.0025272254167957044,5.416001138813168e-07,0.009234694801352774,2.969548720454352e-07,0.004632491847994735,0.009948208856644483,0.003948499344339914,0.9690158845824159,0.009902870661745996
4854,0.0011598054326206655,7.407854060089691e-07,8.47837861017861e-06,0.014779112638888914,0.00028615686718729385,0.9985143481725469,0.0004066638488726235,0.002208031806461442,0.00021547108974870154
4855,5.135563633241148e-05,0.2963930521246139,0.002785740974145885,0.00019450652089806939,0.8964466413005905,8.633312969873191e-05,6.285743552337019e-05,0.00946126371998106,0.0036351303737056275
4856,0.01919919675237075,6.084565500501799e-06,9.726961574655703e-07,0.001589836341491743,0.00012307720905224549,0.9390368714652917,0.03452853155978222,0.015945851721032547,0.02311488511031875
4857,0.00039220234001781525,4.342863215768803e-05,0.0011770350573274222,7.208381341885453e-06,0.020765647177889257,0.07489142585176375,0.0006461983772099255,0.9062293286668821,1.842387347654006e-05
4858,2.2374159483841087e-05,0.2663815516936527,0.58968242517801,0.09333151453050896,0.0003664718741801953,5.3590619909879424e-06,0.014317901371354736,0.00042249063284019244,0.0004087814734664789
4859,0.035673806524957934,2.0983548328202578e-05,1.8345618210248287e-05,0.00012849205332210795,0.00043082677714807,0.7766861143846309,0.012937618855656382,0.059823284107077324,0.013589975428772499
4860,0.015350708666335243,4.577427066220611e-05,6.823694798225716e-05,1.2462463180784292e-06,0.018042957216586344,0.0006821117896306226,0.00765175300334798,0.9949309966689605,0.003458707869369938
4861,0.007229052433273544,1.0874492403322375e-05,0.0007708992506029343,2.792719070977052e-07,0.004198436889489636,0.0011392865872508246,0.0014863347785336008,0.9940332417651407,0.008463766640298225
4862,4.229165715816491e-06,0.6389897670682584,0.16522791117212227,0.21462838228187778,0.00025239578410473355,2.1919203375313977e-05,0.0014525292879505804,0.0002791704509972994,0.00034839777441260226
4863,0.10529889824791014,0.0008710821683665591,0.0003605699899602151,1.1704554306077393e-06,0.002595137533372986,0.036759953860075266,0.000425589467563105,0.010489114897830925,0.8916945738501256
4864,0.0016676684816602525,1.6063072392655752e-06,5.746970171042545e-06,0.010205722080543742,0.0003578691373549489,0.998681303534373,0.0004110923473333742,0.0017120213250619873,0.0007076616183228211
4865,0.0019129816904722174,2.9340943682917553e-06,2.469303714515742e-06,0.006581118304764629,0.0002811839558222786,0.9973825645394322,0.0011425241425316146,0.002077866826712672,0.0015023854763174295
4866,0.004247548757923807,0.0007289803031302971,0.009805163052783936,1.1411643278462419e-05,0.009069091473777307,0.016668878940821173,0.00010795713387182679,0.0014860877277951268,0.9910164659458719
4867,0.00043389652084427105,0.9591043383213329,0.00416440790386944,0.04066731765681906,0.00013505042493407355,5.483755145925653e-06,0.0026242125736782636,0.0004207854855123763,0.028499375372953453
4868,0.00012092874597108734,0.5943153905224998,0.49988211190750576,0.0005448186771104099,0.00028988798683473487,9.821217835936696e-05,0.058081496481658966,1.6211228160475753e-05,0.0751293079754762
4869,0.05242280784972127,0.000159724388994598,1.705296349009243e-05,2.5693387057441267e-06,0.007542944571872887,0.002234611294356136,0.005070372052434414,0.9663535829574147,0.008951647693109487
4870,0.010173542043447574,0.0003279135312277845,0.0004498912507893355,3.079676273852457e-05,0.002121240325073379,0.83652222444763,0.0021350557892246703,0.004231062931603765,0.006467957853032962
4871,0.001672067934923999,4.396014736309237e-06,2.8671932695406877e-06,0.004721326066651618,0.0004093741403419981,0.9989603322163532,0.0007576162004482711,0.0008861155483904207,0.001302018848938261
4872,0.0022635318892320518,0.0001522255353654987,9.934859363863675e-05,3.4319760757381596e-07,0.06693551982391911,0.00354105628078889,0.00039013052669902113,0.9973821841813325,0.00023677283178920007
4873,0.0006832883164272725,0.08977753929238193,0.3610261261809868,0.0005720253360905331,7.353115720028202e-05,2.4438929976958728e-05,0.004345179609959211,0.00038790503492865423,0.6069065608292292
4874,1.9021657934404538e-05,0.32740746226794815,0.4851849452680117,0.1288267130877418,0.00025387939089301857,4.9547260524613715e-06,0.007943641676292964,0.00038811365239967523,0.0013188711999944254
4875,0.03387129825660739,0.022302666957894186,0.0002899353135428802,1.3669108570775111e-05,0.0326077206998031,0.018449470015998424,9.008750236187506e-05,0.0014780448344753096,0.9710504263600054
4876,1.795358200210294e-05,0.5308020505897535,0.4491170768370944,0.0007276314062503468,0.007538484760579781,1.1163581180121352e-05,0.012151756282707477,0.004058173327184361,0.0006617604288933935
4877,0.10139470495160399,0.0036884348532465264,1.719546653577897e-05,4.166501407941567e-06,5.951168299135894e-05,0.024291421392106917,0.3411331351532268,0.057285275502160574,0.14531901645489523
4878,0.006774931765281281,9.353487558703674e-07,0.0003525476740707095,0.001074926641955126,0.00019504459038884958,0.9368133340238252,0.0072122258274991856,0.010934625886302236,0.002021299582320248
4879,0.0020912493438173755,6.713712541039366e-06,3.6354443675834275e-06,0.0034226161564480883,0.0006427181298366843,0.9988223127001356,0.0006383220274603961,0.0009116317730032478,0.0013223071222598912
4880,0.00014688010573859432,0.0014378511581028615,0.007568371377322847,0.016656827581770353,1.6599504841730604e-06,0.020298366293882927,0.3710780508897711,0.0006862343413336617,7.373443399071649e-05
4881,0.006576184078007102,0.0001995402331616838,0.005168069427409932,0.0008554907279264411,0.02660539042136466,0.001999522558572397,3.365833811781711e-05,0.0034549234615815242,0.9101220766319051
4882,0.024485452956645254,0.0017296939943707873,0.0006177618454036222,0.00046255697250360497,1.2568086427258469e-06,0.0016125256613119142,0.9735465597097135,0.008523810523153845,0.0023869692707591305
4883,6.8581959960970235e-06,0.0714535258289531,0.771188467084773,0.009613449198193352,0.029058971037925894,3.0590871563752026e-06,0.014796167922810206,0.0040171763611603324,6.932575682130597e-05
4884,9.088992889918666e-06,0.9885905879665366,0.012225452642497404,0.017192627433145608,0.0014980420657684334,1.9062013684332955e-05,0.00372362560602721,0.0003454379458184444,0.0006204365035116947
4885,3.571857420842658e-05,0.0006228089387845737,0.030033100019737694,0.00045589624272644654,0.9712144545163137,0.0006447291162951427,1.7695072593752958e-05,0.05186695794831667,0.0009958718143455911
4886,5.735107350070322e-06,0.3430157190761074,0.5725864479956086,0.11429870207530442,0.0003577337683170412,7.234834418876264e-06,0.0033741049228335615,0.0007006960237186009,0.00017697296395980202
4887,1.132821269565519e-05,0.9304400988427305,0.015809736524759428,0.14828921068248585,0.0002644642540243675,7.018545977190077e-05,0.001131212359338961,5.42192372306034e-05,0.004695793376316156
4888,0.0010510781596860467,5.493802297026252e-07,1.9978782466050023e-05,0.00931095330076648,0.0001582069441138611,0.9983325615142082,0.001283426768795744,0.0017130126449011465,0.00030359571377375807
4889,0.0019853128903561013,1.3411959086583507e-05,5.629123816756486e-07,0.006245503274114598,0.0012450617627582426,0.9989718050223194,0.00026749433478731935,0.0006941875439426844,0.0009177186625959677
4890,0.05163145090311892,9.59041426957793e-05,1.6614352212763482e-05,2.7282088386515755e-06,0.0004929424957043057,0.02617925729637528,0.006631093000404405,0.7638347440343489,0.035204552655376274
4891,2.876707093573742e-05,0.8082042311455445,0.19882425136199477,0.00201738997257771,0.0048763081457192875,2.091336063323381e-05,0.02152374068518714,0.0016497334808884066,0.0003804808215581067
4892,0.02167988385333006,3.8529682164643265e-05,0.006554303388218473,6.113697126372963e-06,0.00435429643007143,0.009606506199056963,0.00030766437920134006,0.005463650135102195,0.973956256576999
4893,1.4835156748656575e-05,0.7523931136740811,0.1730802088152601,0.05393785061933914,0.0029090504393122544,7.438567233775497e-06,0.005513646213078023,0.0009061531806600045,6.940228282865826e-05
4894,0.004783276337309443,2.171409400365085e-05,2.5109137507514105e-07,0.0022351417175575624,0.0004985685553057739,0.994716636513429,0.0021193964440863566,0.0038837596097033144,0.009362063415060923
4895,0.11179711134664798,0.0012632970142986378,0.01580079668920533,7.012697201798916e-06,0.014616287323101931,0.0029537262872011785,8.654625863605721e-05,0.0001866426574104747,0.9670163886036496
4896,3.53713614556354e-05,0.6359610386186486,0.48881608827305795,0.0059702628844305146,0.0003717054003920963,4.0462562978431864e-05,0.015676094701890003,0.000412363595028612,0.000817754128866525
4897,0.0032913101243220587,4.38680041394407e-06,2.706322607185222e-05,0.0017743278817073213,0.000549677547765918,0.9959154578634398,0.0013801082737137187,0.0012689426270413792,0.0014346495543275533
4898,3.370992071452152e-05,0.8120372965171444,0.008473375979293554,0.2690499863455403,0.00013411642499540474,5.27939464088653e-05,0.002342756191530681,8.057655718118416e-05,0.008921830161051667
4899,0.0018378228174257883,1.4985652278477592e-07,0.00013284801400344744,0.008893178800584978,0.00012766704182524277,0.9967742740937285,0.003130668681891666,0.0024626433614804034,0.0002653219314289939
4900,0.0013459258483217585,9.614080250411548e-07,5.533864472296522e-06,0.012786289808560733,0.0003010001220665896,0.9978395584385795,0.00048182228592074224,0.0020270512933836435,0.0006879833158735632
4901,2.1206534292365772e-05,0.5720151640743113,0.3442853758954683,0.12369187867486282,0.0009700568172123684,9.191723579176594e-06,0.0047958399615181425,0.0004428430006760972,0.0001275445835327502
4902,0.025510279395486668,0.0010756735284048083,0.001666790582845004,2.3820869509985785e-06,0.004765903420151882,0.01261658440821974,0.00022542483895374683,0.0036741899884026935,0.9846405881321634
4903,0.0022072412746697973,4.9506237800495946e-06,1.5667889969678208e-06,0.0063139818702849385,0.0005451255950009608,0.9985046251692246,0.000657835572690232,0.002242767227203481,0.0004180416343766532
4904,1.2625293438735084e-05,0.05421276446096305,0.17749617847585278,0.6789140237211498,3.138937334701868e-05,0.0005704083336030111,0.004294248641084551,1.3829312278587067e-05,0.0018438993352389084
4905,1.2888375428142819e-05,0.5558576277496716,0.3076451640031233,0.0980325703194863,0.001052182188355603,7.5408684525163415e-06,0.00531537674249011,0.0006069079568229397,0.00012325521242858529
4906,0.00100228345704759,3.2437213952802426e-07,2.058306988609027e-05,0.016365980117562316,0.00020854654633496188,0.9984903089042454,0.0005858684087268811,0.002420367406832367,0.00014389803330020905
4907,5.699436051556493e-06,0.9897975556566383,0.0011618347089107225,0.15882795249083,0.0009683496036965321,0.00016162002751082303,0.0007058790914021872,7.529677758972126e-05,0.0008804646419983588
4908,0.0005159434851751652,1.2305544653529559e-06,0.020611057266124406,3.169942944180368e-07,0.009436786134661417,0.007007727901975248,0.0006673252691458683,0.9821557180474669,0.0004622563271804769
4909,0.00024339869377866625,0.004230201494493467,0.4795381416154619,0.0002706884084296028,3.823212833341881e-06,0.0006613205137760183,0.8277956800306484,0.002108738693300795,0.0004767063721431009
4910,2.0931195964393746e-05,0.6928901387619391,0.2986323908682505,0.001041371878795475,0.006499640774183938,1.3431599116330066e-05,0.012451022318200153,0.0025558256371801206,0.0005420264194797576
4911,0.10627957428411945,0.000357924810126826,9.553555873728047e-06,3.5702762068577075e-06,0.0038453216796148133,0.004649486740592448,0.004462115478159102,0.9179648517582039,0.013347897981131231
4912,0.0021093710535266606,4.998955694906951e-07,2.793376129981983e-05,0.007776936406176386,0.00039379940902957623,0.9978077102524187,0.0022362747634566615,0.001319012179684714,0.00024397961983367247
4913,0.01960753594328918,0.0009343505582798177,5.14200728031897e-06,3.141859551107871e-07,0.04897162062332434,0.0014598525368647208,0.011415618909459635,0.9965683050749483,0.0020522541999398367
4914,0.0003551847338989954,0.996136126741463,0.0024485017630552696,0.013865294291624032,0.00014503060057355265,6.877246364581792e-06,0.002942390971442032,0.00022138345460646837,0.032652556405178716
4915,6.387664842411694e-05,0.0061175248814175145,0.002412864125663001,0.00026976785861220956,0.9920876600066239,0.0010954966626748875,5.983519145329741e-06,0.017254994469276176,0.0049787327549116476
4916,1.0595511080283606e-05,0.9950112315568822,0.004006019993538069,0.017314526539989463,0.0024950561909898835,2.6331061657206426e-05,0.0025243185069222735,0.00021333889153896853,0.0012360140376896772
4917,5.7547201458217916e-05,0.005266160925036355,0.002517142424979477,0.00024570707986172987,0.9930462153510717,0.001112898939816382,4.798538089481757e-06,0.022450133331421755,0.004478061423351264
4918,1.0435680761454904e-05,0.3879009193964062,0.583269432759668,0.003115172827874648,0.00012529058689637797,5.1934016918289714e-05,0.002694617540125896,0.00010246188947120328,0.06652134169438999
4919,2.8174136685636827e-05,0.9891781717054444,0.011209642754052064,0.0036247758372885807,0.0021476385278670967,1.975142949069049e-05,0.008352619622493403,0.0001780801122511452,0.0028137870722511117
4920,0.0019697875139082265,2.620546496524297e-07,6.712269964966564e-05,0.0072840864222392665,0.0002968002754657263,0.9981763135422292,0.0012326664687621679,0.002085692708581702,0.0003250162312157991
4921,0.011959384872958558,0.0019775997255522095,0.006526867554459005,7.024311917341038e-06,0.00878173678898549,0.005401853832583162,6.210838940672547e-05,0.0017292499469295669,0.9919280699008415
4922,8.093667496000273e-06,0.9137772456805641,0.11934035472350836,0.0036452858192896793,0.0004930339072559814,5.811192739690157e-05,0.0019761030903966805,0.00010571326813350121,0.009270829764761186
4923,0.06925246323607598,3.511876714273874e-05,0.00016993342348168864,1.4205778430298207e-07,0.0026250831659479974,0.013709023014993568,0.007014054414705486,0.7410885136982435,0.2656875606470889
4924,2.3386802430728847e-05,0.9614825774662143,0.004536964467024149,0.12586388200721943,0.00014692014174901371,9.662519785232792e-05,0.0028397542859807078,4.836495018385607e-05,0.00870167894211926
4925,0.0015889964021890285,2.660719736767727e-07,9.374541236379356e-05,0.008487210951329852,0.0001424957149176071,0.9969209367271411,0.0037755192852567112,0.002198385824370795,0.00014794643823686258
4926,0.03994200880472941,1.5680433156929293e-05,0.0007973284199200247,7.259981292610675e-07,0.001289468584957571,0.01400538335645842,0.0369868590940364,0.8453792272316408,0.034793157095808
4927,3.0631347421164018e-06,0.7041501194506053,0.540266144774734,4.753032538556153e-05,0.03729365711409254,2.168265750167826e-06,0.0018908529006257926,0.004662566170388154,0.003441288887697752
4928,6.372987848048534e-05,0.6214444311815674,0.2299251499813696,0.006120824352592897,3.5602296659055356e-05,2.807330184822724e-05,0.03743914523607844,0.00029827597069203015,0.0013390904743834802
4929,0.043549738047677186,0.0007835672936705372,1.797615346052245e-05,2.1951054685847084e-06,0.006044317545507517,0.001283878224485858,0.010570606655524447,0.9699867083026007,0.00322384748916593
4930,0.007471566984044863,3.5317528790536494e-06,0.0013112387807216036,1.9610501332649276e-07,0.0035550187001620924,0.0017980027964182035,0.004628275335236063,0.9911003092374978,0.0233475251438602
4931,1.0175661126550308e-05,0.021228121455831507,0.013134074836290244,0.0003359260363891214,0.9115812592075543,0.0004174537624671316,3.718683550615061e-05,0.025281709995270102,0.002276094785366078
4932,0.0035124377719514734,0.0001514618212294486,0.016795243190478204,3.219059645846272e-05,0.008688050223964381,0.015856396551643823,0.00012403998971968796,0.001867931850515374,0.9848917731310355
4933,1.0167713843484424e-06,0.09751222477034283,0.9256909921978839,0.0007757609797989963,0.0017554815109478718,4.87323469138859e-06,0.017417472737597774,0.004517777681160061,0.0005242966626382435
4934,0.003733998624656963,0.0002461405875316001,0.00044529974092735063,0.00013885440798361404,0.0010813293672977675,0.8590180272138123,0.0026863704374313294,0.0007897228642377895,0.019755360873134634
4935,0.00184830399029205,2.7486167145223125e-07,2.005221928044809e-05,0.01582985373780389,0.00029677617272307093,0.996921994593543,0.0009703183555055171,0.0044970536277635234,0.0001772020241486925
4936,0.00298125904362753,1.0269796857049766e-06,3.363820279548969e-05,0.0037275179210977836,0.0003598760807001134,0.997587736974545,0.0014797435822119726,0.0018802601757202271,0.0006508077703244932
4937,0.0023182510774121235,9.634768152799351e-07,1.5230584949530907e-05,0.0053769362277439475,0.00033556126277460113,0.9982872118301567,0.0015304356103634726,0.0011556079349388185,0.0009554515523708678
4938,0.005833075754259866,1.0605191959830417e-05,3.82250017583365e-07,0.0009246670411978174,0.000303480074489999,0.9785307855896821,0.004896696395539456,0.013382273707284521,0.059474254573059916
4939,2.4778329700833264e-05,0.094690420564331,0.061944418990443804,0.5881160028024822,4.149372547318848e-05,0.0025682016247459733,0.003263913197205077,2.0835399977640976e-06,0.009551792304370815
4940,6.237311635516475e-06,0.6749098182664253,0.42009281781924707,0.034379705598667855,5.117624728956542e-05,2.3573735538615136e-05,0.017776938469771915,0.0002659157586610723,0.00039711155819005593
4941,0.0014908852458152383,8.23761090837218e-06,0.001408175310240475,1.4936855809514309e-07,0.006395162612981916,0.00037033781086000196,0.001590958991229588,0.9985012062999441,0.0052313595272589445
4942,0.00011253382502914785,0.5544962098256496,0.1381430151313334,0.07091611324762595,0.000660380721655227,1.6873217280156273e-06,0.009793708045057805,0.0033858228092230112,0.0016829785568989017
4943,6.249034827414806e-06,0.8478766491190429,0.23145851508740947,0.024465051344514873,0.00017987473604107556,2.05607336907614e-05,0.0027636527144432542,0.00013839005499232323,0.0029730476902800566
4944,0.0025234904643128423,2.0028243160996727e-06,1.24807679341391e-05,0.007035224554583869,0.00014879905986803582,0.990602973525426,0.0065255888723615065,0.0031884389706734744,0.0005298072363232214
4945,0.0021478779786535097,9.297204109907086e-08,0.00020291237095280883,0.00767704028418506,0.00012585048745397865,0.9961908656352146,0.004119894019149638,0.002787976202883241,0.00028204984511054067
4946,3.7425155636966316e-06,0.00251909633011816,0.35610974843408116,0.8624688365775078,1.2373800422387655e-05,0.002617122586014183,0.009926407503801589,5.096795395994017e-06,0.001278898347207185
4947,0.00300665196864019,1.5245859149620114e-05,5.377498755612029e-07,0.0051534546514709284,0.0008254886628016866,0.9983700324294036,0.0004748078682890026,0.0013304683729238465,0.0018462302867588156
4948,5.802452352546782e-06,0.4631186997420032,0.4120823896378693,0.11733119033701463,0.00036180986703200695,6.973178079954053e-06,0.00321246815781879,0.0005792490579554272,0.00020367462102447725
4949,0.00044592307258357146,0.0001438119327368572,0.0031477901878145796,0.007568307905216445,1.0371059827625767e-06,0.06292372366231193,0.788396308866122,0.0018780569410610328,0.0001569727030537781
4950,0.005031416331064022,1.604061551333825e-05,1.4407618617495733e-05,0.0002896866167638305,0.0007177116355181732,0.9910545258022062,0.0013428819195101947,0.0039013098575265363,0.004134845017186125
4951,5.001079907804647e-05,0.7378361358736868,0.16975290548883695,0.006802761854098254,0.0004091829926835306,2.2370172204949472e-05,0.05014263235655826,0.0007730945470850672,0.00012239181633120938
4952,0.03198826294417124,2.4547758282163675e-06,0.014220740876843977,3.7981754550028736e-08,0.005377988583361743,0.001638395830661647,0.015753142738200724,0.6324819302530523,0.3505843260123196
4953,1.7108897004649198e-05,0.8872945845794435,0.07717216322265644,0.07245628891504148,0.0025018706000607877,1.1397922630073718e-05,0.0026419776427495795,0.000696799951238728,0.00011698703516195992
4954,7.2084328610280274e-06,0.13969427905034978,0.13554935057858267,0.6831252734185878,9.173694218419106e-05,0.0001652040406403456,0.0016853736113313807,5.138710909890368e-05,0.0005601110644397969
4955,3.2714921383733022e-06,0.9071451392448586,0.05766962879919558,0.01519950988411208,0.0004529256480327842,5.6988345666733976e-05,0.0006825073625967658,0.00014960143811843326,0.0036147712507133127
4956,0.05199712684442947,5.967100743457963e-05,1.1345638230461488e-05,3.1256977966725023e-06,0.00028713502134428636,0.27022749488808245,0.05271959991265068,0.054151310663315626,0.44400584021507394
4957,0.004890975631071841,0.0016859504067494359,1.7260865013965442e-05,3.5283726654379416e-07,0.041157710568260265,0.0009330799523623767,0.004083159206937734,0.9971197343024876,0.00056062639400775
4958,3.7784122514394638e-06,0.5216868729852864,0.3012925022353242,0.05469086555462532,0.00044925616274274824,9.56210642639186e-06,0.0021205482890080123,0.0005362281076556397,0.0003410033870201487
4959,0.006129991961894799,9.728345880235229e-07,3.0547190757094985e-06,0.0029863604950068853,9.107415635084746e-05,0.9724680432583747,0.0167995545751512,0.04129400611857893,0.0077793002515423705
4960,0.0009543569130916614,2.08871010846417e-07,2.4477371745863184e-05,0.017792022131133525,0.00013515433012774308,0.9974161971647157,0.0008108952956350368,0.004070362247269125,0.0001921797485590969
4961,0.015348575756450473,0.00044015330451903427,0.00863140859821219,4.120679045654695e-06,0.014123797352880088,0.004945034646736715,0.00010043112407087021,0.0023740092042280675,0.9942234309410644
4962,0.0011287260800366926,6.961049922784423e-06,0.0017017930888808372,1.233217415364557e-07,0.016902756846922298,0.0005351998977772741,0.0006980965375777592,0.9991024193963709,0.003923173557785281
4963,0.0038913647305790578,4.504074979775906e-06,1.4996819154274232e-06,0.0034921340306370845,0.00028083923536655254,0.9957120461482964,0.002051665571019966,0.005709703166807564,0.004071796715003557
4964,1.2238368488186534e-06,0.23055187537822452,0.5996855202944685,0.0329928243893225,8.868223843019379e-05,2.0782755036538007e-05,0.001519004559195369,0.00028188661792666244,0.0017291995087247748
4965,2.0867846145727226e-06,0.2927432551639143,0.669665915645524,0.02859062668717879,0.00017693496522805898,9.331218361247726e-06,0.0013800905914502087,0.0004278366705373229,0.001295801198427607
4966,8.935896411632245e-06,0.5506838139148238,0.6829708004125657,5.635057496429316e-05,0.015690696196003242,7.215107350630307e-06,0.004891127609554386,0.0010381757997296077,0.007650174932560634
4967,0.0004368104616866888,0.8997326529338129,0.013625013528857508,0.0009571554419225128,0.00019878644294897896,0.00011317289080126765,0.1860849293209609,0.0020622833039269095,0.00027546869875757335
4968,0.1728420490521202,1.7483559930761087e-06,0.004669690600111264,2.1019782648581698e-07,0.0003452170033069913,0.0042626211517070136,0.14152512165580283,0.523546532194743,0.2857281516461544
4969,0.016082751763011355,2.8462022001521945e-05,0.0005615283584700179,7.114186119383292e-07,0.00643025329744708,0.0008173176990027716,0.025196359397610696,0.9855804362713517,0.00462076950308225
4970,0.001779010228501973,5.000104137615575e-06,2.2116287116111413e-06,0.004058295812931146,0.00045210150980922365,0.9988071412594921,0.0009233305317678253,0.0012290907572278778,0.0009859230165920028
4971,0.002716780676125697,0.00011556804838875102,0.00010792079323293582,1.3949937849212045e-06,0.02676113316553045,0.0033832985609145933,0.000721904377773569,0.9961572854636712,0.00028456968725128754
4972,0.003213327741518802,1.4388519267189621e-05,5.267112046624063e-07,0.00315330160739977,0.00045557769759456293,0.9972237564236424,0.0012782637053409271,0.002479058970331767,0.004569195556833873
4973,5.023989696870508e-05,0.17406810137195536,0.8167176442257378,0.0649481537955325,4.556145541048415e-05,6.555027390111684e-05,0.01512990466935019,3.2061949420530424e-05,0.0035985593850342747
4974,5.795298955546836e-06,0.9316356024168607,0.058689705352795704,0.028079734889648936,0.0021544120914280115,1.0288421210307864e-05,0.003496521708193325,0.000996722053469248,0.00021202219146673442
4975,7.189000216493971e-05,0.008364319175335472,0.00178995347405122,0.0002619364965327688,0.9933188651305389,0.0009716204362086258,3.3808747841280702e-06,0.01859469539376059,0.004805997796969448
4976,8.864126091464312e-06,0.3117084613034843,0.6517100680636745,0.0011263197503270912,0.005026199887830024,1.4554232430027416e-05,0.02629085120772411,0.003877274172634925,0.00039148789398266864
4977,0.018696791116389444,0.0011181305291546018,7.006588734372526e-05,0.00013138824621101934,3.716472087485164e-05,0.11952240830247153,0.8772156150209944,0.006835741356145494,0.0009311686345657418
4978,0.0013959012958947162,0.00022572454363521685,0.00494821512063517,0.00011611121085943552,0.6649647231678111,4.649450442904893e-05,6.351030684644534e-05,0.4033313746509575,0.11594084835995078
4979,0.4277513829052848,0.0012142711935426078,7.459082393553454e-08,3.6533843994735425e-05,0.0014835962029773621,0.7259544025562432,0.0045732935148512415,0.013755234946905108,0.08123289789204
4980,9.930107677699248e-06,0.717366038200467,0.25080099266653866,0.0012027137594176728,0.011350461178202653,8.012019599460557e-06,0.011596265807601277,0.007039954543731984,0.0002142411003879803
4981,0.006018342412561964,0.0027168028684529002,7.22882050502326e-06,1.0768171353710966e-06,0.037668056663083024,0.006494481299679729,0.004934919120719131,0.9906417944164881,0.00029831779310972924
4982,8.971617965010527e-06,0.20963422892786684,0.7054890457856837,0.0006175317497286012,0.01039549549675373,1.390146192107299e-05,0.031104055229951775,0.004665088446386124,0.0003122489476003798
4983,6.005397444097689e-05,0.8332758055421636,0.0005324714447813362,0.41607751575343266,0.00011998355306889379,0.0015387696632978213,0.0008405543437461805,5.4019892582164854e-06,0.04217459331567013
4984,4.26201992075252e-05,0.0568473304490979,0.8405152766880372,0.024026081409545912,5.356298058368243e-05,4.9676535398897204e-05,0.10455679593913918,4.1056865291011567e-05,0.0031413723712319756
4985,0.0018783516523151482,7.212835935531168e-07,2.4024235567611708e-05,0.006593208076461299,0.00026847546724369226,0.9986092890151901,0.0016554035364227772,0.0020247329564914507,0.00021057177916897159
4986,0.0001102187078299314,0.9556171114924491,0.036845804874940255,0.02160494835261539,0.0001304757535296944,0.0001190787338693061,0.00390631840304935,1.3681458934545216e-05,0.03289423689925113
4987,4.900309759404152e-05,0.4797770298455491,0.19448262422567156,0.00039483516628263746,0.013085595961073076,8.647515741647932e-05,0.0021132202281322616,0.0002692635771687466,0.027111818156554994
4988,6.74570871138771e-07,0.8771862338295493,0.13548288349074955,0.0007834395861537497,0.00868076100667228,1.1392493629727352e-05,0.0022536361288746838,0.005450111650039712,0.0012820338410782929
4989,0.0035562701910091653,1.837946639527779e-05,5.074774949616704e-07,0.004697824127950679,0.0014218516630727135,0.9990160993446416,0.0005185722735057578,0.002231968622867667,0.00017456473030132133
4990,9.838282587821954e-06,0.3649166304961243,0.5974597309684644,0.0006177493048111004,0.005387824491229809,8.358869874505962e-06,0.038469914456244675,0.0037755957704042544,0.0005393733811298125
4991,9.371564268436472e-06,0.9845517052843815,0.01506533414387839,0.010646551390193635,0.0028885879763057513,2.043761726430139e-05,0.0052439446101988215,0.0006160314486480733,0.0003068023190195411
4992,0.0028236988211951526,4.835960775263731e-05,2.3485351606417464e-07,0.0034426750900609206,0.0016544110262441886,0.9993541956567822,0.000330959218562137,0.0010104033664876358,0.0005040500199501864
4993,6.448882888515006e-05,5.81480539445443e-07,0.07237911532299955,0.032533879647979574,0.0018403251954851386,0.708147274111798,6.251150522506175e-05,4.2545794213768665e-05,0.26822016378931224
4994,0.8144467995289666,0.0015350830232799485,2.6381626254638744e-05,9.993184530686216e-07,0.001250346363570001,0.0038321329324050813,0.05318401927487719,0.10126795361626434,0.00851221254880465
4995,0.06600655717842177,1.4133993834973113e-06,0.022688205726345743,5.143680357985123e-07,0.0018387377038903388,0.006971706142927478,0.005284146098464153,0.1891080887280104,0.7273480976786467
4996,8.993855385044086e-05,0.006045144556548958,0.001477176259532829,0.00018169901117689628,0.9957014140934448,0.0016025433881940877,2.3256777596875154e-06,0.022706722594684144,0.005438476486126395
4997,1.803416371197852e-05,0.4671666471983587,0.20226805591310823,0.0018024841026152943,0.00024403342167321368,3.010124303247414e-06,0.003349374225844948,0.0030195536553227808,0.2097517018099026
4998,0.015120770326455042,0.027985214777071415,0.0012164190726285066,2.4452972327355226e-06,0.00027776812234740425,0.00010329225276977386,0.702963928644792,0.5654026094999538,0.0009586009146158356
4999,0.0011386783382792646,1.0131631358071499e-06,6.021854094639303e-06,0.011115751540340479,0.00019843100246394888,0.997974452729454,0.0006291428761226591,0.0022756985130922463,0.0006283308544558381
5000,2.0827255017560646e-06,0.3592161770159488,0.6101944645632892,0.021558000730591765,0.0001918175643744058,8.646453478599401e-06,0.001983635196010549,0.0004712721707663236,0.0012643538177683075
5001,8.688554525509047e-06,0.3140676093880781,0.5538846835008856,0.04957241942046057,0.00041310714337080515,4.377483313124479e-06,0.011231907920868478,0.0003922113955803376,0.00026004474535381943
5002,3.4020560889218623e-06,0.563977999056004,0.5158762103199914,0.04254364238386486,0.00011293479061067252,1.2941002684983953e-05,0.0066694092435296524,0.0006824627831339744,0.00038601000100112523
5003,4.428768310762621e-06,0.9964255862446594,0.004135033287243415,0.006387635478460014,0.004798783516275783,1.8416111642943023e-05,0.0023564345848993075,0.0009461931180250145,0.0005167860696149975
5004,1.3711208794675407e-05,0.3714791001886196,0.23678206132820734,0.1862751434318065,3.0376792911381043e-05,0.00027995002549325443,0.007859436190732656,2.8951716030029185e-05,0.002062326138703283
5005,0.028951109253842106,6.241593857963939e-05,5.664811164950175e-05,1.4558279470894396e-06,0.008229648591595726,0.001071101249221639,0.01178253728566187,0.9822594027741404,0.007532702860007435
5006,0.5174879619203248,0.012468082622898531,2.2718862105737887e-05,4.32114412247555e-06,0.010436547998702046,0.011192650067390973,0.0008080170636555693,0.005875969384956146,0.6288249834857446
5007,0.010139903572733278,0.0026894461202285344,0.005465079823248703,5.317079590828647e-06,0.008532936300619087,0.007640955272688125,6.632983474352266e-05,0.0009918445397290817,0.9956351678971836
5008,4.590058656391846e-06,0.8960301373465919,0.0682247655529873,0.019479061961763473,0.00665649486846785,6.256772439512026e-06,0.003141204644547295,0.0017353440156236512,0.00018225549220558544
5009,0.0019219562181414448,2.5076422466695364e-06,3.0296233260934623e-06,0.008613984659286084,0.0006143841465883314,0.9976463420493875,0.0010752427695512009,0.0014763568736616886,0.00020767432155941357
5010,0.3325372321754416,0.0012057587559193984,5.931875083567593e-06,7.638959408970796e-06,0.0010984799389244886,0.008745444311508912,0.00769969903154031,0.48428162839099315,0.040323451578610385
5011,0.14681714981551838,6.596180705820637e-07,0.01279322090017757,7.975542591577552e-07,0.0008611834532673062,0.010263665650034743,0.009071448829144572,0.20382129079281713,0.5620843486715978
5012,0.005841464143298604,1.4524614775104801e-05,0.02229956142017157,4.576465874805825e-07,0.0005541874710290616,0.00041145554778591984,0.1456876743277394,0.8454625078827251,0.01749573976972082
5013,0.08845300611913065,0.0004200060766507825,6.501026438904769e-06,5.24937858171441e-06,0.00650642734540812,0.0015325923534626536,0.004932868270322791,0.9337377518812027,0.008356274193998274
5014,1.8042045792586993e-06,0.44560187033435505,0.566806065202153,0.012563291231750222,0.0001847213317935814,1.0079117926652255e-05,0.0015279140367459722,0.0003814102057817387,0.0026263615366441642
5015,1.0422022836098961e-05,0.6325681254952867,0.2505808287665444,0.12614520909726787,0.0008138172048051354,7.305586434907464e-06,0.003768004831850215,0.0005877591606241814,0.0001666162279986568
5016,3.598176998672977e-05,0.7287122572538208,0.4037822964816697,0.011077054939764866,5.5184185719162026e-05,0.00014050164091214073,0.009114987562986992,2.167670520793899e-05,0.016347000433443587
5017,0.005805780306579021,1.4585426698212427e-06,0.005295833427528239,9.85909159038922e-08,0.006237617675254856,0.0010387100780702811,0.02708346840021216,0.9897375457637854,0.012344933836724553
5018,0.0001551038326679042,0.8834544181951604,0.01668810179284025,0.07540811723259443,9.479263291253393e-05,8.44671989616702e-06,0.0037947286023773705,0.00021163523173582552,0.010149059546494608
5019,2.0433224891779296e-06,0.3889236594524547,0.6319293992517286,0.011711848430838556,0.00019720816240581675,9.53730361718153e-06,0.0019661549037497433,0.00044983584150293487,0.0015007033760640032
5020,5.7734459797083115e-06,0.9648724216159965,0.014796235012361275,0.05583639691191092,0.0006264784936823524,2.7108540791506704e-05,0.0021977672142049366,0.00022270260923112648,0.0005880257796320869
5021,0.018928077896770062,0.0015077823290597894,0.01255441871510643,3.936211107108993e-06,0.01323428209250908,0.005973873481579128,0.00011486924084912553,0.0006569967878033901,0.99733986718713
5022,3.244138787397815e-05,0.4458201477157801,0.4770724722280483,0.0006753958832289164,0.004556909309853131,1.2668733285072206e-05,0.004061133964433789,0.0020267674413102237,0.002065855798734281
5023,0.0005666414811770031,0.0009509234387363349,0.04454893713393073,0.00024535956798948764,0.003267602816288489,0.08664596470028371,0.00014305712691697165,0.00012112324943801222,0.8343373243864666
5024,0.0016832325267790132,1.1339842087683304e-06,5.269133156958454e-06,0.009500633472187901,0.0005017798784456276,0.9985002026529979,0.0007528218660084672,0.0025844888713424633,0.0001097630927721853
5025,3.2759841327350095e-05,0.4691890162368196,0.5331853895680478,0.0012443051812212446,0.0017487378038985471,2.9511628017066098e-05,0.0382057616972769,0.0006138165313064697,0.0015412323706422
5026,1.4454678359925147e-05,0.6889223625692691,0.2499069933022641,0.06678880290780027,0.0011834534472024284,9.302555337895129e-06,0.0035604060252487292,0.0006095898293155756,0.00011343323316279853
5027,4.301404558917644e-06,0.4275430621634847,0.5752489129640367,0.000850494570228724,0.011066510521835186,5.711094002362126e-06,0.036063663429863516,0.010298423414367852,0.00011055392174669423
5028,6.437958785637344e-05,0.012032198008947219,0.002201291850746391,0.0002072449437179956,0.9910069807243697,0.001068500035956595,5.7445881559957765e-06,0.019960501750092115,0.004098130973742676
5029,0.30729138173789233,0.00027431864554261644,8.969782409038109e-05,2.4405510428211777e-06,0.0002617121647870473,0.01097083351287172,0.05922415159673085,0.26991453908715246,0.13597703402127248
5030,0.1622479618983652,0.00040498017111266564,4.718558261615116e-06,8.613867169805713e-06,0.0013040043598165248,0.004161564761707136,0.007999679922606858,0.7583993522913114,0.022016535301319425
5031,0.011169486969893153,0.0017052714069026702,0.010505954020011466,4.872012106209237e-06,0.011269044919469822,0.00840195541765887,9.059207443393624e-05,0.0007306529265426557,0.9966432987324424
5032,1.148774722665842e-05,0.09435401478250545,0.9329663189870768,0.020870556871127467,2.419608449024311e-05,3.765054251761789e-05,0.03992091491432234,7.56748447935533e-05,0.0024259783533953417
5033,8.473965197761787e-05,0.357266524576394,0.6557479246500826,0.011390939670359968,2.40186276389602e-05,1.7172874528445263e-05,0.07336586417526778,9.270537862929613e-05,0.02161357945426896
5034,0.18888994344024335,0.0003510065872673573,9.881158057661422e-05,1.3397137708496957e-07,0.0013380828639058579,0.026786982529540336,0.003000835226046611,0.06941855236186298,0.7868418887509264
5035,0.01787342339564528,9.905642209871214e-05,3.341387448248104e-08,0.000983488415666014,0.0007321278759446032,0.9847010857968513,0.006927084596582736,0.023785174437585314,0.01928224698229937
5036,2.2866852957224234e-05,0.6198706174545093,0.3237627942650917,0.0007684940832931548,0.008141319915782267,1.4917286946291584e-05,0.006919337395901736,0.002859391551844687,0.000747736913088227
5037,0.0045237411550131,0.0031246542705517274,0.07488071939713858,0.00011243719080388164,3.396370045029864e-07,0.0003656210760126909,0.9963112837136853,0.0026768324373122156,0.000810017733946984
5038,1.2227019221318337e-05,0.5229914086675873,0.31577748327443944,0.11143527779436428,0.0006168136630608302,6.657673881159307e-06,0.006047975813449693,0.00044854973186942776,0.0002597399495716811
5039,0.006553688216098779,2.8646015436854474e-07,0.06637122881291821,9.69286753992185e-08,0.0012039687341334894,0.0015536259253414618,0.025190982827901335,0.974897928193168,0.04591414162095414
5040,0.0016122492807408232,1.748282210541324e-06,8.274690507464889e-06,0.007096862399641896,0.0003772374960849011,0.9989910548311403,0.0006757913737095412,0.0012474921326602305,0.0004825917864881916
5041,0.00010808908261642389,0.5684443560019212,0.5162435421446556,0.018336869759143924,3.3747115942695434e-05,6.276720604148858e-05,0.03126211144166112,1.2301905937197653e-05,0.009420870679930358
5042,0.002471177129159432,1.4730033503204988e-06,1.5531709709521153e-05,0.004946855589544115,0.00042217422586078286,0.9982414589317086,0.0011769045908353783,0.000998452560987157,0.0009788686470779053
5043,0.015553958991109734,0.005438254905331215,0.00020583943446597156,0.0002592892729929773,0.0026977116697819914,0.06216744787451114,0.0009067439094678334,0.0013468969312866231,0.7931331614378577
5044,0.1151994034574834,0.006046005438908705,6.394049091956418e-05,9.682287371397384e-06,0.015372516942259993,0.013906829476225126,0.0007315109953417742,0.009819298978803329,0.8767633139523554
5045,0.0008526445645871993,2.1362835104076657e-07,2.9310453265002465e-05,0.011169253552585212,9.390484448585013e-05,0.997078144631824,0.0018860001642060484,0.003362443044584622,0.000298894056092395
5046,1.1573365491750459e-05,0.9466029779201354,0.011328729614449824,0.08143111504843097,0.00029666614117277037,0.0002007013408701607,0.001969480777010686,2.0093952674216315e-05,0.005616953405992765
5047,0.08171296847232593,9.134108311877799e-06,0.0004929882822185402,8.066080283551062e-07,0.002195869274145355,0.006965038014735585,0.02217453042151517,0.9210421119918271,0.027526048318861646
5048,0.0022872367104125975,2.4661198068665196e-07,1.502218481345462e-05,0.013734434653227273,0.0001765996422419078,0.9939488345159169,0.0015539807154384758,0.008585029355013294,0.0006012952895199085
5049,0.0012031673700866243,1.2087051141734695e-06,0.004800689003200535,7.222404190830545e-08,0.009766199860899537,0.00019469189345484866,0.004615100686184152,0.9991537427122731,0.007237355338675737
5050,0.05697989635332715,0.0034012603772962807,3.8400032505336335e-06,1.3825251226613144e-05,0.0020743469427982396,0.08161411839430065,0.0014980318938003113,0.7639027936896631,0.001029336058334238
5051,5.203873690698357e-06,0.31671417833717513,0.49268222542308077,0.21293912035457635,0.00015602573438756312,1.0972990963591404e-05,0.0035980868408144033,0.0003391565483784762,0.00039685447147860993
5052,4.088735044612672e-05,0.0065533539578913474,0.0017706064208379768,0.0001672825415672964,0.9866862739528851,0.0058492341851716055,6.131462044218979e-06,0.020995188023206303,0.005539317977347835
5053,0.0026174502866827274,5.262737044979571e-07,1.1365883367729196e-05,0.008140957861218266,0.0002463178868245863,0.9941919004733276,0.0032540324692600982,0.005846708090737026,0.0003383258295744163
5054,1.8436030780180225e-06,0.977549485268969,0.017878527715742523,0.005467761285347037,0.011648536337180531,8.240533793808301e-06,0.0017592554991706657,0.0032486046797678934,0.0005440339311408092
5055,0.00020486932779085088,0.001086331711509122,0.0002201201819972932,0.04776186535283399,2.2118911159693483e-06,0.2003022275402024,0.5134787081369927,0.0002897480477954135,1.9403657523903675e-05
5056,3.19980023284128e-05,0.9314562870390038,0.04556583720942748,0.059710343668886945,0.00010541102089328002,0.00016139835683505544,0.005427061801602764,1.4238094173211355e-05,0.005636093893862302
5057,0.0021748800873692305,1.1266640387082955e-06,2.763224842434194e-05,0.004173027623064318,0.000264499577553457,0.9981249255561399,0.0022158418648672287,0.0012067326531161936,0.0006251989145153982
5058,1.42255743034813e-05,0.06376008188154138,0.5906819528677524,0.0005287092407868856,0.007528292131726774,6.338040131937393e-05,0.028288285948307852,0.007091528295391352,0.00037931413761565494
5059,4.1737242097747476e-06,0.09454109996722587,0.9061817764228394,0.06839524208647796,0.00011690707169444594,6.867076365982529e-06,0.0066535373123318454,0.0006009693134885431,0.00033907434701728673
5060,0.007632574889897971,4.960594380094153e-06,0.3158107140844523,2.5337979210860926e-07,3.479089390454214e-05,3.192616781344865e-05,0.8935644754003901,0.6333134832852696,0.08506886392441566
5061,0.008310549187826513,2.5052259147820214e-05,0.003027105837663823,8.854160653006626e-08,0.0033868124013799383,0.0016254636153025628,0.014844315169401897,0.8523817059856157,0.10608175974276018
5062,0.02030554559082528,6.212078432012324e-06,0.0006621104838003075,2.626081821850112e-07,0.001498104321181677,0.005050606046362902,0.007429554147882106,0.9569476087829825,0.05810573448411791
5063,0.9811171909492066,0.017556772438421853,2.826829892170172e-06,2.234350748639701e-06,0.0021361226517786756,0.020997222705835452,0.012418186969165438,0.0021294809289435306,0.03222376111184028
5064,0.002937062708678617,0.0002584078010947673,6.518070491616206e-05,9.700947086597613e-07,0.04723425319407169,0.011890666416078102,0.0021496007819505245,0.9837773117933303,0.00012718996976893932
5065,0.0017306727917151825,2.2923253859646805e-07,0.00014329577603031137,0.009120120269139683,0.0002011770087616921,0.9973421322653409,0.0019988812281138747,0.0013782032008920531,0.00036033351733134894
5066,2.243086275003855e-06,0.9680349813681106,0.02849965244096387,0.005767859116111155,0.01502121178751247,6.285619842294055e-06,0.002910356362848826,0.0039171953629782265,0.000260694739917909
5067,6.377258399663615e-06,0.030838414257317873,0.9828493167053529,0.0001049158771804676,0.0011514330108548087,1.0761747005208052e-05,0.0030310712911316502,0.000301856825730972,0.05351638006868253
5068,0.0635583897995208,0.00011916953106910321,0.006154052985365428,5.311013109885733e-06,1.0267652849669099e-05,0.001214669659238045,0.8622615875200231,0.13283315799308001,0.052073852262582675
5069,1.5292700436369745e-06,0.009340647588718687,0.9872129435473248,0.03314794714447187,5.399140166439959e-05,3.7157502034286363e-06,0.0046932540668271185,0.0004760695282820729,0.0012332436258374352
5070,0.043325860719155215,0.10220032294166496,0.001340063885011144,3.201188357301302e-05,7.314554916632796e-07,0.0001064518638572285,0.9968061133577782,0.0033855366724820295,0.005953195310608103
5071,6.285100603369699e-06,0.08832984246064972,0.8552047071217836,0.000647006907607769,0.003199738960510567,1.407167970082113e-05,0.12907083784265444,0.003641428195092628,0.00044354324374011605
5072,0.0012240235199749588,0.002372387901096717,0.0008740904187442302,0.013226720503959705,0.0001131465265380922,0.2151935198562031,0.09685007119955638,0.00018365792902310277,0.00029767400913543785
5073,8.161278763975442e-06,0.7028435912206021,0.2687036937727359,0.016024330628415278,0.0003210886759627866,3.6177304730892506e-06,0.0064829209380987554,0.0009373615513234825,0.005072577103250727
5074,4.3313196957470695e-05,0.0058845471676200346,0.0022689878329412686,0.00033823251434238666,0.9913275128074153,0.0014380613504859463,5.1590670682706514e-06,0.023341491179858846,0.0038188602737154478
5075,1.8805235292612654e-05,0.6701699229620331,0.11936098399814501,0.19890349966699059,0.00010297826941519354,0.00014635386012729388,0.001615194377635967,7.029066639175485e-05,0.0005664334326392418
5076,0.0002485001855697049,0.6754618897370376,0.0017156065260092114,0.21967800316743147,5.473570391242342e-05,0.0011513940397123287,0.003930473906101785,6.575618969940962e-06,0.15549500229678642
5077,5.158293436038233e-05,0.5955076717629326,0.389918861303598,0.00048463881518794684,0.00600348199247396,5.817068104108977e-06,0.00805928281922532,0.0021086209188736008,0.0021195644308501416
5078,4.4136689573214114e-05,0.011524131037442709,0.00492196020954597,0.00034076466780858075,0.9826185395729949,0.000436155625935978,1.1765385056085082e-05,0.01917153062505577,0.002888771947248063
5079,0.6224948523104848,0.01659702543270155,5.086795419657275e-07,2.2429567270327253e-06,0.00408457879591922,0.008028784415529604,0.00535304293381277,0.47301951249660906,0.011112514339076982
5080,0.004388480959455854,9.560839410743654e-06,1.1865109356674807e-05,0.0011654247805246226,0.0010632423270537335,0.9961698892482829,0.0009393037028468525,0.0018195693764180437,0.0013451542897615326
5081,0.05035870337419367,4.798578539580537e-07,0.03708223617586049,1.152413789540594e-06,0.004189583789914608,0.004275943453072559,0.0019199189447574284,0.3116408246225492,0.5145759623437196
5082,0.00025050971040443135,0.003769530477135216,0.5179828404753227,0.00487880885810333,1.3111303972025678e-06,0.00014119050120743203,0.9156333599676915,0.00013219705904819165,0.012228759601055362
5083,0.0011846516528837084,9.678806053336078e-08,5.028117098577668e-05,0.018018856033702534,0.00020179558519227179,0.99691706010937,0.001103568980563352,0.0025538608742526254,0.00020026701258996012
5084,0.006623832808300402,0.000127077702511251,3.432349868090426e-05,5.792157388286915e-07,0.01040695621350659,0.001137913288244274,0.0038543657288597757,0.9971997867688616,0.003457496611485291
5085,4.044483972383418e-05,0.9279435035060531,0.0898787340929859,0.011801465628353198,9.650958618451181e-05,0.0002047995126239634,0.004604965038083782,1.3328435238923361e-05,0.03598315937988792
5086,0.02935781391861135,0.01960057785389466,0.0073569165108889846,4.5710776055013405e-05,4.2390355444317373e-07,7.427477309982271e-05,0.9985622779166777,0.005387021992859301,0.003541879835518047
5087,0.00025435106921448597,0.0011483095103859847,0.0009821888010500767,2.1928703675043596e-05,0.40296558783697023,0.010778954674166693,8.079161432229573e-06,0.525726657505118,0.00030781235955067116
5088,0.00012579106472661314,0.8423775287669604,0.037848577481001705,0.05359501039311723,7.43815357920761e-05,7.078850202766526e-05,0.0046254120925012954,2.8655256624106282e-05,0.021325014189648193
5089,5.196401182522272e-05,0.018374709024402795,0.0031745354435744446,0.00030710016315584727,0.9835194411175745,0.0004102831438317237,9.981331417166475e-06,0.017342194362100338,0.0034152633817255496
5090,0.0024990902470978763,4.575045894508745e-07,8.060706752112272e-05,0.003919444744862304,0.00020370533523564598,0.9972160521326716,0.002850577458564609,0.0021094699424335675,0.00045614108933436794
5091,0.0013558501144014883,5.0264250832172905e-06,0.0016068220733399324,1.0349233076469024e-07,0.019208400917615276,0.0004916460653944274,0.0010791844269746017,0.9993838203179387,0.0028589275187360236
5092,2.3048836102210955e-05,0.4735594215514254,0.5478773415650171,0.0006610274208053261,0.005132306407863924,6.419654717587669e-06,0.023983236359381536,0.0027235220277541826,0.000983276093266593
5093,3.644891738649248e-05,0.8638149769397864,0.2058630431136379,0.022706322776685196,6.559458602301902e-05,1.76570081624091e-05,0.010532622211103956,0.0001642351263510837,0.0011940801723789797
5094,2.1191192405803618e-05,0.12220756665052217,0.6417282470822276,0.07925022750824345,0.001299071464003334,3.3159179338328495e-05,0.0032251228908804857,0.00039746071370529336,0.000173455915708343
5095,6.4421972770693e-06,0.3089774140221594,0.3520226776304549,0.18448134473363362,4.472424202309499e-05,0.00010780353384338838,0.01017321472169356,8.393328532589146e-05,0.0003366818533538102
5096,0.0013208674766009762,7.1341743094244e-06,1.2933239429818154e-06,0.004051733823128378,0.00036744859944731046,0.9986891755963352,0.0008822378698878442,0.0007213160555701985,0.0017668000997573038
5097,0.0028965810426187853,1.2661548134789517e-06,5.566019771571854e-05,0.002450485869686551,0.0003261299641701499,0.9963534278744517,0.0019940111989850294,0.0019740131988228954,0.0006531510940318311
5098,2.3388089902528327e-06,0.790668261794612,0.1978519514618629,0.02902312512753526,0.00022623908411333602,1.9495576294856375e-05,0.0012528118218544078,0.0002781383895953568,0.001789913064197935
5099,0.0014810443325969339,8.039836463703176e-05,0.00016472270713090758,1.1966957205166998e-07,0.05518572879295713,0.0016115132297247535,0.0004951244893893228,0.9992553237382404,0.0004713441301680485
5100,2.4020957209338777e-05,0.18972510538898604,0.729651151602713,0.026752722391915687,0.00016219824762450752,7.318888132078347e-05,0.00575550352267248,2.9028044677979795e-05,0.013276878914315516
5101,0.007217566625513307,5.569964353745653e-06,8.494526665985297e-07,0.0031452563562859534,0.0003126552940044611,0.9812688618658119,0.006546103399158343,0.006669929212651576,0.020803414322424926
5102,6.331346715513229e-06,0.1846674238218085,0.6957429962717013,0.2538805996911763,0.0001811308170978065,5.731405370674787e-06,0.004087231776735368,0.00047090893058593,0.0002269067487844641
5103,0.003978817977310809,3.252682610397332e-05,6.419391262817317e-05,0.001467506308208271,7.915131227538765e-05,0.9364422478189323,0.022047804022498778,0.0013022900315497958,0.0015618007581925332
5104,0.0001831669235409973,0.7636505530372685,0.24774155661534009,0.002854031871322054,0.00038321012191620596,5.55444679599471e-05,0.00855337063507766,7.430843038734383e-05,0.005114100386296685
5105,0.0025341063263489144,0.001067100118380672,2.8381015021898413e-05,3.6940663084033983e-07,0.17040842114819824,0.017287321189325223,0.0003414527780720375,0.9839795011353617,3.479794179772449e-05
5106,0.0011944725870777014,4.1160645220354775e-07,1.3846973555860272e-05,0.014244222326038412,0.0001762337522562926,0.9975575108436877,0.0008311418823947341,0.004023681876164308,0.00021852532541383253
5107,0.00014435083682936333,0.3645260037091312,0.2526568395231798,0.0018747483520316637,0.0003354633258174647,3.027043223192162e-07,0.006413256219402794,0.005342105573579599,0.07750108374424067
5108,3.6262752108643963e-06,0.9742118880629024,0.018555808038285805,0.008417911619040758,0.009704782424236518,7.158172671022046e-06,0.003349711234527198,0.0015721821761101279,0.00048810560510764646
5109,1.0725180912374257e-05,0.3106376651866979,0.346631767641746,0.23781051944667106,4.997643756095988e-05,0.0001217854059323495,0.006336606635153682,3.5625886810649307e-05,0.0012909779791479487
5110,0.002150543746386788,1.4370158381514684e-06,7.831859733226432e-06,0.00961881707456151,0.0004156959099706908,0.9988709300840286,0.0005605294042517919,0.003412514377926358,0.00018962703949141003
5111,0.0013513554308952555,5.734831274099283e-07,2.0528766061640003e-05,0.008293197138843559,0.00022185693469597582,0.9986009578692401,0.001147401487402402,0.0013803486019175624,0.0004436943180825756
5112,1.6751963726612706e-05,0.5665505409332989,0.1512502717420593,0.23535866186379076,0.0001344900160139507,1.0048888063057361e-05,0.0025140859747829545,0.0002539203764724116,0.0008609003936272904
5113,0.0003842065306806176,1.906456091801248e-05,0.00048762164335264724,0.04090593140787559,1.974387853814738e-05,0.9000656769652066,0.023594542937573296,0.0001640492851496354,0.0003779507377988119
5114,0.03805615536662873,1.5389938043394552e-05,0.00013496336891295383,9.178359745323189e-07,0.006132171501957441,0.0024108619803305466,0.006298626452270969,0.9566302846406063,0.026040185446406357
5115,0.0017671828098752029,2.1818052763317435e-06,6.426752249867767e-06,0.005358947483617039,0.00036732284999999314,0.9987374105116288,0.0010203909119103187,0.0007830312163966365,0.001116485848573187
5116,4.1671763285656876e-05,0.22911835880954565,0.7377191612210041,0.01369741247563418,1.741869924679115e-05,0.00010109841022977624,0.05346293863701737,6.337577623592239e-05,0.0026306063567264966
5117,3.542918722697843e-05,0.8763716477543312,0.0037557951651112243,0.2988457974404566,0.00014715852928595086,0.00024381315153821755,0.0011108728208575642,2.9235788481149587e-05,0.0067192620101635256
5118,0.0011866329398696775,1.5375368388270722e-05,0.0005712075409525752,1.503952823926916e-07,0.017293827558009144,0.0007752930493030137,0.0005670811126310711,0.9994780408413855,0.0018370885900050662
5119,1.9367686855311874e-05,0.7354084526303769,0.06952961821617586,0.1220306683019761,0.0001129669171384467,0.00024721381503416525,0.003895321916829891,9.591706970376758e-06,0.01292106874012815
5120,0.1445049023978587,0.00014884583143756283,2.4781927972123052e-05,8.522555051792299e-07,0.002219836205295794,0.01938715367226825,0.020247758636258807,0.8213383002245055,0.0455022831794515
5121,0.12925931568021168,0.006031732636238652,2.2462620408055867e-06,4.075845556875437e-06,0.0025672675855378277,0.007876263869793385,0.002884491804318539,0.8792944741749978,0.005762582404846826
5122,3.232265080527075e-05,0.10798372974043122,0.7621922610131354,0.12397096016464029,0.0003822333616272864,2.3266369896806123e-06,0.003915904250550751,0.0004677284629351711,0.0009772000916292846
5123,0.0008551264223262231,2.0167575439367714e-07,3.608966556143864e-05,0.019753027492486534,0.00013631040516812561,0.9965934687216301,0.0009702585641193687,0.001848303771376098,0.0003770966579242364
5124,4.018677077145816e-05,0.7499832751662148,0.17787369608724424,0.0005132840230060049,0.012806665959480693,8.246881119704795e-06,0.003907778856514544,0.003142961848909091,0.0011129392306721787
5125,0.07318927921549445,0.0015926628247827606,1.0617067016952012e-06,8.439318545660847e-05,0.0012630212236628853,0.6737750133600116,0.008123633820571087,0.01581188128863027,0.11142497767003894
5126,1.3885882947241325e-05,0.7253446851546743,0.1644187578499322,0.1499896629133824,0.000653554905720005,1.1070176155342723e-05,0.00272946362307942,0.0002246159254769786,0.00037031218365401975
5127,0.0016106879538952668,5.190910341305106e-06,2.0156310704227593e-06,0.004054824273372983,0.00033264596197460773,0.9982972916577059,0.0012808786679400835,0.0007840703708459194,0.002054625460582315
5128,0.10169816035886316,0.0003548905506777387,7.562370521745188e-06,4.9907191208502595e-06,0.005556242849530446,0.0019868471464636055,0.005191455048597669,0.9187746092395357,0.009907352261968476
5129,0.10701575310574328,0.007209935292911785,1.344919520562911e-06,3.055999891776255e-06,0.0025422651394714705,0.008689007245450799,0.0015759046090361897,0.9380004714709815,0.004499552202473824
5130,0.001230059526934014,8.021733607263444e-06,1.9666280712002613e-06,0.004562104272003038,0.0005199521256683626,0.9985966842611358,0.0008485836514667333,0.00036626507100882724,0.0024127909689487825
5131,0.00012991218857249972,0.5637318128689673,0.2122292440128345,0.016556307258065592,4.203325004899574e-05,2.126226314904141e-05,0.0939665280685599,1.812453047405968e-05,0.24505057492881477
5132,0.05350230924870738,0.003780486551349572,1.053911622362636e-06,9.472493223841183e-06,0.023792813284632706,0.006632996182056633,0.0007071152448889222,0.9710326820228931,0.000728348121051984
5133,3.5073058504081246e-05,0.5813077443193245,0.31024492623543914,0.08247588323873513,0.0016254127664208598,7.567912895890491e-06,0.0075661131985364245,0.0005012267567793176,0.00015232548560715396
5134,0.006477686718919292,0.003231185708770222,0.052939234601186595,7.822699143870536e-06,0.007734136021937331,0.0008878909991888236,0.0004319931645894057,0.0015864099252919162,0.9355213391031165
5135,4.141891762284291e-05,0.12431078951409273,0.032643674444941304,0.5931984838665655,3.338670529917251e-05,0.0003377289260078574,0.003818546027173351,1.3284977960653136e-05,0.0061989442324788015
5136,0.025408784554187106,5.463248928288858e-05,7.772422923537615e-05,1.2558474206433393e-06,0.00669446168279713,0.0018945682026327423,0.004646485154196413,0.9841261590532052,0.008886984595887428
5137,0.0042844711718023655,0.00015194691765837813,0.0005561711858449016,8.846305171507264e-05,0.0013038035786249486,0.8930235445198847,0.0011830901656417585,0.001755026615572531,0.013759942988775253
5138,3.561999432982458e-05,0.006083641170751031,0.0035443169414168963,0.00027333489224433275,0.9872686565146994,0.0017408781654888197,1.0481357144963741e-05,0.023791251865481772,0.003336843214573752
5139,1.4409570811386919e-05,0.5194241457834965,0.36192500423081914,0.0971154282433571,0.0007908617798585924,7.042906173387298e-06,0.0068417239949891805,0.00046482281093007373,0.00013592816925595314
5140,1.2999252484302302e-05,0.7672013692830189,0.12177819062462648,0.06638945284130453,0.00039353912991595206,1.5758418011143434e-05,0.013741797613038797,0.0002340686617279264,0.00018624280002064864
5141,0.001080403452722531,1.548164871159891e-07,4.589469699491909e-05,0.01717755086745713,0.00014144213139333637,0.997703942866414,0.0010098621601750358,0.002395816803175235,0.0002600022687707752
5142,3.5293895725966673e-06,0.27631538769117175,0.39756782978779254,0.2664572645393442,9.85176600371468e-05,1.2281954048724502e-05,0.003935977486165734,0.0003829240495353775,0.0002734450486240571
5143,0.02226350278344612,0.0001636112610435157,0.013845103412543785,3.61970381395832e-06,0.00825133572521717,0.005587092828286142,0.00024546234957289163,0.003156334072234761,0.9909823443178677
5144,1.2073833807455124e-05,0.4535837827292519,0.009380384757971073,0.6812685202043355,0.0001096156268686547,0.0001129143928153333,0.0015995466524868689,5.6576548376542216e-05,0.00221616107240632
5145,0.003060338827954812,1.535352481419466e-05,1.1200035121349313e-05,0.001434763458879578,0.0010672809393616719,0.977588580533563,0.0007322629545752544,0.024398097121657823,0.0001964845497020729
5146,1.869482225841607e-06,0.15494947729987182,0.7837370169520982,0.036561224323588055,5.3882045883656836e-05,1.1302817714687843e-05,0.004157248513530703,0.00033438536431038083,0.0014138450913464573
5147,5.1001500859771524e-06,0.03182029333486976,0.024331348354687945,0.9377324714316718,5.559202738723464e-05,0.0167818071887007,0.000856558940786654,1.2345519251161939e-06,0.0025483145052596413
5148,0.0007707272159655575,2.6770730365237825e-06,0.0055356965679345385,1.9629848864081536e-07,0.011348920607394206,0.0015360114410500438,0.0010534279481303225,0.9958270873673705,0.0011204422477303253
5149,0.0009273647865609286,1.0804677596778776e-07,4.645605199101048e-05,0.021517682305205343,0.00012832389401219954,0.9970524959051951,0.0008008045449140028,0.003963280636898,0.00020521430270528795
5150,0.00011993718159346024,0.988171839534225,0.01848929279216776,0.017974396520519645,0.00016321515008941909,6.670535167722244e-05,0.004410204806328066,1.896366947834773e-05,0.013607042944723504
5151,0.005211388144637525,5.490163850831563e-07,0.010425530590256669,0.000834233813074466,0.0006059066722167405,0.8491995148444311,0.003506109432987758,0.00393218931885355,0.002760594709060524
5152,0.010188359738327024,0.0004901393827156715,0.003755681482530316,7.213285257616016e-05,0.007452844401415858,0.03059671942987131,6.858750931433502e-05,0.0002406786881966808,0.9763112922571556
5153,7.440887117270832e-05,0.0001350556891520957,0.004409644951892184,0.16379394622249926,5.931129033899197e-07,0.10636923660720259,0.39624409860193915,0.0001503803799269765,4.086537180640263e-05
5154,0.014615937334471349,7.848897311520324e-06,0.0005454990532018294,8.189437953548992e-07,0.004884657281678846,0.01912272117234009,0.02784185657844816,0.9465004175075521,0.009707996982846355
5155,0.0012524006655174737,2.1675360025834536e-06,5.02004913393466e-06,0.005651451427201265,0.0002196915668194324,0.9982044136644289,0.0012746568953321481,0.001093722230849478,0.001063482356361927
5156,4.639298577726779e-05,0.1683398398697743,0.5804754856177967,0.0003137204605248234,0.009571384524825775,2.9159972210297937e-05,0.014891398004837882,0.0026651515798489407,0.0021150880334751643
5157,0.009275758251834243,0.029269592755340284,0.0033711131391084225,4.7150066866660274e-05,1.483001631771377e-06,0.00034715136758948427,0.9719899871745376,0.0358691782109815,0.0029586666583470006
5158,1.204860269580414e-05,0.06909282457591831,0.9015248823176998,0.0007065044531577154,0.0025522078858161057,2.3302412964972794e-05,0.11424368972084722,0.0015329654973248068,0.0010330138663642958
5159,1.8784264858246136e-05,0.8188677872127661,0.1446743627766389,0.0009511205738574102,0.014134563375272592,9.33812099871238e-06,0.006009479425599938,0.00406299366449606,0.00030215178929036653
5160,7.139337058180783e-05,0.00779981559423448,0.0015874296963105754,0.0002195698646753833,0.9938476948237273,0.0010644348352746606,3.429137340174236e-06,0.020225908325388006,0.005469033945362522
5161,0.0019059232761657544,7.414301569555254e-07,6.003624234587813e-05,0.004513284349930205,0.00017717363742397833,0.9972178518334592,0.0029296489010087507,0.0015743983353044369,0.00041452830518678665
5162,5.4001036281489145e-06,0.4410378396275403,0.3725122073271248,0.24126162708842364,0.0002290971644917702,1.2929946643874262e-05,0.0018003589405822442,0.0003864306689418775,0.00020331831013504497
5163,8.476651704651704e-06,0.141791857398723,0.35287300785170683,0.32569856873805597,2.3514453174610812e-05,0.0002888253855637974,0.012573290283291754,2.157176032332492e-05,0.0011610763174757126
5164,3.739802758693895e-05,0.15793209687433307,0.005184495492493182,0.00033310517867311937,0.923187195057377,9.834284414986851e-05,5.080798917599289e-05,0.01018163797578403,0.002574654792199054
5165,0.789154486774333,0.0003235454697031774,0.0002037318568169527,2.9471265859927896e-07,0.001719047197048082,0.020114376710587006,0.003341615775432018,0.005507730955328395,0.22404291914113053
5166,3.1800722148464014e-05,0.9870244081721142,0.010744822739911085,0.038931697142820014,0.00017993156769514505,2.614163010839974e-05,0.005761935229368871,0.00010759289925445547,0.010239879616164144
5167,0.01729840347681721,0.010970540294489548,0.00035012766125844247,0.0009332246365021986,1.473934736508286e-06,0.005043690104856957,0.952631094800834,0.0004024867823078282,0.0005097940994153629
5168,1.607552738416114e-05,0.30201996130944964,0.6124348995208531,0.14721979126089593,0.0007574491104182913,7.4473660862597885e-06,0.00482031622412773,0.0004338061211405979,0.00013722536904229877
5169,0.05228599099375134,9.103088951696155e-05,0.0005436425294393605,8.374831538776896e-08,0.007123537340347217,0.015450121347305588,0.003649685587594591,0.22879732150112947,0.814728983101417
5170,2.9060244242879014e-05,0.7393718716826736,0.29392183154500695,0.0008041223472271012,0.007224952324087165,6.724158945568282e-06,0.007661150189586009,0.002345032912348788,0.000701176452676966
5171,0.001578908722842228,2.1769783954372836e-07,7.114947925516873e-05,0.009085744843926468,0.00020070158525741023,0.9985945277093465,0.0013960451359788658,0.0029552441685612766,0.0001498722466118935
5172,0.33724844025175466,0.0002318846220796407,1.8792748146816467e-05,1.58811836050307e-07,0.0005504449914010082,0.06556775290275796,0.009131030999456256,0.08612806458302416,0.6705232813594784
5173,3.691382467400691e-05,0.6349313268214812,0.3752557343758599,0.0007157883164817062,0.006142246285832574,5.7658365137457e-06,0.004121427262559163,0.0031292924988479114,0.0013913970484759652
5174,0.00043431648993556496,0.9637451414470606,0.021107481090951716,0.01734996813548843,6.685495853513203e-05,1.691431049357013e-05,0.004471202534931376,8.560389550262114e-05,0.028602254701266008
5175,0.0013911337351311752,0.08036998978088654,0.5708360504414431,0.0018721409503994234,2.4653517477960438e-05,1.32005802922063e-05,0.27110102178481593,0.0002222104792213804,0.4608257650816958
5176,0.004349983968109475,0.000371708203509423,0.00015498459500939242,1.1011946695917727e-05,0.023262715902113533,0.0009654346377485659,0.0005223702109618496,0.9716424970753459,0.0008806278730861232
5177,0.1218583770686069,0.00020285555985989547,3.830760638482407e-05,1.8033111970631955e-06,0.005453926828271391,0.0035128219632829098,0.004336227256027381,0.9625743482127975,0.0016133990975441496
5178,2.8725171673577738e-05,0.03264422263005225,0.906151117856868,0.028963036856826375,1.0759688393571205e-05,0.00015149856176218778,0.09809301636442287,2.3584325109209302e-05,0.00886429153677345
5179,0.03427472750547563,0.0007400124512147952,0.016724491867158426,1.1824318030044601e-05,0.018899551054286957,0.0018506293770177416,8.818296180625693e-05,0.0007693553075012929,0.9794510340342644
5180,0.0004842754494971655,0.0004169090358760031,0.037532446655682415,0.003826350969050144,8.214136906003551e-07,0.025404537842082183,0.7991150911412146,0.000604079049348371,0.00013635088469019332
5181,5.308226463135342e-06,0.4100225821935183,0.49380297294593334,0.0016977839504149644,0.0089317131078413,1.1761745213308811e-05,0.015757942472473106,0.005379741401502864,0.00021305253722869424
5182,0.0005987390520950415,0.9805629004963526,0.04070085900278696,0.00637682369053181,8.840264518006134e-05,4.676201318145677e-05,0.005266899266638547,1.4042199985673823e-05,0.03050449309262694
5183,1.696953289414965e-05,0.7790709591952173,0.15583481073849575,0.05470904254696531,0.0017796325009101254,9.146162122123372e-06,0.007040125303134572,0.0005745443109550171,9.313214071545176e-05
5184,4.577564146206078e-06,0.0868939032648229,0.8600021707862183,0.18874658346408116,0.00012718428524714884,6.700758030156835e-06,0.004590710610911233,0.0004397463884721707,0.0002961406909735447
5185,0.000645151843787817,5.0751963054884344e-05,0.00042809792486054986,0.03253811242708966,9.035750634812616e-06,0.7181439320065295,0.051430236499255044,0.000877119662090181,7.480433749587761e-05
5186,1.6040251353247391e-06,0.08939667014459177,0.8977489704485572,0.02504541838064254,0.0001029034777842566,5.947062409399783e-06,0.0021277901757264643,0.0005597528565308917,0.0015504322029424391
5187,4.850340330887735e-05,0.005658876275645586,0.003986520312135761,0.0002777520363833385,0.989767406900632,0.0007771025306277558,8.268626842082485e-06,0.02195170137886884,0.003675129408732273
5188,1.4907957469010577e-05,0.17199475027480818,0.8116005077445478,0.05812028006688317,0.00036907259698974856,6.155451552506738e-06,0.021293157304977207,0.00041600220597243437,0.00025318122663173573
5189,2.6029461242954527e-05,0.41307237357440807,0.287426100178152,0.0006245527728449826,0.006010932725933031,8.959471376156327e-06,0.009442998637611734,0.004635029722849194,0.007262869073979145
5190,0.001192404704680397,0.003925688726959523,0.01328153356181036,6.680664503429641e-05,0.003800380214295822,0.017005828660816704,0.0009370706074004576,0.001886317527303011,0.7551467133943153
5191,0.0018426056123854913,5.626573434206572e-07,3.094424711260671e-05,0.007050001171540538,0.0003196031287363105,0.9984143909273318,0.0012188267758839902,0.0013370118054983361,0.0004632109260166984
5192,0.0019911851722690427,8.183286095820353e-07,1.721651482936014e-05,0.006886782483471323,0.0002853934173153615,0.9983408425930175,0.0013467107242166089,0.0015432338575492308,0.0005880014586847009
5193,0.006123943832173148,0.0009300372671035472,0.011812325814719778,1.5349340655677266e-05,0.009468170690289962,0.008940637673012635,5.872295463495045e-05,0.001093456476183936,0.9932646273420829
5194,0.001215040855482927,4.794987339064734e-06,2.2066728425624192e-06,0.004941071860861992,0.00031532289228700013,0.998556594503262,0.0009409983328215191,0.0006921105952931426,0.0013466540140495975
5195,3.6100109158523376e-05,0.43009858984208504,0.28695973095268373,0.02625680004044881,0.01620739933625982,1.4294294355490956e-05,0.0053329194377967236,0.000752548864849083,8.300202302558594e-05
5196,3.201134335887741e-05,0.678895707235182,0.26105663776856025,0.07408106440693688,0.0025590417211966273,9.338672499157869e-06,0.005984211769919446,0.0004353984021113571,9.352650484577636e-05
5197,0.004226417149791692,0.8821987563128415,0.0822589331289841,0.012918975129984129,0.00015295673702756066,6.622730197331554e-06,0.038976667935986295,1.0982435742951081e-05,0.015007543234513034
5198,0.0009395846726976412,1.3759559438220431e-06,0.003140848881208564,0.009667000794092264,6.489685651443136e-05,0.9311822446431687,0.009331789582177853,0.0008053403751276603,0.0005158704606954849
5199,0.14430889591435028,1.71275417366063e-05,0.00038218686864936323,5.785108298271923e-07,0.0017833370680673114,0.00558826682728568,0.030402452754588628,0.7918965300948463,0.06235074473137602
5200,0.011972674759178542,0.004812310055331348,0.02629694910988319,2.8353238964099787e-05,4.158691145349435e-07,7.95022151294723e-05,0.9988836360396244,0.021794236314583198,0.009940730714745306
5201,0.00023983178390178992,2.3357535612399312e-05,0.6940930329891628,0.0001833431070470857,0.010310755757573656,0.060329225634793836,5.3588502787050515e-05,0.00019360377670100037,0.5284496536129463
5202,2.3198039919219406e-05,0.46804919026231573,0.6514421874931076,0.026669492012662468,0.00019665591982940528,1.0379341289059461e-05,0.013812416296343803,0.00028539032487398514,0.0004029579454238215
5203,0.3807892209705107,0.00019081967226804,0.00010666241066351069,8.63100554639135e-08,0.0011073513905157475,0.02331724438040701,0.007399956982051937,0.11226277374600631,0.4230750597559017
5204,8.637852735189932e-06,0.9656573305974113,0.025722979699152736,0.0353910939588286,0.0009910734965079971,2.5209418277579817e-05,0.001800816388164869,0.00020293469072892414,0.0020794297831015452
5205,0.0018021294119349354,9.635176607581481e-06,0.0009600600165348711,1.5946708258968024e-07,0.019252356390519622,0.0029288813342435763,0.009724294450016144,0.9965384712710432,0.0014672302634714312
5206,0.0008539717321089155,2.9660037037817614e-07,1.8452162351558635e-05,0.016822408090176974,0.00015522997561376312,0.9978646494497222,0.0006382957835784595,0.0020323002902971014,0.00030339004618727114
5207,5.2984250756153315e-05,0.004471653949965767,0.0015704580099643334,0.000259134806448768,0.9948129235342266,0.0018422242836409473,2.3552181507169426e-06,0.029481429334276707,0.004482366491286288
5208,0.09144378041606335,1.9434024681486267e-06,0.00499067083309819,1.9445061046659886e-07,0.0013629843309441387,0.009319514158041194,0.010619260682298367,0.4221354312791136,0.5580254248823804
5209,0.0019028173416500119,6.022609745892961e-07,2.098151663689845e-05,0.008998946278433801,0.00031649715972634825,0.9985077450719575,0.0008700329449349668,0.0016642390991325252,0.0004682300493808633
5210,4.088943776331668e-05,0.39252538027700346,0.5737047861246892,0.0005175533711535373,0.0027098102522764536,1.2396996516559036e-05,0.02995917544114236,0.0009382237333489157,0.002610724009103489
5211,0.001314139867845086,8.198255592040683e-06,0.0011821230995773299,5.850003210491354e-07,0.005166104205274598,0.0019711072925594937,0.00924631842137854,0.9951988342966713,0.0013655032655260036
5212,7.409663812699098e-06,0.9194574191270606,0.06812757358199158,0.057867624642606835,0.0008620499720400442,1.2530370463558624e-05,0.002927609451792421,0.0004634211781220269,0.0003409805437910283
5213,9.938269937436145e-06,0.4549688943740339,0.5328035403630172,0.0007870627462976468,0.007272597265802562,9.590441354659765e-06,0.02056400124378334,0.004426597234541085,0.00041543078954994024
5214,9.95142047196853e-06,0.8310625404114985,0.15732493157225283,0.0007954516983641054,0.017330044583461646,6.758757420513948e-06,0.00326115702755448,0.007879657394594326,0.00018365327532404098
5215,1.291304654392631e-05,0.38554913574038746,0.691030042652496,0.00015678181786829752,0.007335062907076032,3.4703946815297825e-05,0.0646273856261124,0.0002914404144097464,0.011929069492455122
5216,0.0042280758104088255,2.489013473407564e-06,6.977719776884573e-05,0.0009377454922385993,0.0005122926106220944,0.9949080480807783,0.0018874880435647086,0.0032127193171747575,0.0007366403938310817
5217,4.856117727351194e-06,0.8988320560471624,0.05368740170750863,0.00707748580444088,0.01785459682898539,4.304755001737855e-06,0.002059350755252633,0.002173304731235885,0.0005686455913311534
5218,3.5322784399537844e-06,0.12293387704701897,0.8626089954602884,0.03786927863159847,0.0002883713434771889,9.908132450816783e-06,0.0010366798969968455,0.00030705896156236497,0.0018942866163420247
5219,0.0012087603591978198,4.6524745275194095e-06,2.415613476670946e-06,0.0052276892652159184,0.0002945108297429463,0.9984821066410772,0.0009596029418110715,0.000688892010032077,0.0013460076774353099
5220,4.692786940516052e-06,0.7798911893061115,0.19465801200666297,0.0319889938516386,0.00027010803088816824,6.943391765632281e-06,0.0027626536679824227,0.0006638538885631587,0.001986600591301145
5221,1.0798721431290603e-05,0.9366791857521087,0.03901383844501742,0.0755752695090776,0.0017119480267773009,1.2756780315444233e-05,0.002094330881926312,0.0005666563313974982,0.00013456411601019835
5222,9.238734237420095e-05,0.9399485039778054,0.012931290029566767,0.038658395489785745,0.00022442719938999597,0.0006745000126198341,0.010236254019305,3.220481135044668e-05,0.002380593257269914
5223,0.00021065842269917676,1.7525364446717263e-07,3.3187574227278946e-05,0.0012833696502001501,0.005739794138367835,0.9733343388332026,0.001365107511041065,0.18311064679756617,8.63405692433992e-05
5224,0.0035718562063702867,7.318799935035808e-05,0.00014010095008706232,2.899322569263782e-08,0.06405882694888008,0.0006092600405272835,0.003538654572206392,0.9989793257053535,0.0016887284579091301
5225,2.8731786225195842e-05,0.5589121947891537,0.31458714273004357,0.07328451362454994,0.0005011277074458293,1.9840704484842668e-05,0.005163055461245231,0.00011591898529233673,0.0019167849698596827
5226,0.0047100009885346185,0.00013423788150823305,5.3610208323706217e-05,3.0404387705338324e-07,0.030393713388671296,0.0009101242096942289,0.00274492042087111,0.99869100109418,0.0012312357015894409
5227,0.0016551597238064501,6.976424280954834e-05,0.0003185767788111232,2.057418958880792e-06,0.01982756624904679,0.006647080924296392,0.0009693489152164883,0.9846403873480408,0.00012792872218820512
5228,0.0002954349214177005,0.45303678338877484,0.004126488788922341,0.15178411266581845,4.345349468490447e-05,0.00011675449095550601,0.027934700836937547,1.9281157099102946e-05,0.48006006970703136
5229,0.0004968912970668006,0.9001138874657321,0.006174454375148,0.053126115443774866,8.238131791481404e-05,2.374873810584655e-05,0.002924049643211129,0.00011168115378280213,0.051650956153399506
5230,0.9873790520985594,0.01276384756285568,1.212470884199986e-06,1.5143474114469564e-06,0.006836716906180084,0.036539134777548235,0.008242543088569892,0.002760136030818428,0.03231543172794392
5231,0.1346541126238712,0.0004731371839647747,7.665249926911556e-06,2.281769092228936e-06,0.002824140932587931,0.005829846060963548,0.008956954858251353,0.8741077036377841,0.01981364460408109
5232,7.491835703258166e-05,0.8112780667255257,0.05811259945809448,0.0002853452791129146,0.03135013622335804,6.451457261210296e-06,0.0021262334113316987,0.005524928455198095,0.0019322975580919495
5233,0.005388300664513672,0.011034192921537966,0.015218741838188627,9.042829205986271e-05,4.5783527194219845e-07,0.000376979202093898,0.9948673450446478,0.0032184982404823204,0.002026736482280208
5234,0.0014054935723876827,0.015051034710493464,5.345477305449095e-07,0.013721812336998276,0.00025868847818508585,0.935852248630818,0.009615787652890603,0.00019073121213657537,0.00015904045685535202
5235,1.1305938097509849e-05,0.5907233440850118,0.28540715815586065,0.14299553115046607,0.0005028794041183064,1.0178166608767318e-05,0.0036221903988425132,0.00033730793903788105,0.0002518829200810455
5236,0.001701977375029648,5.879713675986499e-05,0.0021587449019917038,4.7034356159373895e-05,0.002663978969831188,0.11743010799770386,0.00021462623064765363,0.005161631957034481,0.9318599754372354
5237,3.81437501068782e-05,0.5610085015897677,0.25057764022965695,0.07633343840111206,0.0011119432254834299,5.86043645466069e-06,0.012061055217391866,0.00045789674470375597,0.00035611171314301165
5238,0.0017489450596397278,0.00017404005972505496,7.605721103445928e-05,8.394247215405241e-08,0.060213422274908335,0.0016322170442903108,0.0005308419511122057,0.9992668155939639,0.0005373525617685111
5239,3.0409376048820545e-05,0.41630918586025056,0.44955532537023635,0.00035153826252656866,0.010110798352613458,1.439671593826334e-05,0.012422926326648417,0.0035526725300814334,0.0008573037128114965
5240,9.403267545023385e-06,0.9749642193491213,0.02278502605727599,0.03919223252795198,0.0007109584527451847,1.9525587749707658e-05,0.0033467516289754566,0.0002097214452406465,0.0008173533519972595
5241,0.05436131988692703,0.0027635896483149697,9.68290406413808e-07,3.4463421717342896e-05,0.003560566953761104,0.027971986366292785,0.0010104539418855987,0.9078207781957701,0.0012523832476370425
5242,0.42806968618940117,0.001394828489708155,7.106501096756067e-06,6.134906267352509e-07,0.0016466223466251313,0.1286989067083974,0.0044265152936835556,0.06554879225571106,0.2870551085282938
5243,2.389135630013252e-05,0.004308461264445158,0.9592677309219352,0.07766854771700885,6.6091648812662565e-06,0.00016853585325872218,0.2561144449475764,4.951933812346563e-06,0.013497274887850488
5244,0.01837624903494972,0.0009858945105028828,0.002903680075612556,3.514745749002667e-06,0.006547905933851518,0.017996784036910206,0.000296527318627183,0.0035750342046454503,0.9696141254410894
5245,3.1734139260012963e-06,0.8502542126094561,0.13328044429802677,0.00276034287017118,0.0016352195396475502,4.061295159721788e-05,0.002949089813236774,0.0007896661802975293,0.004786637441429444
5246,0.009020922630257862,0.002842727925920501,0.002779382486375704,2.9827118986743975e-05,0.013715310358504703,0.011282977290061322,0.00012403497546940853,0.0008011145675588482,0.9909441152920876
5247,0.8161396495820563,0.01153751911594333,3.214344390671275e-05,3.93707118883887e-06,5.828410371931692e-05,0.0018802326794031844,0.40795128343835707,0.010170608861276837,0.012219522408644726
5248,0.0028901947094675013,0.0009747240102009588,1.0563903220354256e-05,1.625059008140676e-07,0.1168484434063418,0.002990808381370111,0.00103395582886281,0.9984933606583686,0.0002447810749556508
5249,0.0009661283898622925,1.3462632709382092e-07,3.432979946132933e-05,0.028522253417543143,0.00017844325720411098,0.9976433543424337,0.00038254843020665505,0.003303574733285181,0.0002109695531643567
5250,2.7584412422968812e-05,0.34551798313685694,0.41272854001838377,0.11880483751658094,0.0002861654615581292,3.225929248123793e-05,0.0031213608394991717,4.06645020273895e-05,0.006122031897104983
5251,3.300625048511836e-06,0.6691717148022316,0.21211193206685097,0.028921125514594758,0.006665285920098627,4.75113295654768e-06,0.003438656129945709,0.005467885328707396,4.581355699561517e-05
5252,9.8097145591156e-06,0.2722031322205348,0.6672092321690376,0.09279920226507271,0.00021128524860069653,7.233649155147221e-06,0.01416433544362404,0.00031420953156940164,0.0002367977738149804
5253,0.0021928200154773553,3.5430849828119967e-06,2.5749765057633805e-06,0.005212632287092927,0.0003944258480156386,0.9983569615348817,0.0008802646995203836,0.001925175413682602,0.0010838544974907164
5254,3.532906253600347e-05,0.0019303985776242675,0.00626611361102459,0.000350305473004228,0.9900001147636662,0.002154949032939204,6.763143027111105e-06,0.032793364052158526,0.0024726392598886766
5255,0.0062486291978287,0.00026879589303387423,0.00020737135216339423,5.188336021313623e-05,0.0009145738824386079,0.8721105731448207,0.0029735994971011232,0.010944585018729084,0.0013108121773989935
5256,0.0011420581036265072,1.4236350765156626e-05,0.0006311593179638232,1.5359609890608438e-07,0.020614438415325096,0.000682509993780651,0.0009029039135111534,0.9992779544411856,0.0013477913015606602
5257,0.00012388323700405948,0.9703552270407078,0.05142440413890251,0.003532631480064728,0.0009641335214592663,0.00027736854286017603,0.015301820516001942,7.178501313913123e-05,0.002936718469256137
5258,2.1239289886345686e-05,0.6271587165183758,0.38138363168246187,0.008264551123243596,8.746996924477974e-05,0.00021303998033632795,0.0041892528048633575,2.3328477885642334e-05,0.04700796097914091
5259,2.701618552045477e-05,0.5651751465057908,0.05179939101278772,0.20485512483326893,6.600461195822624e-05,0.000554218812678907,0.004480908002609662,6.559353439780375e-06,0.01419242342816554
5260,0.004607130175926674,0.10041643381772776,0.004892715702487994,1.6102186420727226e-05,1.3605568880243811e-05,0.00044651313141061335,0.9893521703478958,0.023173512558651695,0.00019256279342857373
5261,3.0112527688710134e-06,0.9453328304764705,0.06947414471763973,0.0006000991372955667,0.018566266473680284,2.863022962649542e-05,0.004215568173449766,0.0034106281571607876,0.001025821041927659
5262,5.725437023594949e-05,0.005592110053540907,0.003911951668298689,0.0002771329168777111,0.9897549192974268,0.0007313878912976247,7.270738608121215e-06,0.02362688236524612,0.003446095229498639
5263,0.004272927315019161,0.0034223183510653818,0.0025782428122782027,0.0005088871125885182,3.509755238116105e-07,0.0008138663870749297,0.9956331686628511,0.0021280410751985707,0.002517474650586371
5264,0.0013358080002740795,6.874773017928163e-07,9.375379479966292e-06,0.010149292992298869,0.00025947978618799113,0.9978739536127857,0.0011454365164707523,0.0032095986379613063,0.00012983173691965403
5265,0.0009518516303693655,2.654998503826292e-07,2.2345559179732012e-05,0.018430852043956197,0.00014700405185810218,0.9980309573962352,0.0005447898614594686,0.0033145711226675208,0.0002541986235952711
5266,0.011476983032987961,3.06165376058944e-05,0.00035910174281329765,4.4858854066046804e-05,0.000557869020164056,0.8897286520115352,0.004725881802946381,0.025664831190120124,0.0012288371202749618
5267,1.0968174961896595e-05,0.6263736189987621,0.11279720862279652,0.001297712892974897,0.18235967179846485,4.450874354042916e-06,0.0007472093326173357,0.0025289637214315976,0.0014616309724245545
5268,2.8116264170449706e-05,0.24155040443581982,0.3711813055617676,0.00034097430121157724,0.009070474096907727,2.9193330953602786e-05,0.01337772730939713,0.007588916739541299,0.0008039926439527431
5269,1.0410173958092197e-05,0.9705701855947715,0.03702442550799133,0.026499259148215406,0.0016482227191210515,2.733354915095057e-05,0.003639513279941627,0.0012395153170767672,7.994627769064485e-05
5270,1.642937355007601e-06,0.08598091588431096,0.1260386095752684,0.7913177786333423,0.0001225754025738605,8.285046124965758e-05,0.001130046275491492,0.00010631877698701864,0.0001735182633690102
5271,2.1811607900114932e-05,0.5369986486311211,0.4369941546637634,0.028314687719231704,0.00011970715782883619,4.810457661580143e-05,0.026428578784745617,0.00016498569761524807,0.0005415431341524361
5272,0.0028057855247601805,2.10878343329325e-07,2.257202309933228e-05,0.012448228858621421,0.00011220820076666746,0.9904296176968785,0.0032952487992688067,0.010456302901842796,0.0010671254377977502
5273,1.1884768680771883e-06,0.9682364345264745,0.03638772301006998,0.001160878880286289,0.011650389800100146,6.2342392019505605e-06,0.0030413589678717316,0.00377946102133111,0.0007537550993250223
5274,9.116517684330029e-06,0.5201582201484121,0.35324992191817933,0.14082515232793724,7.256384465918625e-05,2.4255394009988665e-05,0.009537432550231494,0.00010307644419905101,0.0009084636066726881
5275,8.217078476096152e-05,0.19767253429340767,0.004890678413505339,4.525189257168158e-05,0.0004681027282911993,5.2719909318926723e-05,0.6344557855692864,0.47682781144096703,6.240313527754203e-06
5276,2.497705450915151e-05,0.3495760898129669,0.005335444497927323,5.3753005216971574e-05,0.001026167555297171,4.117476393651895e-05,0.11354395611228146,0.4543036301151423,3.9822886821201866e-06
5277,5.424398409950444e-07,0.8569320277004621,0.2091147328032084,0.0014537693367361025,0.0072467763381090155,7.34277288275953e-06,0.001712214537275155,0.006152657059099162,0.0007720434084015556
5278,2.9130245292744393e-06,0.86558444084819,0.13041106095359062,0.03052787639315059,0.0003405423336686083,1.3624990344595499e-05,0.003335520878278352,0.00047916243371438043,0.0007623083541304857
5279,8.721865550095918e-06,0.3704298911001251,0.5373973623005308,0.0011816975421823667,0.006137362025643645,1.7374571826409527e-05,0.019612727699622443,0.003726723391082748,0.00042560285360788004
5280,1.0252416345466102e-05,0.08100409450595479,0.8427398631539168,0.23606657706742928,0.0002748256038892542,7.558547282084381e-06,0.002571951053797399,0.0003613696466848004,0.0003142010446742485
5281,1.6217346766142262e-06,0.5710869144624896,0.0021791631017387724,0.861560071330394,0.00027423312146536194,0.0008762519430478898,0.0004364714851350445,3.3821611183903265e-05,0.00016586935873063812
5282,0.019983025603099183,0.0013124651328722,0.0023745385993501704,2.900945356689644e-06,0.005561382914340535,0.010541343305369716,0.00018368770711399722,0.0025026566167914792,0.9895864186061024
5283,2.727075884055928e-06,0.7094141893481131,0.2534626743366784,0.02849170828383975,0.0001667458657234011,1.5666546989260193e-05,0.0017223974281495304,0.00021190677807359436,0.0026972995471618217
5284,1.0884402537804787e-05,0.18905061210424579,0.7154568681725042,0.14129310539031542,0.0003046205689816968,7.576131925800784e-06,0.006948639886058088,0.0003066719063151096,0.0003141628771097315
5285,0.000946847867366646,9.151706939726032e-08,4.179472729065455e-05,0.02632820763968295,0.00012576625570521034,0.9962502100886027,0.0007330058108439608,0.003646184541024422,0.0002823169458464641
5286,1.3662228855958058e-05,0.5821808995157343,0.34814756922042916,0.0008215944610662942,0.009947283529877404,1.1241230506303208e-05,0.01201271137693864,0.0049143804786798365,0.00040333493341456795
5287,1.7084748150010193e-05,0.35747238635007067,0.6586332108154414,0.03033551485156527,0.0006430509998370903,8.194771905649864e-06,0.032757141560328794,0.0005357725752315179,0.00019917461813513437
5288,0.0010829644372822589,7.844163453821079e-06,1.2011836150450378e-06,0.006794610247863867,0.0003462684994628068,0.9989175668262033,0.00039341174710065194,0.0008875601885281858,0.0012990661986928029
5289,0.0012326228055735862,8.662213614212378e-07,1.2475185577805847e-05,0.00830398490632479,0.0002206176800290018,0.998277901390081,0.0010824155088010727,0.0010715356440149542,0.0006036697282866493
5290,8.57483448078412e-06,0.15077459630087325,0.841120088249657,0.09636656432477113,0.0001056463364306074,8.87238525586643e-06,0.01589502467171212,0.00027737520394808206,0.00033722497591538156
5291,0.0016131619356846243,4.33404301871738e-07,3.6267158481882345e-05,0.007435942181387275,0.00020134227566167285,0.9986129756594377,0.0014387982706831612,0.001844917179805314,0.0003575242785437376
5292,0.0015481869546552958,7.091461810831828e-05,0.00026000422359924875,4.52473800582773e-08,0.07787474935930419,0.0017885862441038012,0.0009965281084358113,0.997651470066878,0.00040386763375524335
5293,1.1330242274389693e-05,0.7753753975114066,0.14918340455753565,0.051911174109710384,0.0021146530131020713,7.677424117045414e-06,0.005260282565967264,0.0008909793308665122,8.240977492942097e-05
5294,0.05400103592396107,0.0001069367601361922,3.472872637976577e-05,2.2335083437670025e-06,0.0036238174974811306,0.002634898648497905,0.005765552774761586,0.9513829356270169,0.013666734394288588
5295,0.015180995479462453,2.4990775818877338e-05,4.583122365302254e-05,0.00010406882145418982,0.0003254250168084025,0.7411051020516544,0.00889967938234279,0.14258423582881452,0.001053014835713715
5296,0.008548545586717578,5.613846155709302e-07,0.008236584348999097,5.953203999235527e-08,0.004731675894004772,0.004854335737562089,0.03933243151067308,0.9759337591035152,0.035692352651834666
5297,2.699500258398898e-05,0.15817192515925105,0.7765828100087133,0.08963794665575636,0.00012389322205776123,5.4931212834052736e-05,0.007181210951928719,3.3141573197396625e-05,0.004285272998465236
5298,6.459932456396457e-06,0.23423532610853381,0.66762712958664,0.18811608552146608,0.00026253553775543084,7.322111853739208e-06,0.003528847983746196,0.0004746065971002888,0.0001548176192913266
5299,0.0026804861273950252,0.0014513016837818468,5.399261668552413e-07,0.0006907174132692924,0.008919853889866708,0.8640922898169446,0.0006548093553620827,0.10442477906904016,3.6663265518320775e-05
5300,0.39623050590457465,0.014690231863459467,2.809590318654308e-07,3.697507919458341e-06,0.03334421239916721,0.014284270271278439,0.005101268665470359,0.7070052520322295,0.006177030240091573
5301,0.005762175637716077,0.0006732219722854726,0.028719153019896117,1.441970226275367e-05,0.01338558284063553,0.024675803273925538,0.00014388979641906464,0.0005673784112864693,0.9628179656321465
5302,2.9391280978867225e-05,0.6375568634130536,0.31729188189402846,0.061271383796203185,0.0022229336789896916,8.184087252231077e-06,0.008943003296431546,0.0005483210357788183,9.483117999426752e-05
5303,4.189759998829519e-05,0.40147262342604273,0.004199028524299786,0.00042331076638190757,0.8742368997590247,5.9573248439886624e-05,6.117182782273064e-05,0.007762824988110169,0.0018195387789803486
5304,1.6473040410814028e-05,0.35944393551225806,0.6527651866200556,0.0015430922938797227,0.002782809336660234,2.866713887724208e-05,0.038608302489409885,0.0014907029268125369,0.0007585900301446385
5305,0.00293503679314724,3.061476495988845e-05,4.196348745891659e-06,0.003372830541978988,0.00019524352424563085,0.9781688404765454,0.015314513607657025,0.0009919123702169137,0.0021724045919865407
5306,1.5339179526504055e-05,0.3519801425303317,0.5924725031503424,0.0007001280039465601,0.005633035926599213,9.315801276500959e-06,0.03106782343498989,0.003835416429801027,0.0007728021049983037
5307,0.000906664492451892,1.7088825279787785e-07,3.545260016024715e-05,0.01952902704178325,0.00017857153535454917,0.9982588062059041,0.000579737773757851,0.0019449223411732214,0.00023239048374785432
5308,0.0014329268870097373,5.25396944682999e-07,1.2683198763683381e-05,0.012233126007545335,0.00022597191907862258,0.9978111693283235,0.0009170462660871983,0.0027369581072212205,0.0003285069488733371
5309,0.005443472480818388,0.0005009200211036307,1.208941876619999e-05,4.3158551349886126e-07,0.046012450171261654,0.0010982052245583236,0.0018346230271562148,0.9988308725333586,0.0008346025636577543
5310,1.7526476588742846e-06,0.9730967523274078,0.027250547743562076,0.0030610627766124985,0.011828412769274974,6.412400119323635e-06,0.004666620781482626,0.003657562400709,0.0004560913698449049
5311,0.002037018347883183,0.012201740975371309,0.06344767122370891,0.00010853360159365206,1.043874937220469e-06,0.0005929122596992667,0.9341716535024815,0.005186911273345989,0.0006914284590575519
5312,0.0004111418853808052,7.733217674690556e-06,0.035484610260118725,1.570022011230934e-05,0.002658027497456321,0.037183089677225445,0.00730139998091816,0.476469799660478,0.00020151479300956984
5313,9.465269107200801e-05,0.8571085808215219,0.15686737119080196,0.028735450688598337,0.0006524939617029592,9.824438236009847e-05,0.003968744927920034,1.4609755460975205e-05,0.003975504495529328
5314,5.695212505466465e-05,0.43068619978016126,0.42577754206385476,0.02777723469160808,0.0023226908418582893,8.78017457383301e-06,0.02812273929258124,0.0003478210335191752,0.000149134285241725
5315,0.00035316653238497413,0.9594069702395517,0.0050105460759103625,0.03048864891547614,9.060259229925562e-05,0.00014556684071115114,0.0034135187396453445,1.1525898738147203e-05,0.14373645137642296
5316,1.8446629173875657e-05,0.21336404531757924,0.697551238963144,0.0005132705508822675,0.008828464956957192,1.9961239515934187e-05,0.02024156136312038,0.002036250068713567,0.0008860520569823484
5317,9.223590404224841e-06,0.3434026407545252,0.6359544188129325,5.2350736682534065e-05,0.011492728173652524,2.3528758560417533e-06,0.00521798671812854,0.013157311125862589,0.020417103525693675
5318,2.241134739706606e-06,0.1932162049080775,0.8032172998875425,0.023451181636745692,0.00016922986643114316,7.1571506923747216e-06,0.0021617694674368154,0.0007055911978000271,0.0008903152574318925
5319,0.00024554369763815024,0.6604149582513108,0.004665354630891355,0.20345488473394574,7.987472057492838e-05,5.5386859861935094e-05,0.0022492952049340082,8.15521724673189e-05,0.029021691205517775
5320,0.010177128203895444,0.0005793838815118935,8.614402113496417e-06,6.51247791531611e-07,0.06587572489111401,0.0009337406510769005,0.0031495016495469105,0.9978676812424937,0.0008499319206505943
5321,1.1961294703865357e-05,0.8789227530949585,0.08166527544115783,0.02995498582476799,0.0029035563672008147,7.255698058786186e-06,0.004204116467041872,0.0011366171474334157,0.0001401151827873165
5322,0.005933309046990732,9.490686494623111e-06,0.0006628261035848368,1.900678837353956e-07,0.0033711758088282033,0.0012217941050923465,0.001941496601765313,0.9926698390477907,0.01418895749173639
5323,8.386408172159938e-06,0.6767644006785399,0.18655343370965877,0.12075987222204862,0.0005958217947143168,8.364953106078195e-06,0.003922594766395935,0.0005038123119206155,0.00011598727210070971
5324,0.11245452009129146,0.006330052542666146,7.395470583115028e-07,1.327614964403002e-05,0.006064969113269352,0.007426364114911008,0.0008036113282190253,0.9417629541176223,0.0020141985163784947
5325,0.6583910721950452,0.00015729131833872332,0.00010422742539270277,1.2514404743164832e-07,0.001547524204584574,0.040911257162824066,0.008947114777472296,0.06056555919290836,0.11686596725387595
5326,5.99911487321644e-05,0.7506502380894995,0.4088674292238382,0.018354988190329442,7.351724550088763e-05,6.010638686950717e-05,0.01976709965083293,3.5039527475772026e-05,0.0033400425939287535
5327,0.0029035062230192183,0.0018007478242897128,0.014113228754354468,1.5844964104285975e-05,4.356277107865997e-05,0.012282915972127701,0.3603639075772516,0.0071459352320979875,0.003903752002361561
5328,3.607418047910186e-05,0.9101184927738869,0.05747364997666821,0.018367916174133993,0.0013045267952804488,1.840715556385816e-05,0.004658494669383136,0.00010087358064127173,0.006123954535898658
5329,0.0008008251368492503,0.96750277890365,0.014916986946833634,0.010003997115948413,6.073480517357386e-05,7.25524903623633e-05,0.007850752600468884,1.2475267166139975e-05,0.16896243030929795
5330,0.0017329661321769945,3.755455120278566e-06,3.0377537454611673e-06,0.006330907494630555,0.0006424759944030988,0.9990203651021895,0.00041424976508509955,0.0007584592763284903,0.0010921351351801513
5331,6.6234119965895255e-06,0.45841819774718345,0.4088093090496233,0.13141846357289705,0.000426881074344557,6.59570460882334e-06,0.0041059056350374245,0.0007148432665114472,0.00017661357527375794
5332,1.0948606288516414e-05,0.7196038697840348,0.18605866595019915,0.10313488052527445,0.0009821688436739155,7.029373330011081e-06,0.00438856197204743,0.0006883289182602389,0.00011145366616052307
5333,6.006101562930165e-05,0.005772645471064146,0.002165174498328769,0.00024466475520834466,0.9929610999678712,0.001099845518456343,4.6234214401650904e-06,0.02242213637369366,0.004782618925579681
5334,4.16832407640124e-05,0.031464666075595775,0.003177782326938842,0.0003262990194403444,0.9767413041387906,0.0003554951237953678,1.1570355392430997e-05,0.017400696672456202,0.0029701712270794804
5335,6.28274144645952e-06,0.9878023309696403,0.016030082299658067,0.003462184400153073,0.001580191214739951,3.116468020827107e-05,0.0028001956540559952,0.00028502081977626866,0.0033862989917020506
5336,5.6422730833726114e-05,0.006990341900138646,0.0029511959044760507,0.00026814682354386475,0.9906966266972473,0.0008621253844406118,6.014439093706006e-06,0.02310038039188528,0.0038196172810195457
5337,4.588077797602239e-06,0.6060010527475096,0.24934546547884967,0.005610227534124723,0.01883524583682846,3.698538762228598e-06,0.01106282048840149,0.0039727351730583236,0.00023468110638978791
5338,2.7053845113362175e-05,0.5314175950536663,0.5711942010510892,0.03068879464377046,0.0002308429707986716,1.6204862243206687e-05,0.044699221955948894,0.0002113989337706243,0.00036691828906671933
5339,1.3416430366704074e-05,0.7070623293018502,0.20571248799404657,0.060537970764692195,0.0018192888740240871,6.740037121975992e-06,0.006508890433482613,0.0008335769902372294,9.60449922995808e-05
5340,0.0003115323974154522,0.9978372788438943,0.0017707640644246232,0.006066572644421599,0.0003835293479553681,8.218412237629795e-06,0.0024809761129801744,0.00015259775692587674,0.08928459652309628
5341,7.539789398167604e-05,0.9483819823040511,0.0563592338288735,0.02440893604260565,9.328447070974222e-05,1.9669296607623612e-05,0.002910593852387874,0.00011358601165933742,0.0019134132615532752
5342,2.9385909501885992e-05,0.00557427071806591,0.010074935702528934,0.00031737841081035855,0.9606483063929973,0.0009571230930248674,3.5863410005507334e-05,0.015434906257079242,0.004041495913318826
5343,0.0025216776000547623,6.813822723852225e-06,3.4046602660288146e-06,0.0034808303745546224,0.0007313141646119427,0.9989361038729585,0.0007023687852983173,0.0006812582126630871,0.0014875461225977585
5344,4.261223344617528e-05,0.7438981420736529,0.17994096770486767,0.035034404353414775,0.0021920536525369544,6.877724563408349e-06,0.027946663504544285,0.0003022972513815273,0.00015390481051961904
5345,0.8770569586258601,0.0002068139000479985,6.531797195323785e-05,3.685827963058076e-07,0.001927415938324628,0.006939386856340252,0.03320963324891958,0.08056137460583573,0.01504517868469383
5346,0.0037669868576336103,0.001962981081736539,0.06942977367858004,7.572641398404741e-05,1.147294827953833e-06,0.0008040660237580802,0.9843634902345582,0.006601732118760398,0.0010017073164297684
5347,0.002826109041688974,1.147708982743282e-05,0.00012953945375668223,0.0014131223169995496,0.0004779433535578291,0.9787348456769661,0.001928501131019778,0.001060654196050833,0.003243040261527196
5348,2.7682139830855482e-06,0.2194465793402069,0.6276787585571159,0.04128223878425124,0.004425946090982279,3.019471289952518e-06,0.004679874326219852,0.004255529822430174,7.774211825071197e-05
5349,2.777919022268442e-06,0.3055879316551826,0.6794404955523794,0.03984798063108231,0.000388620366541896,6.0038909150215345e-06,0.00417823386254274,0.001107540243793666,0.0005517327468603115
5350,2.9882464060236598e-06,0.0940958381944426,0.952428842956332,0.0140156621270313,4.030918815200093e-05,1.6395364925567725e-05,0.005664509245405843,0.0002585499465757719,0.0013723526393372531
5351,0.005387377489379638,0.0010397042888247753,9.357362053021497e-06,1.705218357448736e-07,0.08948863813309889,0.0018599877075994174,0.001466635673935431,0.998580986241075,0.0004775034767190795
5352,2.4563476860753625e-05,0.9314542164158139,0.027670442372315453,0.023112794604795244,0.00045591092672869266,7.472714185644191e-05,0.0037778109643579355,0.00011485736233260613,0.0038193183524597107
5353,0.00048203339551562485,0.9655746732166317,0.058698120921027545,0.005052846472444665,6.968070605312002e-05,7.9527997509242e-05,0.009931183565834749,8.981712977921793e-06,0.10850674896841035
5354,7.611218172368972e-06,0.4629956905990394,0.4746700486345312,0.07243552499150155,0.0005051160531520491,7.281652890581482e-06,0.004719845292533355,0.0007261976779767712,0.00018922590806986746
5355,2.3480539513170083e-05,0.9158425501507572,0.08335226273564385,0.01584719602218737,0.0035315652178910454,1.2845617843641603e-05,0.011555872696727911,0.0009205643302343122,0.0001155980471735574
5356,2.4972130808118197e-06,0.955826725060934,0.06620256613491302,0.001762482857158341,0.0024600322694489736,1.4953820041730849e-05,0.002463400589079381,0.000716083417582931,0.002381880757449221
5357,0.0006274443700809992,2.813643172969287e-05,0.7894717959706554,0.0073686664463176454,0.0012026913960557924,0.00024333674531749064,0.013302653443791045,0.0011497640962676674,0.32017060047109647
5358,1.1107538143607242e-05,0.7433885914060082,0.25454166557578184,0.001438380786597583,0.00698553197248334,1.1171108231233925e-05,0.012667677890321026,0.0031595192474514386,0.00026725498590305665
5359,0.0074141624851186754,1.2442719147065425e-05,0.0006992888840692393,2.829413841934918e-07,0.003200773222441509,0.0009050570637692843,0.0021200974736803324,0.9929503088502942,0.009441235368755917
5360,0.04806967779649813,0.000727144316584182,0.0006467102614842961,5.728494015243091e-06,0.003823122302339969,0.029693640213268476,0.0001352705785000888,0.0019874608203738677,0.9347683230127783
5361,0.010923045887452427,0.008810933744426886,0.004489306110380618,1.6197710116968013e-05,0.0028563258621354015,0.006851216652730359,0.0005836149761899799,0.0006526679912982069,0.977641370496413
5362,0.00038930374344720687,0.9576326762974613,0.002251797322230778,0.06676908772759305,9.695346330365689e-05,1.683911015026345e-05,0.0024948192766077065,0.00017984649122449416,0.037548136115765345
5363,7.630916776782202e-05,0.8595074668541967,0.08903264999576858,0.03312714355558363,7.173701800883946e-05,0.0002742421966221575,0.008778686689076073,5.582832034845897e-06,0.017994956363956593
5364,9.237210118791257e-06,0.8803003948782835,0.29156069129933315,0.0005047745378026128,0.00047548530323654237,5.0400902634422225e-06,0.0013693250449650436,0.0007419356964798713,0.02931259406385727
5365,0.0065303316559301855,2.6005447320676373e-06,2.6072142267903727e-06,0.004142554382590984,0.0004355482118875337,0.9946426694672504,0.002969478494666773,0.01202246215304397,0.0010545798830894754
5366,0.004222008623693114,0.03148765744420756,1.8750447052982542e-05,2.9474141302738688e-06,0.004913897749675934,0.0005749089010981477,0.015096881976790188,0.9731581338977033,0.0003415389873427878
5367,0.9199823126973982,0.01131324007090024,0.0008031529029358951,5.511488565507975e-06,1.215533396549962e-05,0.00010912538247715026,0.8992663419789582,0.004078770022571914,0.0018471601356641616
5368,0.004419867566829683,0.00034917892995127794,2.0825745365782155e-05,2.664463177494689e-07,0.047352552863793466,0.0010602231153554436,0.0014646094003097577,0.9990895836129192,0.0008867631056201094
5369,0.0005241593020515604,1.3246035815782103e-06,0.0016058858300134259,1.0312798301432971e-05,0.000707341362696277,0.05911378813434547,0.01207283971408122,0.8969410516983524,0.0005476781031396226
5370,6.5014747676072176e-06,0.7694348394339865,0.1862168944322548,0.00663244574330752,0.0006810777016423165,6.3116623559314025e-06,0.0016162779603109156,0.0007080899844240838,0.010190905129720805
5371,0.004513760432691082,1.765806886237116e-05,5.167651465824776e-05,0.001448595736497979,0.0021488998069770383,0.6476675225558796,0.00021586384925519148,0.000981871436905763,0.7093732494949379
5372,0.0035680980040026975,4.143918645450089e-06,4.7048037561745897e-05,0.0012333451919709162,0.0008204415306633895,0.9937623499708383,0.0010089250216265304,0.0031350915714998865,0.0006656673850694148
5373,0.00010489437907405528,0.9242553788447315,0.02238506383827697,0.058871032516112476,9.34322928858343e-05,1.589358722440719e-05,0.0028428388094744214,0.00018985247992534478,0.004478308705287215
5374,4.093481424541972e-06,0.5186566359738316,0.45990325951336797,0.00103878534760346,0.01769434471860121,6.856139258745911e-06,0.016132914386022972,0.011675815749054314,8.728567074420288e-05
5375,7.978830684876034e-06,0.17644310696201224,0.6974076033158647,0.2595360640998801,0.00026463300889820423,8.362185213373759e-06,0.002506983397153452,0.0004858810096016889,0.00016923395116061143
5376,0.008457264622654807,3.5483694506951405e-05,6.159789448257673e-05,0.00012663359794313955,0.0007865630697507899,0.9601316530211904,0.001901389776344591,0.014543057656141166,0.0013602076006002783
5377,0.0013573775206064962,2.5651873166937263e-07,5.9375625729041816e-05,0.00887866181308785,0.00014228031304957254,0.998215501718309,0.001975551458870967,0.0021803614733130277,0.00025373683152139147
5378,5.915318249001065e-06,0.9110400344921803,0.07130895266848872,0.01672646516779876,0.000894376130416278,1.6775327011598133e-05,0.002634363336443762,0.000311337587669484,0.0008377461786925829
5379,0.0028624229777784384,2.2088011720536063e-07,0.0004028153189936544,0.0034624141993651273,0.0001956358061665138,0.9911799745136235,0.003711784753778511,0.0031537001501793453,0.0004417262372773388
5380,0.00015689743057804552,0.813159546340813,0.2676982880512718,0.007033993146005024,4.880333448181281e-05,0.00022333775415772072,0.03340067751392474,3.7220144821712382e-06,0.05784196911028829
5381,2.520627597367137e-06,0.020398322855576002,0.8785803396234523,0.0076851225723506885,0.046774789515434845,3.0860154770866463e-06,0.0077659814299837916,0.014268256523649984,4.866583627117423e-05
5382,0.012212085077963208,0.002046643644147303,0.006707952213350524,4.628835549316904e-06,0.012212359752879768,0.0065092843848839,4.931516749345527e-05,0.0013067848257806987,0.9927970317265202
5383,3.4435283692013205e-05,0.7984840780548752,0.16623079610967775,0.017073177599720827,0.00026898601440266843,2.774850006190082e-05,0.06002685018782614,0.0001269425965852108,0.0005200154434219546
5384,3.960163698662039e-05,0.7837536606962547,0.22885487143504654,0.0005651495316808909,0.008343718596616203,5.15510197128075e-06,0.0069575810945120935,0.0026580080293568922,0.0009803795609743442
5385,0.0294463006428374,0.0015739353405643348,0.005074699422344723,3.218552550959948e-06,0.00729684074935563,0.004801197018632581,0.00016156466818406065,0.001448935754507041,0.9844992863942694
5386,0.0005265101247831433,2.366717621646071e-06,0.0008044819976015635,0.05754659005775851,3.792846193954766e-05,0.9443269590294556,0.00753473461390837,0.0005416433028953702,0.00014840532317889193
5387,2.574207538699404e-05,0.6224686286201938,0.2382207751386956,0.0009547554832333556,0.0036127010469466374,1.0071512660438615e-05,0.042189299895322246,0.007565789255160654,0.000901743759448322
5388,1.8270302217636638e-05,0.6198594787223125,0.31792137660859593,0.06493757066014891,0.0005137551633060871,2.3636517497742567e-05,0.0033501109982551586,5.656074839857588e-05,0.003092184703388697
5389,0.20181403818839105,0.04240230226209269,6.873111884110967e-05,5.6460419696490674e-05,0.011631864004869411,0.01643242728122379,0.00037571750597570363,0.00019727775609962452,0.9098302665013169
5390,2.7985665025036543e-06,0.886017836452554,0.1099090578326478,0.004709244661212402,0.0023132173568208222,9.047918916395482e-06,0.0020570422690212873,0.0007916683519026462,0.0011923287833227627
5391,2.3014387952644934e-05,0.2701212608303503,0.7665537031172404,0.001515894856748203,0.0014295382034045874,1.5857218393815386e-05,0.01877655017348654,0.0007573247368550804,0.0014875735692266886
5392,0.10336794440253286,0.0003388481645125924,9.28005210989638e-06,2.997363142984767e-06,0.0038668098441747892,0.0034792284089253445,0.0070922850574033965,0.9091464391001509,0.01458861715243945
5393,1.1771653121411195e-05,0.2586386520844644,0.5158851503990031,0.058717887407190514,5.0646084764727026e-05,3.1447035642154415e-05,0.045979299084340904,6.226228701709548e-05,0.001215778488531264
5394,8.268489545488287e-05,0.831359440566485,0.033515829299332944,0.07412220872777679,8.633563582808986e-05,3.822900128825898e-05,0.004473566460540064,7.198220141622246e-05,0.013832786424056102
5395,6.599004958809389e-07,0.7690843748235394,0.2831270685700644,0.0010748488421405066,0.010506125848664616,5.042353232351218e-06,0.0017019270068202347,0.005709787645752458,0.0009477862520834394
5396,5.2142771811962604e-05,0.008706174536370107,0.003386661919076218,0.0002715326889035827,0.988285084616209,0.0007009513648149597,8.13985092100813e-06,0.021267855436932034,0.003597631988741682
5397,5.4556189047607556e-05,0.004062489644105742,0.0025662073794020207,0.00029569317549596404,0.9940015664051399,0.0012559282467870345,3.7378112718176836e-06,0.025361970849947107,0.004158854996535223
5398,6.451269426855445e-05,0.9357950994297776,0.14820231699570913,0.0066867867524176,8.342775601726618e-05,0.0002675354442822273,0.01789350897985418,7.321769087171801e-06,0.036964456275001355
5399,0.07633432190347587,0.0009410657409347688,0.0002542582466054361,6.60422242204015e-07,0.0022453513190897638,0.019529997313370035,0.0007157144087645378,0.0172947844950229,0.9534964311551205
5400,3.186826405651901e-05,0.6450296063535482,0.3439915211304412,0.0006014885964380123,0.006907321260506752,9.433643723042557e-06,0.01194103703113281,0.001943154191929113,0.0009866911872716566
5401,0.00017729258897349225,0.9804489611170313,0.009082463600347907,0.020394484991939115,0.0002055894408764813,1.4483729988612225e-05,0.004745674003316271,9.743539048557797e-05,0.05847722028240887
5402,0.007577545822236437,0.0017427503647896203,0.0013342233797369748,0.0003387976321913692,0.011781928877286706,0.017421335887418257,0.00021001112053934271,0.0006492169723670156,0.9693837825325278
5403,0.14802737238070418,0.0005359075980473101,4.767960743109513e-06,0.0003173871000930432,0.0014759071274223063,0.29534033372185525,0.004206038985083566,0.0007590517029649296,0.20954747626558082
5404,0.00044217464639723574,0.10130558705856428,0.01094020109520416,0.0006602415532016195,0.012378049635656216,0.0005271809625703416,8.954865076695289e-05,0.0010050106189279687,0.09404042562869593
5405,0.009420773920038273,8.300207122786066e-07,5.377568302110696e-06,0.001537655229378454,0.00017240761647578748,0.9317316309531246,0.02137101645466514,0.10561577859301577,0.006871040843613627
5406,0.01444064232792403,8.88264110189795e-06,0.0003985325821258642,1.3782182123463526e-06,0.004995877069581021,0.000536419516065891,0.001897796811925939,0.9800357612413642,0.013843839287524959
5407,1.2075658637537126e-05,0.4824886796355881,0.33203147762521834,0.17538301759540734,0.00039395232467420894,1.255356144544043e-05,0.00254656315881756,0.00018291196058109563,0.0007351477118310182
5408,0.014552000365776498,0.01724976215783063,0.001112405596454202,6.095477106073679e-06,1.0676549725866101e-05,0.00022116366438215676,0.9711723936338628,0.18592599272145416,0.0057847788939407565
5409,0.002124614888798983,2.2335043191992226e-06,8.32683502244878e-06,0.005295362630280348,0.000493385133582656,0.9988061145445085,0.0008211054451442376,0.0009172118379883055,0.0008807728454075727
5410,7.255023115538992e-05,0.7278207827943624,0.23471552233023216,0.0005114481097951452,0.008171697059530704,9.224513332242417e-06,0.007926591064473689,0.002040218811438956,0.0017516768432508352
5411,7.649242350477735e-06,0.6595534363979927,0.3278909139925657,0.0011868173618496387,0.010033156543588117,6.630679480958209e-06,0.01554660910623377,0.008365233475949795,0.00019964292256559923
5412,1.3969777577831445e-05,0.6607828748907,0.18455786109229433,0.03779833455339331,0.004810019119045039,4.107275817639577e-06,0.00848896448901335,0.0014681336006343475,0.00010074239689370324
5413,8.524674996517275e-06,0.008923265842501377,0.13499347251205107,0.9077051848803289,2.9729820160435354e-05,0.011466481468919688,0.0024594651680231693,1.165231956663969e-06,0.0031982061440934397
5414,0.00011070265370547064,0.02932147623954994,0.001245016892718615,4.299005202566914e-06,0.922434752490692,0.0006016681768601724,1.2427735918590169e-05,0.13873179654792817,0.025233434848056974
5415,2.5689431415483985e-06,0.9771420597476451,0.02342556472632089,0.005889697934179649,0.0026156598763969288,1.3572441053111242e-05,0.002912008039349197,0.0007838860324513834,0.0013919881240187012
5416,0.2761790572628067,0.0005668801576507273,0.00012143560506742381,8.271615548315952e-07,0.002245873599748362,0.04733563728498223,0.0006327919573988272,0.011879728845245378,0.6258556694433723
5417,0.0036510372244685984,0.9240051421952498,0.0006220873849626593,0.009283935784192341,0.00018381260612884595,0.00037495899321320227,0.0030301014995344974,1.9110409667396938e-05,0.5776071729526618
5418,2.0258500428647755e-06,0.9778347643335199,0.014124533613184926,0.0037293328312795067,0.012174497047620782,1.5099500446380483e-05,0.0013240863914770553,0.0018401759242890699,0.0006743093207152744
5419,0.0009249183259771768,9.575704587206315e-08,4.4386822579563754e-05,0.020414490109477375,0.00010671475152882755,0.9961654088402628,0.0011093821812580163,0.003979433300577554,0.0002914788911146268
5420,2.4639974287101876e-06,0.00162260381068933,0.025340089970297245,0.9501682572726361,1.581001325933715e-05,0.0054070188205959215,0.002284302260069215,6.527158484525924e-05,3.8081438792783694e-05
5421,0.002301542257164107,4.904332393824163e-06,4.3324065988543435e-06,0.00454996081396275,0.0009402146431814821,0.9986245802795732,0.000449389161670881,0.001055823985818644,0.001177333653590149
5422,1.4226595427500754e-05,0.6216927931162821,0.27243118196928207,0.019451177031886605,4.499284507612074e-05,6.342215111821639e-05,0.05882238666145895,0.0002534240019462129,0.00028257514543966603
5423,1.4223646940383401e-05,0.8160143880516725,0.15551474860526426,0.0006636126784526527,0.017951552972874464,6.339214774429295e-06,0.005238085048138581,0.0068964250893626955,0.0002847751571684784
5424,0.002061953164912679,2.267498026412405e-06,8.144461256282054e-06,0.00411142673838724,0.0003909089839372835,0.9988004870448419,0.0012772306021399866,0.0009031580320938312,0.0009490651133035055
5425,7.182141294104554e-07,0.0012417331896287737,0.9943433477548722,0.001358681542932909,0.003238273844035492,2.1017373726393228e-07,0.004095872453613185,0.10770720963242862,0.0027583927025903805
5426,7.773309563324397e-06,0.4417772543659985,0.3692805558476235,0.1709525732030836,0.0002468519272148106,1.5692011158737988e-05,0.0039019059844887377,0.00033485401644689017,0.00020345200584857324
5427,0.001488818547688145,5.306322961500048e-06,2.5654807932740384e-06,0.0042562045012342785,0.00032973670293369353,0.9988063110210309,0.0010167744632807957,0.0008790487773451188,0.0014168914029234103
5428,4.892695757492128e-05,0.05867384374460118,0.0039717757843562105,0.0003464645999219079,0.9630854061811849,0.00015440409605963068,2.0469653343064024e-05,0.013427749283201857,0.002692054699906531
5429,0.10127798468773518,0.003279167120240164,1.672474687328306e-05,3.600227187339613e-06,0.0011838704227330945,0.0018434131514541857,0.030952925622623143,0.7892710995560478,0.006956453830484243
5430,1.8724751936112151e-06,0.5797382710553761,0.03805487672124514,0.3339279100887208,0.00023459980421724919,6.037211432076792e-05,0.0007983046784258207,9.763840133426049e-05,0.0008610502459420062
5431,0.00088178068908369,1.5714739686718805e-07,6.384743636961563e-05,0.015131192027700422,9.76556971867878e-05,0.9978054731008799,0.0013615788453559972,0.003383983169938815,0.0001697158380949569
5432,6.962561916571042e-07,0.6125444317474855,0.49294848010412423,0.000140642949768503,0.022220513654151765,4.254556252407751e-06,0.0033666504621441204,0.010895544315457747,0.0018322179209022246
5433,2.2327696008669913e-05,0.4737098925067394,0.2950031459380528,0.111642459137804,0.0005553501896781682,4.733052283713853e-06,0.007332657382669233,0.0006805094326200308,0.0005760346759705141
5434,0.003086398763746389,6.263840076323629e-06,0.00026018666709588014,4.84516248445872e-06,0.006851225966751921,0.16364007295648106,0.04690808306121334,0.8133042150264375,0.0012064816777118184
5435,3.22780573183464e-05,0.004288380488115077,0.004617351704542252,0.00043727220085107074,0.9894773088423043,0.0009159561842691557,8.18881571777905e-06,0.023525784154500726,0.003110765744468424
5436,5.190025385027005e-05,0.9937176111191818,0.0060386207541204984,0.009212016640485224,0.010346745516831046,2.7352043014168797e-05,0.004441467554491384,0.00019475148160231926,0.0007086318473019788
5437,8.410493855141854e-06,0.55461690821001,0.2716778455952978,0.16313366881812338,0.00024185426083226874,8.844136275198734e-06,0.0032487845794349837,0.00012895303580496632,0.001695818965782456
5438,7.044005732843106e-06,0.9819908938281255,0.017306313822647135,0.03652823246829904,0.00042586711089502734,3.611303601740269e-05,0.0017154817295827098,0.00013157266298413392,0.00221413855996593
5439,0.032721744440662545,0.0001981210732424856,3.69958589781598e-05,1.4828664714423816e-06,0.005758266388875282,0.003947996226260302,0.00438450158785752,0.9866526841854912,0.004020007210249316
5440,1.04189001195678e-05,0.6701458145207333,0.41358660996851837,0.015531724795620176,0.00014812777271320976,8.76861584557203e-06,0.05570602343695986,0.0002867567017949212,0.00045429770457676254
5441,0.0014800028294694922,1.7691637544574107e-05,0.0005667474420381039,1.284932539563345e-07,0.024304383192600542,0.0008982281764211543,0.0008174251859539461,0.9992663100436835,0.001327237339768977
5442,2.0784271523825113e-06,0.7478922870596663,0.11200378435577361,0.03422184169574836,0.00013207304177288031,4.042168672998733e-05,0.0016004165790794854,0.00014631216251406344,0.0034533570580691096
5443,2.1863729941734097e-06,0.7507414348407757,0.14443203475779354,0.012683202447030905,0.02056134039933031,4.2766148710135e-06,0.002699946529370752,0.006888465610424264,8.834225758607861e-05
5444,0.002882421167358407,4.213422156105291e-06,1.6645643716567577e-06,0.004418199482245697,0.00042315816585300725,0.9972530709468451,0.0015692994987426077,0.0025933535115297275,0.0015359750877690888
5445,7.013665467327027e-06,0.45041086880907283,0.0714139283283985,0.001726946510326186,0.20397323781303198,1.6963838732505188e-05,0.000697586133296972,0.005484660050548891,0.0013198665803746915
5446,0.0033421920216821855,3.692660568404807e-05,2.5551904753146477e-07,0.003298949946701937,0.002124129114103011,0.9990963531428042,0.00043803005675274156,0.0006296246221662976,0.001021361780593753
5447,1.9992571969755548e-06,0.3001622263534818,0.7215388223759683,0.00038648210123747983,0.009919380417376712,1.1175054644558058e-05,0.006548514264175664,0.002335171899808072,0.0024148127468457876
5448,0.005867709975123277,0.0014351094354003405,0.0030124523729116457,1.523412249525981e-05,0.006373758895284597,0.014269882390472843,5.6480690828803865e-05,0.0007331331420408379,0.9948863067358162
5449,2.0819318326090846e-06,0.8675914637256242,0.1607068763842308,0.005142025486019529,0.0006896922674643768,4.617517684983848e-05,0.004982729749089692,0.0005534730533414345,0.0025909687423294105
5450,1.5490739387263024e-05,0.9575363633554052,0.03844089141504866,0.009980213779605613,0.0028782211306648394,1.2255676932715556e-05,0.0020041311534251685,0.00025452639457360804,0.001939438273980541
5451,1.6934515848894505e-05,0.7817255729210421,0.08620366730678784,0.004746276041786064,0.008282429067122473,5.8274709660544086e-05,0.0065220749125395735,0.0009729206030440981,0.00029232300258337935
5452,0.001925837155858595,3.865507640533929e-06,2.0135031026502226e-06,0.006676725478872232,0.0006195125718654153,0.9987053682035447,0.0008045752480248595,0.001909263745938756,0.00018790386202894227
5453,1.6387292233674631e-06,0.17454711849366286,0.7955594550512879,0.02940831978411273,0.00011128695754160222,1.0583713143141984e-05,0.0015174512965366624,0.0004141633084119289,0.0014390152381542796
5454,0.0012828566290507672,1.5649712921291038e-07,5.004928635947401e-05,0.017140123843654688,0.00021255262236063579,0.9984269594053359,0.0006883022435765561,0.00294463513883332,0.0001399346421160383
5455,5.101322552505086e-06,0.9433425687157004,0.04827681237013505,0.01952008291878269,0.007080969263564882,9.013307343975426e-06,0.002584733174738704,0.0024267917495547748,9.981391741833156e-05
5456,2.1473006890381877e-05,0.8268363401527928,0.06898448527091942,0.09447008219426253,8.356526008825889e-05,0.00016492969610025753,0.005130274931185468,2.431637436676463e-05,0.004682412888631749
5457,2.4232243492555592e-06,0.4739067461706593,0.4232534565477205,0.003226454168326852,0.010623733736831828,9.23436601987871e-06,0.009098261153326369,0.01190437992333334,8.23227115603056e-05
5458,9.359684983859183e-06,0.09479500226474766,0.8271546905317079,0.07687764374533546,5.959077501276681e-05,2.066628811022453e-05,0.011207467097246081,0.0003029215332396935,0.0006621211013757772
5459,1.939647685000072e-06,0.05818728988037822,0.006216005283873793,0.9179847000238642,0.000386087999110632,0.0010410079656428294,0.00020191033990051151,4.090855849614067e-05,0.0005987636404754772
5460,0.015488205229057226,0.00014194740564489627,0.10276328177506679,4.90016745396386e-06,0.005190944386543793,0.0036515341190611443,0.0003976407136675497,0.0010770809120650424,0.9934349103358664
5461,0.0022163290628562176,0.0001431817443006435,5.7861680318052124e-05,6.63320073699739e-07,0.028890143935583323,0.0021607659600770142,0.0007028385316700847,0.9983634247102328,0.0004749263552097141
5462,0.109316261568014,0.0008068870507236361,4.7008696583009415e-06,7.253494573058738e-07,0.014753002566996012,0.008835141399395804,0.00791776441294372,0.9571097597769223,0.009808685468158156
5463,2.2396666422216853e-05,0.639091088756988,0.0009850035913476162,0.08438134990129505,0.0018194759861693492,0.011730677212539125,0.0005519094384657659,1.5456810572555744e-05,0.007953498800247063
5464,0.0002109695395959006,0.9767650491815157,0.03078536796329479,0.0038442918565582233,9.76804649098776e-05,4.782527886368509e-05,0.0081192339972923,4.5747133120171917e-05,0.1587227564937856
5465,0.002117567204889645,7.900967284658741e-06,8.996226053536575e-07,0.005771662781141742,0.000588461087832144,0.9982684257701742,0.000496200124310413,0.0014505884963822951,0.001688221848109238
5466,0.004300798139553872,7.148115884946934e-07,0.0014271914154112084,5.154112229472405e-07,0.0025697707118178654,0.02971160400632288,0.007859781883921288,0.9462387229026603,0.06179789019057876
5467,0.0003372233402596985,5.733264915061367e-05,0.0007180401318376584,0.05985180985005792,1.8356008859443972e-05,0.3421345931070087,0.05549309066002275,0.0001875838249611609,0.0030210636290082327
5468,0.029440994487047466,0.007042865693598381,2.849970395366405e-06,6.526638995537224e-07,0.18462303807484337,0.007290142506303948,0.0011304771855687266,0.9714685163017291,0.0012784641112848528
5469,7.546582643302852e-06,0.9905052991660703,0.005180080912744217,0.015296262476309727,0.0009480815130913408,5.813925984453783e-05,0.0036851920534752792,0.00014518208843493892,0.0012249078492615423
5470,0.0014817660461783236,1.4998282944950665e-05,0.0006561762196671257,2.4817121134675446e-07,0.015480197754004733,0.0007111578266597376,0.0006529501007933273,0.9991507897042277,0.002262644632132107
5471,3.3797222073181246e-06,0.15780252167467648,0.6811421882962905,0.22448913126981032,0.00014904614946390475,8.261576448046494e-06,0.0021375248965538824,0.00047104680189588994,0.00024468246019783776
5472,5.89199319056668e-06,0.4837169605807636,0.32029143167494667,0.2282492017502589,0.0002072308231173538,1.059393882255249e-05,0.0020004527413144363,0.00021415890051420522,0.0007309820401220076
5473,2.3308814239006763e-05,0.04941593002563187,0.01794688981606063,0.8350216103161409,7.158820069156195e-05,0.0029226850373779752,0.0019862706087628783,2.062912975081226e-06,0.019101182349685136
5474,0.016374365982788092,0.00011726027947079607,0.0048942308112337836,0.00042755314693380736,0.020565272031244912,0.0018621829114856291,6.316266450373114e-05,0.007769863482510289,0.8074338581252313
5475,0.05872348620665826,0.018436075194303007,0.008094800950658492,0.00014139139714648,7.588052814774456e-07,2.9779600723848426e-05,0.9950289566616554,0.0035790157302483493,0.004711527795699053
5476,1.2251694795342293e-06,0.09843022057301437,0.9101826479591394,0.006410507822799894,0.0006371787460324727,4.82143205370375e-06,0.0014340890319513167,0.0009287829679337847,0.0026722865895381447
5477,0.0007933974142504839,2.8363643153682734e-07,0.02842205068359574,1.2572185080807873e-07,0.0027932565972023245,0.0017254325159580047,0.0060335867565895806,0.9938230113862331,0.00784137994734136
5478,0.0034959801124078557,5.3722690245408946e-06,0.0006439621563875561,6.314910635834097e-07,0.0018130481679411413,0.0016738392763763002,0.002101251352540616,0.9894203510724938,0.011519921157455149
5479,0.11496550305266055,3.0661103302420095e-05,2.3739105391659486e-07,0.0005878090331877823,0.000622109094051521,0.7574055127804769,0.0015518872040681387,0.02878916569675965,0.07128091196382608
5480,0.00011547016495494645,0.321536301460759,0.811666258658555,0.009955590563882856,2.5276396491800343e-05,0.00018637608535585667,0.045408395854856835,9.686102530323204e-06,0.02363742725753479
5481,4.479422373888358e-05,0.00239606856346027,0.0038716873051218197,0.0002881231281928895,0.9926334090922985,0.0012498270295286508,5.28930243458249e-06,0.031389092026767006,0.00368763677086526
5482,0.005188037286176718,6.125732383020683e-06,2.674708537854617e-06,0.0030812104754895046,0.0010513839315378379,0.9888115434263681,0.0016697256974824233,0.003508878556790043,0.005485710234832068
5483,0.0039541763443090485,7.677177942840494e-06,9.2929043336183e-07,0.0034741220792067823,0.0003031613171774064,0.9931383925228906,0.00388709772492592,0.0035909345947568094,0.004247514396880895
5484,5.2722439294605285e-05,0.6463323182510194,0.07014808893525491,0.0033683268901353427,5.619327425580724e-05,7.778052255278666e-05,0.09044636903292305,0.0017610082227730024,8.828029453051867e-05
5485,2.5362475911788665e-05,0.8197765598361321,0.12052793615798696,0.03104224021985651,0.0031419969084149897,9.308392257899401e-06,0.008893747707775186,0.0007516737761922888,8.868999555900853e-05
5486,0.0012471372868915124,7.250895329404913e-08,0.000264263905137584,0.011710282643417547,0.0001967565036756282,0.9973834170178844,0.001654848002671218,0.0019511822126317847,0.00019600548657815363
5487,1.6910415296394776e-05,0.8279570909635574,0.14869043178067948,0.001003368938823403,0.015505670806967404,1.0492894901333659e-05,0.004702987225476068,0.004181371272630083,0.000257968135524638
5488,1.8090386460634595e-06,0.007186210062045153,0.9907133320497349,0.027488643724699568,0.00010593047496769055,3.529520975821104e-06,0.002272622667035432,0.000585516396449965,0.001507767219169103
5489,1.0444205977602303e-05,0.8133554408058135,0.15799568746737533,0.0011828650870798632,0.014262012288141408,7.22879290360286e-06,0.006553533677265569,0.006929576623979384,0.000205273445973264
5490,4.2399056957357164e-05,0.009228111206014054,0.9749140122846981,0.1134041281559188,5.1587417171450554e-05,2.4953634645327634e-05,0.03473350154529616,3.414491592832263e-05,0.004116166302798247
5491,8.397049950647826e-06,0.15562513858048935,0.573436879918087,0.3168399639924943,0.00015187224285196616,1.165795330430672e-05,0.0024637019703161907,0.0002496392993101747,0.0008616046638384
5492,0.004243714216782608,0.0017469282607498757,6.022634430972173e-06,2.222828672583523e-07,0.12070684416808612,0.002499373534314712,0.0008050424369153748,0.9987699361333662,0.00024193440875945878
5493,5.245837394138118e-05,0.9420645101097417,0.016746060350674274,0.001234102348732901,0.0005934662450418875,2.1580934243344653e-05,0.13207303733531306,0.003867811101769048,5.2421891211019626e-05
5494,0.0708461259868048,0.00015449069898336248,4.519222819614171e-05,9.611244476059155e-07,0.007055559043551074,0.007666616316206616,0.004865141564645334,0.9413226343626853,0.00873641479760361
5495,0.016770900835055513,8.434899117539752e-06,5.845085126297786e-07,0.0026327074731292656,0.00017681558003816887,0.9562740300512929,0.015220659505886601,0.014692120230194661,0.02123990991407849
5496,4.008405867860761e-06,0.16360977502726198,0.7838704383743307,0.17238260342801567,0.00010912206216169391,8.841902770866101e-06,0.0037428504703851113,0.00042666219902319817,0.0002907983446574714
5497,2.7561429019550075e-06,0.24876378282335967,0.2043146259890409,0.484015793343308,0.00013669172825572104,3.192516877847762e-05,0.0012916880769888066,0.0001734916192966747,0.00033164569133028803
5498,7.50329151410274e-06,0.09611778518656539,0.017387160515798437,0.7688811456357914,0.00028657285180229604,0.00018989369731706003,0.004363804922681743,9.308378072828126e-05,0.00013326321537670315
5499,0.14409109594665945,0.0005812505521945383,0.00026612682094424693,9.66154609063314e-07,0.0020614957929336584,0.03482961199790776,0.0006357759422944806,0.010387011205064092,0.7960841253717583
5500,0.005561921345303569,0.000908291505487598,7.5326239655796315e-06,2.8940645626251484e-07,0.06514103763035221,0.0012156232349338917,0.0013587966825707107,0.9991091865455715,0.000716317447466742
5501,0.0017419718049428278,6.147141800402985e-07,1.1595507659700762e-05,0.014551835313732164,0.0003084525058576559,0.9983144304768666,0.0005729433884396238,0.004370553772371979,0.00013677685109610502
5502,0.0046167337264654325,0.00021449225198911324,4.8476168158684895e-05,6.790613661481792e-07,0.03311603739870612,0.0018173596918778213,0.0017773310168943083,0.99790593814173,0.0005063345357773939
5503,0.0023229130360059814,2.9801100140389273e-06,6.740576633854534e-06,0.004699584655187873,0.0005892478296989937,0.9988025272782146,0.0007451090829361353,0.0008262539310372054,0.001069568499399801
5504,0.03431405069857374,0.00440680922185925,0.08301259507598968,5.641492857207394e-06,2.4877307486165367e-06,4.6022943544470184e-05,0.978743297971975,0.011722448610854003,0.0018211632144783188
5505,1.6331134276368267e-05,0.13545909404001963,0.7578895833425989,0.20974613812005447,0.00022315097215889706,3.546146188083481e-06,0.0029538571592219696,0.00045383680587497276,0.0005171453680895814
5506,5.7191525463511e-06,0.8069434322362574,0.15382554824172026,0.04163618508273499,0.0007977682381467253,7.735646818509172e-06,0.0031960783886702867,0.00038817175451489775,0.000928113299770655
5507,0.0018111852770024445,6.828450275061683e-07,1.0009713705202776e-05,0.015577940782452684,0.0002893840842445819,0.9961924824580135,0.0006364737974081368,0.01077695769285655,0.0002029967038859326
5508,0.019303107050561135,1.400943556867436e-05,2.1847076159370636e-07,0.0009757011099056699,0.0008211782106926591,0.9683036430817871,0.02373232093808034,0.08710363700351807,0.0019681659235490393
5509,0.02654616734124288,4.092004201788636e-05,0.0032232129184529773,1.185083074267461e-06,0.0003933794297569541,0.0007547219251870185,0.09233051403960789,0.7757228878543756,0.027871432099590025
5510,0.003816901772218225,0.0004636917266852881,2.7906954945499477e-05,6.11456267995013e-08,0.10958447639366443,0.0014081746141195268,0.0008876096645717467,0.9992858730730748,0.00057890487222182
5511,0.00020912311187674062,0.9263362055283361,0.040838727086198685,0.016666472669277992,8.419398446593383e-05,0.00015171468381942882,0.007440252496213448,9.10580490198829e-06,0.09748366377860894
5512,1.7179607048259004e-05,0.9775955077626538,0.019700284251849998,0.011965886823732317,0.004285061219096548,1.6029611466713866e-05,0.0037151799652563526,0.00022283917209262304,0.0012236738889484843
5513,7.840451294672076e-06,0.4816435036560338,0.40796621614883105,0.1171860362730806,0.0004689259002403965,7.716162065290411e-06,0.003610819977332816,0.0006479757604315077,0.00016021640362769314
5514,0.001085581653829602,1.268808062500979e-06,7.852387430475941e-06,0.008938961734108079,0.0002460048503831705,0.9987050473219837,0.0006934893396415775,0.001108874624979429,0.0005678666340690653
5515,2.979659457897202e-05,0.872857151922394,0.07095273192153374,0.08057484053858083,0.0008548481105539595,2.5591524486940044e-05,0.002736988472298673,4.267106246927827e-05,0.003248134141684672
5516,0.0022102988978409993,9.274750825206777e-08,0.00011910691185512095,0.009413682805786867,0.00015328369161235066,0.9960756733018361,0.0029581788973941842,0.003219080819454925,0.0004293099430768754
5517,0.001591616506954198,1.7619449311855386e-06,4.189116693895892e-06,0.007399085459740033,0.0003197181059293614,0.9981623424279915,0.0008220904171228161,0.0020728924897056647,0.0005545095262329692
5518,0.004864225625889912,4.881669417640356e-05,1.1372213263900984e-05,0.0005432301488772682,0.0017136441063675108,0.9941451465852258,0.0012190763462900161,0.0013402582117293766,0.0016231089350892377
5519,0.008130821929637188,2.7260699662301863e-07,1.1407744380773647e-05,0.010305347340493274,0.00017506796417049385,0.8502031365342151,0.007361568984068586,0.06311026694019368,0.0034259983414495054
5520,0.06018102762480008,8.254124930776376e-05,3.0169052665152647e-06,7.58108913548005e-05,0.00013413039403114372,0.39502004500141996,0.01295575281080569,0.048497725983335745,0.07214867402188785
5521,0.0029651699410410855,2.024106212114152e-06,2.195915615076306e-05,0.0027888479937677544,0.0006321472709256173,0.9980249667468627,0.0012665428956839047,0.0009428267341910124,0.0011510088799616444
5522,1.6574440201165983e-06,0.5964411487065064,0.344076267938744,0.0031778543551110937,0.024837498357318282,3.673734941479994e-06,0.009984606022781473,0.011750555819209139,0.00010296802084967921
5523,0.00021380591838623798,0.0023000119050392972,0.0019027235073792738,0.00011449196301224104,0.9642403053331491,0.0020713708516383405,1.763227493460611e-06,0.197133965469998,0.0006005443995183104
5524,0.006678619882525644,1.7156582179102137e-05,2.1359787897190965e-07,0.00262808900481602,0.00024085195546694573,0.9840642286899637,0.005090404374041932,0.010455978553144736,0.02669290863624489
5525,9.895651397049977e-06,0.7387106187665168,0.289448693709979,0.0008299342257094376,0.013202859183948657,6.329730720201554e-06,0.009361357135023557,0.00637753021115827,0.00021234152437181111
5526,4.853517328975251e-05,0.6768415047839699,0.25313858901696895,0.025737833354338744,0.002974298902725458,1.2165478308378872e-05,0.011834900253747314,0.0006481535066236696,8.74774251691157e-05
5527,0.059741662507962735,0.03615124911422111,0.0001828354647210526,8.179940238025088e-05,0.014896533435869082,0.024719318139540647,0.0001307562969247524,0.0002585201204219181,0.9538371449373618
5528,2.684854837021032e-05,0.001563337932364359,0.47062406397309936,0.17343954370532344,1.854493446206275e-05,0.0004811514734311368,0.05567819997814152,5.103764185514299e-05,0.0010441685672050538
5529,4.174899600892902e-05,0.466986978458616,0.4310523836584493,0.022469550770337125,0.0012983221957321763,6.072195445115631e-06,0.03597265412268181,0.000312214904206274,0.00024247514380040328
5530,0.0020250438749762002,1.5878885239693052e-05,6.032902620567077e-07,0.004960034581368067,0.0008880749374765258,0.9990447272960222,0.0003420163489031809,0.0008377224124627955,0.0010652882570991223
5531,6.9316037610852295e-06,0.12991497184325254,0.8089749117937023,0.23984006446059947,0.00020578309586855319,7.060872271431907e-06,0.0030112035771637704,0.00045418807437949134,0.0002545053506703356
5532,9.043231664228568e-06,0.8532283040959123,0.08597643083987021,0.04290030019744451,0.0026817517675310014,7.609701144354463e-06,0.004149086640561224,0.0007339259746427181,0.0002245096797952759
5533,1.9461741732329842e-05,0.41972411510754853,0.5598324368420291,0.061830998340386384,2.8536264513044524e-05,7.795386592047502e-05,0.02682365416855677,3.228533719066911e-05,0.0025835015270772007
5534,7.787971431627721e-05,0.5760665543793518,0.3544135353704529,0.003948651417398682,6.0268357896478295e-05,5.466206943118265e-05,0.024323588293215882,4.6281121753359964e-05,0.23549423967702163
5535,0.0011137944258426103,0.002261466226165749,0.0001123960186940797,0.0032512774869655646,3.4588862598579704e-05,0.24668471410877776,0.5216639719560412,0.0005273584786593197,5.400581464408538e-05
5536,5.227469962496269e-05,0.5492425789123063,0.4964491211207807,0.001987423590480664,0.0008721577058724668,1.2379571452500343e-05,0.007077715144238203,0.0004867879281009525,0.0027619126290096604
5537,2.376700518694703e-05,0.8424196977583046,0.17890370903136132,0.0007579290597704511,0.016427565431208747,4.223865566711949e-06,0.0028188798533435844,0.004787462348410022,0.0003745569387515572
5538,1.082560019223832e-06,0.40570733843890006,0.2891998568574877,0.015079550641836699,0.0037774573713692,4.419351118953842e-06,0.0004932188301806455,0.0026961715922691597,0.0017551525876720372
5539,2.4872577332340306e-05,0.9673626213019381,0.023516180872158576,0.05363816304679166,0.000401517955229728,3.164431194051676e-05,0.0026326243185521583,6.523126749686309e-05,0.004455528432070815
5540,1.3904260703035017e-05,0.8157342316539663,0.15407107878051687,0.0009679455022901893,0.014735299775897206,1.0771555828998381e-05,0.0049968195358767705,0.004647151692355206,0.00024414443542687366
5541,0.006048710486843789,0.0014751165579879716,0.006396747762329331,7.74276727630182e-06,0.00911371289120973,0.011963760996282121,5.925163238469941e-05,0.0017052084929791366,0.9919395706685826
5542,0.005242426813934382,0.0067379756713972375,0.002506645514917416,0.00016019920723531016,3.564733880797039e-07,0.00050934467867985,0.9957134965298822,0.008965846862463517,0.005115792351019168
5543,3.4992131187122863e-06,0.14901478030926607,0.7405090822079418,0.11673717340942617,0.0002776525695486585,7.491501888898741e-06,0.0012345620373984635,0.0004900447904280568,0.0004599571569997853
5544,6.635483760548067e-06,0.17329179525987679,0.5625306539079786,0.3489761673277687,7.655171097107691e-05,2.925525555453213e-05,0.004420221319576044,0.000111287950043664,0.0004701100742766629
5545,0.019663356980075073,0.6406904099730777,8.437272822105921e-06,6.923588310017136e-05,0.03195894284292624,0.0009432898951490603,0.000139909467899684,0.011422376093559727,0.6994461778470817
5546,9.062636189569982e-05,0.3193389128179667,0.688076787794393,0.036298704691176596,5.23921913365274e-05,7.542635378192677e-05,0.008365378031530328,3.908241066350182e-05,0.00423111895709428
5547,5.795099005097258e-06,0.9817144494273163,0.013686293258117006,0.006339691494482106,0.0012785632688405585,4.124633799097593e-05,0.001897993574281642,0.0001621342234295873,0.002741178719379837
5548,0.0067571655231633745,0.0022530481504917264,5.540443301763977e-06,5.999957514735217e-07,0.2580715409347672,0.005547399600509742,0.0004009953469033055,0.9951428695213334,8.408373043728961e-05
5549,0.0013779512333687628,1.6098337077473622e-07,0.00010780760999455447,0.00995096899018744,0.00010004366845478021,0.9972250643522069,0.003078002832365902,0.0025688700342374514,0.0002414364088337086
5550,3.16578686400652e-06,0.21362584551610492,0.7048468445898428,0.11375584255010798,0.00018768874523124603,1.0484178949724676e-05,0.0009328343391830125,0.0003908538001029226,0.0007509963273174768
5551,0.19227371259816595,0.0003624296989952901,8.355043365009145e-06,4.745582855900973e-06,0.005662397425456803,0.017812633690122807,0.003921280471230572,0.7354350694105933,0.015941785932591487
5552,4.9587938551885115e-06,0.9775972249795156,0.02323999736469207,0.0017102354055161027,0.007265105185433609,2.5676720858274835e-05,0.0075605472377305635,0.0007859298366826998,0.0016938891499990974
5553,6.258356295435549e-05,0.8989164162731414,0.2049742110483808,0.006661636442374083,6.400960871213052e-05,0.00012085269315291884,0.017108673254769436,1.1511354642037996e-05,0.042611152094875024
5554,0.0059012432437865366,0.00036737114142293637,0.0005640163268076755,5.7998212870112395e-05,0.0024804049467731684,0.8145925124051091,0.0012169129756982677,0.0030875001218040126,0.007021463721167378
5555,4.641271570124804e-06,0.3068596438806375,0.4740949374051987,0.20467365640219318,9.049656386571934e-05,1.0968740424353932e-05,0.005392733175608395,0.00024870692450926365,0.00044896540668639946
5556,0.002441053500616837,5.800892587492894e-06,1.8605263281188906e-06,0.006455085252788961,0.0008405896647144334,0.9989639928254067,0.0004484279675025056,0.0009489551470039069,0.0006344944579284806
5557,4.078122732354765e-05,0.6456812644309032,0.4739908389318663,0.0038636116765631513,0.00022053352329243865,0.0001151879016386493,0.09307644687626238,0.0001828403168957667,0.0006671710416095586
5558,0.6927358223350462,0.017033491559384526,2.603286647422364e-06,2.301925241337173e-06,0.0020310394003068477,0.03941241956548988,0.020608506779707242,0.006525144492368087,0.442429297525017
5559,0.00027843412772866395,0.0017544846152607364,0.007445510841941515,0.009964691236780242,1.55866691149823e-06,0.015284870286900952,0.7713892144552345,0.0005171682786944542,5.727964970513506e-05
5560,0.03735056376046289,0.00014338752951400423,2.013390390868561e-05,3.6003022616912794e-06,0.007731775242304819,0.000943268975080365,0.00346712962322074,0.971185740998267,0.007339389379108457
5561,0.06514752569211762,0.005313146758117258,1.7031776234336977e-06,7.188232758751403e-05,0.002290310939948941,0.5336896297227415,0.006489657654756478,0.009627273574352812,0.16198941621264704
5562,0.0005953571508224212,0.9873543440420022,0.004162244980140808,0.016427137928957523,0.0001248239551020536,3.906135464532502e-06,0.0031917985794575644,0.00048751945262241373,0.035734028349206075
5563,0.00048124146452078044,0.9822168511498008,0.004099632762655412,0.026663380342452036,0.0001352917705469409,4.541012606134573e-06,0.0029704343092394996,0.00038869843027249064,0.032337549875664305
5564,0.017472763580030696,0.0018404679057322064,0.002487286150602341,7.080063823190562e-06,0.006120661867266652,0.01223061972601988,7.06853750067477e-05,0.0010794117633812037,0.9865022387714402
5565,0.002060655817832985,4.777266941122686e-07,0.00012653840132690393,0.006975269951009251,0.00019473455509621973,0.9934623585268229,0.0039010959553378998,0.0010580084634722758,0.0009633663720507605
5566,0.0012300623746731264,0.38590826827694746,0.5112299781196129,0.002959953429260607,1.5753636660278147e-05,1.0019145428152876e-05,0.17337860806375588,3.250195837772101e-05,0.21401548686979696
5567,5.354701271621987e-05,0.0058251769228376315,0.0022991467090180983,0.00025918523881399895,0.9926027949838313,0.001102454390401044,4.588105358802654e-06,0.02316905114029897,0.004399777996787064
5568,0.0002618363383776928,9.901238679148815e-07,0.9850320491793508,5.723218956247192e-06,0.004423509503436821,0.00011319330750887818,0.0020508766887782017,0.04686847245795694,0.8327197614821295
5569,8.136665074452084e-06,0.5199023817930863,0.4479083554830003,0.040403134341715656,0.00025525901474274167,7.904411103760667e-06,0.015935270609798283,0.00040402969790808265,0.0002555979979659523
5570,8.758130773577268e-07,0.006276745946168054,0.33200401680326996,0.6479812872525591,3.25144013889959e-05,0.0005708312394321091,0.00402229538379023,2.6195072154787976e-05,0.00032396792045106816
5571,0.002771549380317234,1.461860144257183e-05,2.281794131292199e-05,0.001732561094990849,0.001580696894377337,0.9952174592041491,0.0005819828529056244,0.0007036153790526087,0.00259060318025757
5572,0.008069334148740148,3.838172769821884e-06,8.826242414294059e-07,0.0037537898494191487,0.00014868983176510788,0.9769133389183356,0.008405997107812155,0.021551219677128086,0.012628012569199166
5573,4.822491706532661e-05,0.9944842577169261,0.0027459300073089765,0.0015332846084894034,0.024900882929041735,4.919866495686185e-06,0.008339502556492594,0.006217547894632894,0.002697931858824842
5574,0.03702882110398369,2.5749949019268624e-06,0.00236557040695811,3.148151615660808e-07,0.00234917299151017,0.00715690770783757,0.016805848001580997,0.9422535305890689,0.04444603507383102
5575,4.551463935390323e-05,0.580377813616325,0.4057240382355778,0.000586407904742778,0.004429927635845042,5.629901586048644e-06,0.007251903685000203,0.002022104605191147,0.0022730456258321613
5576,9.201958176266949e-05,0.5989386857228182,0.3376705762765852,0.027112104461714425,5.600211258296139e-05,9.433675780969897e-06,0.060837724211249083,0.00012229363817483876,0.014701518314335681
5577,0.00014668455333641532,0.009672451481960002,0.9038773260205379,0.008258275720852134,3.2293823082803786e-06,8.002802753136868e-05,0.7587799318323613,2.3931641722105747e-05,0.020309296387556616
5578,3.3719431562928037e-06,0.1603098308919526,0.6576130437097776,0.26558555850296295,0.000167516123851733,1.0924378342524918e-05,0.0018832198780026812,0.0005696918607432482,0.000146806184336872
5579,0.0023247822163603017,1.2867840647478199e-05,1.0456666349713493e-06,0.0037424365341278422,0.0009175359017745767,0.9991262254807602,0.0006045957628427248,0.0006038952074835563,0.0012086205216092685
5580,8.899402273390462e-06,0.5556980020596382,0.016380605912128164,0.16824345699541537,0.0007654790793751596,0.00013936361268496866,0.000969253193094666,0.00023684058058784987,0.0005381394813933719
5581,1.3955952111573753e-05,0.8490781169300667,0.1385590121182526,0.001693590846922925,0.012460441390190964,1.1204738944939192e-05,0.0051313420465567946,0.003703848287742781,0.0001817234159320334
5582,3.613272212820765e-06,0.9921792095579934,0.009104258248514102,0.003101830729218772,0.007771866435037611,1.655015430330402e-05,0.002096937608983562,0.001092523742130957,0.0009405680350415281
5583,4.142857086777272e-06,0.08815315725221752,0.7703658148289045,0.011393730090959297,0.025210370488232152,3.11111025470365e-06,0.010228480892130524,0.005836985611067219,4.897194544536814e-05
5584,0.027503505381309454,0.0025582161913625307,2.875735601132163e-05,5.488256570263686e-06,0.005783857063520694,0.0008069510854606787,0.007237537561708475,0.8927750655314478,0.004927499976072546
5585,0.00023281639830579704,0.9081421087656204,0.015117959796560379,0.05240307076717246,0.00014125939870605168,3.7279766499160518e-06,0.0031052804227643515,0.0004655571516170575,0.01281258763301547
5586,1.4095551415654526e-05,0.19886119735527838,0.7251274821871647,0.09067803635505362,0.0005483499590963486,6.6710304988600015e-06,0.011599984292068086,0.0003645082781775717,0.00018992652298802855
5587,0.00390349137763796,6.022417693843626e-06,1.025378480461213e-06,0.006170316871139954,0.001075821115018914,0.9977960699454381,0.0007797247711982419,0.0030797911233398667,0.00038946080988667834
5588,0.004304550382581727,1.844292405854418e-06,7.001026978110356e-06,0.003306070722528812,0.0008036769526381933,0.9971424360353301,0.0048992786597075524,0.002473271908772661,0.00011462864055349742
5589,0.0004620479951620629,1.6210224793991095e-08,0.0007464655763911626,0.00023025272578011864,0.0005646127149724008,0.5420168576172487,0.021209465957720493,0.6470605680528265,0.0018778464298099043
5590,1.2695275060484975e-05,0.8716287556414074,0.11875117784726677,0.003241752976709917,0.007938273122467457,6.597452016819262e-06,0.013431522272989766,0.010236935502045933,0.00012870461126725363
5591,6.680065060624742e-06,0.19372061277152694,0.441721898155278,0.00044575500051542623,0.004929227160082294,5.461488374600063e-06,0.20060915234993165,0.030212838487143144,4.460268709552585e-05
5592,0.004580432323479696,5.060381706095018e-05,2.341787774620598e-07,0.0030713176874736553,0.003417593649740704,0.9990873145996043,0.00043703034051573744,0.0014600424557550899,0.0003848239741794656
5593,0.0002916566027448472,0.0016237142069908683,0.005081655045683789,0.003740770350969703,8.791835432696078e-06,0.0038503988139806542,0.24437158532104636,0.016630408774672412,1.5940091373225294e-05
5594,0.1039820013416123,3.3078209727828465e-05,0.00014607741639445927,6.481074608047978e-07,0.0003562718959023503,0.019712016318663386,0.01253009290262219,0.6838802691938076,0.1071321569904776
5595,1.3765388294397921e-05,0.3543332211964198,0.5799508353732559,0.07923804921882405,2.5593297372687486e-05,4.891767657169027e-05,0.026011595653768635,5.590650642091608e-05,0.0015518481526120285
5596,0.017749597076418357,0.0010562610948211205,0.0022195487339517284,2.940620317643966e-06,0.004874973985216194,0.007168103178717377,0.00023740434444622816,0.002882785848099092,0.99255198955281
5597,0.002389164418599248,1.967164869401267e-07,1.931471581232997e-05,0.010573456648534398,0.00010386791398187639,0.9910973684342764,0.0036426962758300398,0.00991492378215613,0.001110743585487992
5598,9.761706843078354e-06,0.6956732860851111,0.2224761154587441,0.05683115215001112,0.0027589714555151875,6.744298315384942e-06,0.0045868300953243344,0.0013486336601342401,6.73305039734472e-05
5599,0.0005297313605183006,4.091159788692699e-06,0.6424714323205742,1.60743317826159e-06,0.024070552815510845,0.0004617244027832751,0.00031644876054119306,0.042635543935673696,0.9825477876351858
5600,0.02083613810326348,0.0006313039784037457,1.2986479376435644e-05,1.973276919063191e-06,0.013600489231392586,0.0021958520614515035,0.0016687968439199111,0.9955283075310474,0.0012859554476747058
5601,2.3755917967328567e-05,0.04381690870031846,0.901309658563202,0.07950644867813568,0.0010829917377592323,1.0056857746923898e-05,0.010416822919030679,0.000222852435117238,0.0003002663044808408
5602,3.147904180646135e-06,0.966292887711927,0.021592146292921183,0.0017098746128638223,0.027856898983844056,1.347685444253729e-05,0.0046682573036631115,0.002718090752392413,0.0006029064439447091
5603,2.4684977823118546e-05,0.8433858029803604,0.00480167349337735,0.0003379593234880551,0.6484422993466761,2.4481998781841888e-05,0.0002235636153022162,0.006111146831530973,0.0015694455537708226
5604,0.0015875246416902856,0.9917547606890681,0.002868194694864565,0.0017195720543203917,0.0020875407014099316,6.0863165190206786e-05,0.032962932901202176,6.394742773866505e-05,0.07757761953758827
5605,0.001991055515092291,4.825345383238221e-06,9.372688716942588e-07,0.006077164131423299,0.00031984477905768084,0.9969739997890431,0.0008343723345842684,0.003504671528635327,0.0017792621291418047
5606,0.03750927075566617,0.0165350675112558,0.010730100739219237,4.0536707202418425e-05,4.891915234069042e-07,8.520792855694605e-05,0.9987738731193078,0.0022664482252478906,0.0018681925050958925
5607,0.005214026573000589,4.96428122309658e-06,0.004323954278600088,6.704872376362391e-07,0.007578388153882104,0.03701996842875697,0.17042910101469302,0.729609387815297,0.0010277291074645815
5608,0.0036895887303800322,0.009130519887550488,0.0008107143673132767,0.000547302057772655,0.005710973472779232,0.05714361561487911,0.0002812679054434494,0.0001560187476615106,0.9273297032189879
5609,0.0010941059149829331,7.815176913640762e-06,0.0012295092557511795,1.5343281494694317e-07,0.01287386832627724,0.0008700142708931443,0.0005333096808541082,0.9993066846136265,0.0021862896881772705
5610,0.009859513146021742,0.0004499542347940297,0.01679362943527026,5.9500105476178005e-06,0.007238889233557657,0.004271003497635563,0.00021775004996986308,0.0016421696093155437,0.9954168572661982
5611,1.1913441697053608e-05,0.9690113545994544,0.019690575131437797,0.053533671285487916,0.0025215743432737297,1.2093589712800967e-05,0.0024246580385990256,0.0004768069764870837,0.0002371380720998248
5612,7.033935617271078e-06,0.9697186182310731,0.031490892530068725,0.0036869166718706266,0.006940658504587142,1.9499914932983943e-05,0.002192385956492834,0.0006271484299391622,0.0016186603429905245
5613,0.8655284965942327,0.00010516259953762103,9.384298996472002e-05,5.945987356391445e-07,0.002479053125251992,0.007460998921779468,0.03822022522747657,0.13508088933090087,0.006930054987101327
5614,0.0017395528907052623,3.8648199795588287e-07,1.2695953400335396e-05,0.011802627296074819,0.00019678992560674774,0.9963671714230347,0.0012132785493439377,0.003955640730038417,0.0006523130147434044
5615,0.0017693051380721543,5.770361809728136e-07,1.021012893148964e-05,0.014735971256638874,0.000665981474361373,0.9982628644113469,0.0003757378122300918,0.0014651713711275663,0.0003741657934209207
5616,0.006346301180370633,7.169001955170884e-06,2.8334517367590687e-05,0.0045107749752225975,2.0487535881520326e-05,0.7140549551245851,0.1642114387041583,0.007151225106189725,0.002858398352160939
5617,0.002008474717545514,2.9916309111897403e-06,6.557991393530474e-06,0.005999600009923965,0.0006977189242063655,0.9987779591285708,0.0005378441250339991,0.000708048779614985,0.001386587560572374
5618,3.1020141732022295e-05,0.2006818355407313,0.8138592792265159,0.0034242669953587932,0.00017927206072434034,2.9964341827323272e-05,0.12158312943918187,0.0003151721457836252,0.0010143185572365656
5619,0.002364858742710034,2.9489913022881726e-07,1.3154158608393398e-05,0.013827917239780795,0.00012217425600208518,0.991783655142081,0.002051763783615125,0.00964565971955165,0.0010847732115391371
5620,0.1813311554853868,7.135501160601172e-05,0.00010270940003698444,4.6695722252359964e-07,0.034112350275291706,0.0010954052206912333,0.018247563649244625,0.9733198079689036,0.0008356342636044701
5621,2.5504131013723892e-05,0.43084797056566054,0.4411180189678144,0.04550834901943447,0.002781200648961808,6.662154596569965e-06,0.00893077098355122,0.000556034004234056,0.00013865232037669172
5622,1.4682535166268667e-05,0.9841075514063035,0.00889736681285491,0.04026021577073341,0.0004179541549658198,8.663569570182474e-06,0.0032780612828406204,0.00042857232367538847,0.007525243121621379
5623,4.204723881761081e-05,0.026305839374584028,0.003423025518173223,0.0002587209309869112,0.9769634265836116,0.00046078937338206536,1.2933030805434671e-05,0.01877445049952081,0.003330194744163255
5624,9.628733892105007e-07,0.007059522526762707,0.9886321512610089,0.042487797775757626,5.120697990078415e-05,5.662844768884749e-06,0.00201995070169012,0.0006331515861073997,0.0006594180844158008
5625,7.42717559662971e-06,0.8511346418706025,0.15710330712044462,0.024200890252792644,0.0009863534619824477,1.4633826754812328e-05,0.002891958920704227,0.0005806864575850745,0.0003086374210514623
5626,0.0005825504293604562,0.6888085932699585,0.08858877199934671,0.0023663855107938308,6.765775200752367e-05,7.2212768871729035e-06,0.1988461952322566,0.0011441701931404736,0.015008612217830543
5627,4.8078844045305256e-05,0.3584869017784624,0.04850841848472165,0.30273625431345563,4.3674158940904934e-05,0.0002752251471894686,0.0030023547347866573,1.917578917282891e-05,0.004012646357291242
5628,2.555153606945323e-05,0.5491152735737004,0.04105150686118018,0.3326192801691686,0.000123907450329319,1.8757887996871575e-05,0.00225587268946499,0.0002403501723518718,0.002560126622169359
5629,3.5997539112467166e-06,0.18309833106910697,0.4957410782762136,0.45977650076674376,0.00013824759270524923,1.327564636391957e-05,0.0015020854670547653,0.0003682780959146186,0.00021085269409451839
5630,6.701556576118324e-06,0.41099185944799776,0.40701440086873714,0.0038041137678274223,0.008739049694575752,3.657378398200565e-06,0.027234669928782828,0.016135277629378223,4.840360401688212e-05
5631,0.0014054691444204538,7.250406270878011e-07,1.2505176528754127e-05,0.009650725464262185,0.0003268145378447617,0.9988798522003829,0.0006471369624016556,0.0017720447434764462,0.00026188965881986516
5632,0.0005678888313620851,1.368013969353948e-05,7.076182725242128e-06,0.009384591410179733,5.1066472651152505e-05,0.9853030810102357,0.007823403782997158,0.0004088947783781648,0.001040623972252645
5633,4.062315046450071e-05,0.6633891600551537,0.2353704087796661,0.0723032247056645,0.00315291733880641,1.2299025043595575e-05,0.006027364596396227,0.0003243349638874927,0.00010659944945735436
5634,0.0013075532457695078,3.325044347967796e-07,2.8770567736161937e-05,0.012829981776929305,0.0002042945799057159,0.9982379531223862,0.0008650743693442406,0.0020012395589896095,0.0002522203713587973
5635,0.0011538711668892148,1.871025324343085e-06,7.193426473918961e-06,0.006775080377125618,0.0002191893018838932,0.998141651597161,0.0013019163107547448,0.0008379523922056324,0.0008090966003771807
5636,0.0011581755201704944,0.002826658273692446,0.0761950549531534,0.00020129728812411766,9.874186120546502e-07,0.003501318146346434,0.9626641942642775,0.0016623807001971847,0.0002415532973092573
5637,1.8593661760391097e-05,0.9647674368394246,0.05932810049641196,0.030926571603390757,0.00026419624192220294,2.8540198893278415e-05,0.004094228380451413,8.99049297995529e-05,0.003043394421439709
5638,0.008717960104640416,2.195810573961122e-07,9.819130394466013e-06,0.009143299800030286,0.0001308119392333057,0.9444066476835413,0.007411752730811186,0.056608758086163856,0.004666442373149112
5639,3.420956794161688e-05,0.046137543604419164,0.00773059096430574,0.000418845981404588,0.9307041939477025,0.00018441346264827917,4.4435520455412475e-05,0.020300988626585567,0.0013262647029278747
5640,1.5772231248692406e-05,0.5737404617362574,0.29936433494757825,0.02683289845455456,0.006446803053267648,6.879429252559344e-06,0.008913224411011613,0.0012408438355771148,6.589447741630375e-05
5641,0.2246154340661237,0.0018260391149358824,2.671782797909573e-06,2.405905799644304e-06,0.0008906349067669641,0.02642188501971845,0.003920419868694004,0.5523829955607595,0.09216872359152795
5642,0.0010534792720453938,6.7064093286387025e-06,1.7430878592555149e-06,0.005593089050619584,0.0002934213909079676,0.9984729050397148,0.00080753083849151,0.0006250817658496032,0.0013499508327745045
5643,1.0265135794686664e-05,0.6166272418480541,0.27239944080715234,0.14056453872341818,0.0006060839241441688,7.998187536284833e-06,0.0037266723587923182,0.0005069821534643931,0.0001729593304577811
5644,3.6725548949210592e-06,0.6461453320486257,0.3432896532036964,0.0017547903696488773,0.014660394551621464,4.119451381668641e-06,0.013033862723302859,0.014793503249854888,8.120721511574483e-05
5645,0.006064219912385207,0.0013723105130688383,0.01088992912862716,9.007191940127481e-05,1.3616449289151453e-06,0.0016535632192184878,0.975341246011408,0.018077576926862595,0.0026056826989865937
5646,0.00025922949984592955,0.0023626681837865936,0.0014027299349280706,9.307546632177323e-05,0.9518626385866854,0.002152835530213653,2.2431829425556288e-06,0.2563947000366976,0.000505874347883272
5647,0.004308267652241712,2.3140221505049456e-05,1.1929763985662165e-05,0.0007629437428132438,0.0010096897003653584,0.9953549737486951,0.0010045164938426892,0.001090132358811231,0.0034144528204459444
5648,0.0006829076163834205,0.1390058898362634,0.6094265939970173,0.00011758296090468454,0.004327389511039141,1.5662176065357738e-05,0.008184688472982959,7.690024831162518e-05,0.03344222326514648
5649,7.486969217376838e-06,0.2031617180720821,0.6652448710270943,0.16562469511873024,0.00021834739703315836,3.907261845591061e-06,0.0062960679590477785,0.0009035028955718644,0.00038203809259832133
5650,7.599722017500747e-05,0.9310455265522684,0.009609386532976614,0.08531339313066261,0.00010923907886606857,0.00017195166475645704,0.0029040033891951024,1.3949794115991794e-05,0.022394394183693555
5651,4.627633404290149e-06,0.13964960684830344,0.8236391106354641,0.1354599711841669,0.0001527289462774641,7.506590937136923e-06,0.002760778956172538,0.0006380173779597713,0.0002796797503925792
5652,0.004891968512712436,0.0005256883718045621,2.0719923417409306e-05,7.63781278026779e-08,0.10883385127402931,0.001161302063864435,0.0013387718895823417,0.9991860744283004,0.0006902375152155029
5653,0.061015735339661356,8.392424416547634e-05,6.190989977286077e-05,1.4381140226383927e-07,0.0008729032572318087,0.027919807115545526,0.005852126601293569,0.4570895543030185,0.6301743875050035
5654,0.0018121636633956387,8.616370406520494e-07,6.474034711718719e-06,0.01302611888435471,0.00041782536675306605,0.9978539940195493,0.0006698120758675362,0.0036278225336340746,0.00012161523689362915
5655,0.002008293763848364,3.831928591158015e-07,1.0226013665724028e-05,0.012407716104342941,0.00012204461187053304,0.9925279932544148,0.001995226560530911,0.008516073754577334,0.0011102413648339633
5656,0.7875469000257828,0.8366556872529002,4.505828359896185e-05,3.4046511775041845e-05,0.0037994957653872882,6.40944420708893e-05,0.020152399509971494,0.0003501702691310839,0.017303502151741437
5657,0.10315120298068164,0.00018740562356989667,1.7400755725866115e-05,2.932277749611986e-06,0.003956030652877918,0.002333450614977013,0.010741985716081745,0.9217599226250182,0.013942546629641756
5658,0.004798863914008369,5.846058792618394e-06,1.3021719694088737e-06,0.00031421434504791266,0.0013071899842008864,0.3172639445983894,0.0030487931158647,0.7326013806881932,0.002491338381006852
5659,2.1985175463701877e-05,0.12251439740042834,0.7904153097289225,0.04656122633377928,9.979499436386498e-05,2.1205354938349878e-05,0.011993356514756486,7.867170464054163e-05,0.00820445599680282
5660,0.005886998358462207,0.000775610722784784,8.516592046645712e-06,6.034409463322739e-07,0.08863809442583163,0.0015570381450791457,0.0010712204275538089,0.9987529270738527,0.0003737778751328163
5661,0.003876669016510953,0.015700642739098932,0.0035326595985993867,7.67321280361348e-05,7.043320400709093e-05,0.0014218522984516101,0.8208647192561971,0.014993104233731552,4.165643040619066e-05
5662,7.442494053168505e-06,0.7433543041646073,0.4765441135067991,0.001211844886080407,0.00015313744777312727,4.27029142413977e-06,0.0028877374807467814,0.0009130162982877134,0.016663268190462117
5663,1.2891763348713835e-05,0.7314337172247614,0.1994177615752796,0.0014313501352205377,0.008369592486450387,1.059257483896122e-05,0.012562642478322065,0.0056243844477027365,0.0003288092088829412
5664,2.4060962644286035e-06,0.7060860993978164,0.23293511035070308,0.024092405587029662,0.00017235502040617297,2.028682854832046e-05,0.0013167025660852302,0.0001628144616989311,0.004420871509386927
5665,2.6925234176610693e-05,0.3476989457175141,0.374887276154171,0.06028439122176955,0.00020858564461645018,1.5906814442389282e-06,0.021877639998724007,0.0025059111257929342,0.0023233377816006067
5666,7.124068732109136e-05,0.7698861618884889,0.15799585056643584,0.00221193876551474,0.001753086069432896,9.516957373177949e-05,0.007979312040104474,0.0002361898844942994,0.0015771313932683064
5667,1.8325848552392606e-05,0.48848654313903656,0.42860578414255124,0.10013571262866613,0.0003904420613225342,9.02134983753008e-06,0.005568822860475228,0.0002563346186194845,0.0007798077054759692
5668,0.0019817626180406336,0.001223525263232717,1.1767106078487138e-05,6.587967030032442e-07,0.17287471407222352,0.01125731851575138,0.00044874460879042015,0.9925208528818723,3.604499382087602e-05
5669,0.028940148917654104,6.180692316301395e-05,0.0004563599547243529,4.526739032431727e-06,0.00033377984571002504,0.05691107369892188,0.020011937259751512,0.2883518855710256,0.00806500495566735
5670,0.755325343995434,0.0005310879719912726,0.0009594808481892445,1.255115672961189e-06,0.0002111544780678221,0.0003530983065749567,0.7310977482439275,0.06593435253102964,0.0022858840685460514
5671,4.5100504795542327e-05,0.7383778087720109,0.2944998946178288,0.006350356646802459,0.00012174534992718801,0.00048559950010733046,0.003744094493088829,1.1460335366498829e-05,0.05112767224980773
5672,0.010056109524514278,0.0077924483335720975,0.0019991172207862186,1.3628571410361719e-06,0.000624256461191278,0.0001085672194443495,0.6773908596269577,0.6725318196199025,0.0014145286585073255
5673,0.0009678743895080869,2.2575316733952465e-07,2.43645255922094e-05,0.013905675278910285,0.00013032729114119304,0.9972422394120328,0.0012000573600769579,0.0027902454035727744,0.0002715322523764597
5674,0.8516536172814073,0.012132127193692778,0.00016354927558888993,3.1829914933826766e-06,5.650554939683844e-05,0.0005318183351132095,0.5509889542658651,0.011643558704195787,0.004312983708860437
5675,2.15522848638929e-06,0.8646739719238011,0.1562995132464,0.005822905623218334,0.0003442288531703483,2.2005405894294233e-05,0.0013666601565007588,0.00024477439738285434,0.004250145913089234
5676,7.673096654351305e-05,0.0043052460140118026,0.0018391725806954063,0.00022084942053490013,0.9951207804437953,0.0013497009705852132,2.8615505333623004e-06,0.023865214480226094,0.005216707232855207
5677,0.030829518351307844,2.58951275207449e-06,0.007190167898687108,4.5414918494908097e-07,0.0001502985258589341,0.06794951012786628,0.022572956087603867,0.3210947560005173,0.06991001371365595
5678,4.992222531325921e-05,0.23902058663684606,0.7030233194941009,0.0005527594418200459,0.0018805892086254474,6.064800645370355e-06,0.020763018873299267,0.0019627409098081903,0.004375679363742864
5679,2.7041993929913858e-06,0.7834252140490919,0.007700628009217809,0.22026675552216776,0.000249612698978317,0.00032268123036562773,0.0011391789954546857,2.5683450643152678e-05,0.002196065198071904
5680,0.00010764284073222956,0.9236650047211316,0.09276684433155508,0.017252645566506544,9.375349595106733e-05,0.00019813546054373135,0.007318382815023032,7.17157952507419e-06,0.029963577947056667
5681,0.023845125805217412,0.0024603005715830143,7.46721589731076e-06,2.109863963361789e-05,0.0027172718681572707,0.1526221633871348,0.0014177544068194093,0.6186083536941112,0.0006421321722826977
5682,0.009727687373359677,0.005671009574886932,0.00712075636435966,1.2288244803023791e-05,0.01384612010544603,0.0025672579274079554,5.5065676935409923e-05,0.0013862068702210127,0.9868194097019172
5683,6.804151453093142e-06,0.07882301058058126,0.9558213640008316,0.0021896587524222718,0.0002360238909358107,5.782990796548235e-05,0.03499350493231934,0.00024330224887792262,0.004244054580944521
5684,0.0014236868733253415,2.170236344360462e-07,8.771055445748582e-05,0.01091245962336216,0.00023417302649056748,0.9983591685226696,0.001102155774971948,0.0015140480783653702,0.00030620065063365607
5685,0.003227246584251298,2.1394408470131958e-05,3.523642496080932e-07,0.0049316514948881925,0.0018419480957674887,0.9988741350118431,0.0003069315366582601,0.0011895966313600706,0.0006700960504460886
5686,4.007784118902265e-05,0.4580361092571335,0.6393736456691885,0.03113786364779761,3.737839687704785e-05,7.138849574401797e-05,0.02204529327521225,4.039226561701588e-05,0.006625368248091855
5687,0.0012126546494904645,1.4357622086049233e-05,0.0007113386393013254,8.769083974290332e-08,0.020586816801479793,0.0007767844802684097,0.000969857704885436,0.9993306279569465,0.0017523788662966071
5688,0.002595403248433523,7.184750732924655e-07,0.017562200424908612,9.647966538196218e-08,0.0021875280509455514,0.00037196302736368754,0.015238348237950679,0.9943000821552404,0.021992195573106863
5689,0.0020909119215036264,9.265431514623197e-07,2.7859501714749263e-05,0.006663768111694907,0.0003715668751071871,0.9978219142005496,0.0011224926317691683,0.0010795653222421958,0.0008587021923303803
5690,0.8620239030826335,0.0021560761759091525,4.696654625416572e-06,6.870509393226016e-07,0.0012025255782940286,0.04994540420062217,0.007700310289430597,0.057302463220963724,0.05090709543766482
5691,3.442742678471758e-05,0.03682993080147742,0.004826110755822538,0.0003444892184587157,0.9696847290038654,0.0003997331247187056,1.7498206891483018e-05,0.0175582949299803,0.0023350278952947914
5692,0.08758770284042991,0.00013408420999013316,2.404123639407307e-05,2.786096378693545e-06,0.0033304452881612297,0.002912658103363823,0.0061349075147509495,0.9173656729811692,0.017687249812315575
5693,1.671726038397787e-06,0.14230645540119932,0.7809772007998715,0.05612821159384319,0.00011243356275843958,9.667710127761516e-06,0.0015870054521150542,0.0004408801441014678,0.0007987579141472246
5694,0.0010404602896712063,2.2261023203414327e-05,0.0007454946776106915,6.489349805428349e-07,0.026793641734697275,0.004439096977533625,0.0025738337781785244,0.9902561862305296,0.00020321617927161775
5695,0.0006573001945689927,5.136928343878469e-05,0.00031330213337650104,0.08235114246481658,1.7977060413134182e-06,0.21954943306036268,0.23129666197231996,0.002408228508621748,0.0002510715062539998
5696,0.8006594545571313,0.00021309300219502587,5.903879646475196e-05,2.702005087208204e-07,0.001037891107239207,0.04373266470155481,0.0035439129152330497,0.012411580258270077,0.11505368725107393
5697,0.0006680460453035835,8.689989277845507e-07,0.20736849589879647,6.128467667031269e-07,0.014859006009211069,0.0006771447737935402,0.0008672910367184048,0.7606406016277614,0.2772081451017146
5698,7.693331919730042e-06,0.7183234444333271,0.2866136224444962,0.0008299028274036794,0.015610574065299315,4.1866474262130285e-06,0.011966002512833513,0.01022174254172091,0.00016768010307267612
5699,5.829938521163222e-06,0.34513291790304446,0.5041821061423577,0.10365592974610734,0.000588845903707832,5.87506466026959e-06,0.0037399523091276926,0.0007854771307861116,0.00013854800922510235
5700,0.010487226721181044,0.0038216014931418225,0.005543298179220725,0.0002536875812088598,3.1258344149947886e-07,0.00011620508020859584,0.9971098988093476,0.011352639662293256,0.006606332774875128
5701,2.926742878307863e-05,0.9589479628342171,0.0265719021814658,0.07889629777255662,0.0005903753062741791,2.280477016580964e-05,0.0010620263908678418,8.697404319586484e-05,0.0037454198946222633
5702,0.002299644190821067,1.197242438215581e-07,2.4630469253541023e-05,0.021593886328546266,0.00021213450328507927,0.9908735891097222,0.0011236607035723758,0.010127948414343687,0.0008528535229709086
5703,7.452860151602526e-05,0.00295879120891518,0.0026811652960753076,0.21923079505367854,4.531051190651592e-06,0.09337435872023474,0.1246931296680337,2.097306110264254e-05,0.0004852778948021877
5704,2.3644320198887474e-05,0.8293339545942422,0.12267510270599778,0.0570392148893975,0.003117238930181227,1.1723329736304792e-05,0.004667936503027633,0.0005769183189330577,9.795163177212566e-05
5705,0.00026126379145791594,0.9048362775549337,0.10709130833131106,0.010900305642182822,0.0001192745714596465,5.1908984784330415e-05,0.009072856007941993,1.5189226647912547e-05,0.05060252960936544
5706,4.944562426053802e-05,0.4517498245170139,0.3890948830204305,0.000802384507506055,0.0032519619671720493,1.1713016514559905e-05,0.0036847742415573553,0.0013618459085982613,0.0035134252678539722
5707,1.7197472506420765e-05,0.9654581502569767,0.03499883984925505,0.06308685455444496,0.0002190780151615422,0.00016707224604168818,0.0018529239172866965,3.921518773150327e-05,0.002349844384852094
5708,0.38855900516666775,0.00035126031278684774,9.370756762347653e-06,4.9859181952042705e-06,0.0014554767959537957,0.006333149173999329,0.014271732171994428,0.6150233770627105,0.03243182102723877
5709,0.34658011655654636,0.0009712124249344769,3.5164164785568985e-06,9.229994961164147e-06,0.0028565351056816287,0.004144454088220918,0.004649784350843674,0.747050889280671,0.010267215597555456
5710,6.460361426476006e-06,0.7001547863747556,0.30868247160985257,0.0009590860579172851,0.015193321767190203,4.526270029259185e-06,0.01260714796691179,0.016736408144513285,0.00010726261140442294
5711,8.872130203320492e-05,0.008814892751083837,0.0007054662998775183,0.2666955291653656,1.1179955074476724e-05,0.05470463499488242,0.04280457661283323,2.098147044201771e-05,0.011319605129177051
5712,0.037267035516042116,3.5085001374385754e-05,0.000161859350681969,2.898053161614465e-07,0.0037929450032502233,0.012104531181575407,0.0031407191583884882,0.9267575332328127,0.08651315947295696
5713,8.389007096265072e-06,0.5446888832574789,0.42939458486088783,0.0011650189278638052,0.00686091815566046,9.108059154748974e-06,0.020979914135680306,0.005840315127008693,0.00027571954913732714
5714,3.4700745142246445e-05,0.5503727877912736,0.3353790859844631,0.054713927754314565,0.0036190624195661246,1.138804953069506e-05,0.006607481979334265,0.00040910734727500755,0.00010181525994770626
5715,3.329529555403263e-05,0.6620268335984053,0.3480974622962049,0.0005792739814150616,0.007280559664090957,7.928210727407789e-06,0.014404776341821239,0.0027455828482424566,0.000853250094371186
5716,1.22018232852335e-05,0.9976862259078446,0.002192716890288753,0.013421971558995435,0.0023442579461555387,3.655920687828849e-05,0.0022433215772919316,0.00019455601683757772,0.001236601891663443
5717,1.0039161273367846e-05,0.005785051988049001,0.008306356422882513,0.00030858241994411866,0.9568574076849067,0.0010437967560757544,1.393765994130081e-05,0.030351109025766522,0.0030378267415117396
5718,0.0013328254027075884,2.8499932046201797e-05,0.0004429715312124291,7.722902648891371e-08,0.035543888252529826,0.0011601527213272744,0.0006542667240147047,0.9992019036493289,0.0009444487604314132
5719,7.348516905025936e-06,0.7406710028243093,0.2575754199898552,0.0010668885857875226,0.012894930109414228,7.806894922583306e-06,0.009100008911466215,0.007091690364883539,0.00015547645625034535
5720,0.009777236058996212,4.381688143806561e-06,1.3670002781519352e-05,0.001175747278491741,0.0001527049288565012,0.9447998399296723,0.019101327236376003,0.013858672740469518,0.003911555354643625
5721,0.22963436297982912,0.008987859960391581,1.6553254269089866e-05,2.4508584918901027e-05,0.002117669200084041,0.03915770354515179,0.0021630125014974948,0.004990891018195838,0.6476157772008643
5722,0.014280076382322475,0.0014094900988616216,0.00733022396317166,7.600658221777866e-06,0.014489782157571499,0.002969075107818798,0.00018626498887883294,0.001043781188203509,0.9960892609338772
5723,0.002923057451981995,2.414644920977838e-06,8.293128912581729e-06,0.0031407046314794844,0.0005672285248256387,0.9985252889861856,0.001893952984631745,0.0007420000896799749,0.0010736805993766742
5724,1.61979917187723e-05,0.8898758434769742,0.11676136892794281,0.001335262951081128,0.011680478326373533,8.440860549946832e-06,0.006934473971729184,0.005390873092124109,0.0002003125259611394
5725,0.009459310309589129,0.00480337610922474,0.03329998414153089,2.7047705498056473e-05,2.7440860443303786e-07,7.643859150326376e-05,0.9993227755206862,0.018864959826237666,0.008920084033206575
5726,0.0023829010974912644,1.560530970309291e-05,6.648826148612222e-07,0.004076125718025603,0.0006185822912150464,0.9983097449170288,0.0007014547932738897,0.0009945898120879235,0.0028659862591998747
5727,0.01585657818492607,4.841939914444339e-06,0.002445790491731106,3.6863313194708576e-07,0.005503130438403735,0.009865117409781837,0.09939143119095681,0.8750631158964088,0.005898381476839034
5728,1.684611566218143e-05,0.5371183300973923,0.40287971403424055,0.08390203659537594,0.0003322702603076994,2.0060779716118454e-05,0.007221784846277972,0.0002687985639877658,0.00022326685305168326
5729,8.507598648912061e-05,0.4008467438646464,0.0034859395056477433,0.5752666477762101,9.154118138703322e-05,0.00013413437361176346,0.0010753085435868317,5.5421532380736796e-05,0.007138158156935357
5730,0.0038216893259716157,5.201833956073828e-07,0.0003929086152874374,0.001518093782872806,0.00033005550136175224,0.9892890894500312,0.003252684405794152,0.003191582244497638,0.0007945915421908754
5731,5.803170757636455e-05,0.007539846661202409,0.003315342011117536,0.0002576767657166737,0.9894878351149238,0.0008176002830067254,6.89033970847904e-06,0.022927154032083612,0.003470224110314503
5732,0.001715532227936918,1.5924050351241905e-07,7.762742242379413e-05,0.009178393236198207,6.33208329698616e-05,0.9882786491866866,0.013057099261024736,0.004016728555089327,0.000590914413987468
5733,0.00497617601795209,0.0011953731681481916,1.904921647814833e-05,3.8399821583145213e-07,0.03121187151635055,0.0009591978481410332,0.00524190215666821,0.9974551109533405,0.0005689201686742048
5734,0.00011972024348152178,0.10517199097207301,0.00953075309472841,0.0001348378448622049,0.12915393826738247,0.014448348877680308,0.0004093008768497105,0.0006156731447633873,0.044694911817426373
5735,0.00016247589995820613,0.9727120556252165,0.024920222993336936,0.025021278210693453,0.0001400979224817806,2.5332980701379718e-05,0.002025307405139615,8.20688286807851e-05,0.007558725506428476
5736,6.015786384021555e-05,0.004667248625961919,0.002287973537727275,0.0002495294621985233,0.9938513325846557,0.001321304207802985,4.035227195432398e-06,0.02394964648547336,0.004532926287601779
5737,2.1352543109334742e-05,0.4388481441093991,0.029476648887014293,0.38417626126226595,5.622297305016496e-05,0.0011350400107494258,0.0032374315454853165,6.557487767797088e-06,0.006505137070140114
5738,0.001628906662758036,0.00012550852150549957,0.07322481969909253,0.0003580898121009544,1.1188510287057064e-06,0.004174652148836059,0.9723645877383222,0.002314061903529841,0.0006701449636698022
5739,0.007430458240826803,0.00453603858409723,8.34656496435022e-06,1.397497611161251e-06,0.014113699625215822,0.0013456808301103053,0.004405504007800779,0.9912125878447845,0.0009748945104961692
5740,0.00017430648004276977,0.979791341863932,0.01596153310931923,0.022646299877809556,0.00023066065743118126,0.00010722689124225963,0.001898313196166731,1.1033920976969107e-05,0.02540244574058108
5741,7.792534281235704e-06,0.8807284236588014,0.2562375671780633,8.220054704742546e-05,0.032235365421096576,6.064178515742136e-06,0.0056243718515407515,0.001843240313840443,0.0035203782268200903
5742,3.269814446146439e-05,0.1940564100242762,0.004940470618285104,0.0003900398829178385,0.9168394650466835,9.012469609707033e-05,5.068865491857449e-05,0.010240718758725688,0.0021301114418840346
5743,1.775872311706929e-05,0.35662115697695684,0.5956653625804629,0.0007814675744518626,0.004238685573062926,1.6229401642303417e-05,0.022892999922459245,0.001826294604110965,0.001103083016824067
5744,2.186412849345905e-05,0.9984058400911443,0.0013863028027832022,0.0247025658369796,0.003616245333633177,3.825683535257536e-05,0.0018630452603410257,0.00019474030185667686,0.0005641933400297438
5745,2.0489228401780775e-06,0.9848234934411638,0.01942161357264347,0.0009722821739793779,0.016573708655328315,1.105906148733751e-05,0.005314876499994543,0.0032205371925118106,0.0005577539634695979
5746,0.0016077312536161598,6.238735258537999e-07,1.9151361610910757e-05,0.009442358331793308,0.0003844307639026302,0.9989275501292671,0.0006042574506534469,0.0015302131473003955,0.00032367625359674843
5747,2.295812878361089e-05,0.6464717544449051,0.38960940607509653,0.0006533880286340152,0.010844782200304928,5.703737705790352e-06,0.00999369610117232,0.0032102188505881983,0.0005596014104316036
5748,0.004927808580461056,5.77561772899724e-06,1.5395145046491795e-06,0.004985435211542239,0.002180196919141716,0.9984976807991487,0.0008929853137213345,0.00396952565655708,6.967377438353055e-05
5749,0.004476653490115269,1.1042719927518908e-06,4.9213769544952e-06,0.004189098633018761,0.00014307338475617935,0.9867802023503794,0.010364263424111444,0.008402217672444938,0.0031529469284638264
5750,0.0014324970732818914,1.0534905085946631e-07,0.00011266284804557452,0.01461584762866364,0.0002363246701068013,0.9983685154002716,0.0008316269994143072,0.003156115968409063,0.00015405044054203732
5751,3.7033968748823062e-06,0.7340853886037363,0.24569409754435814,0.0017414594955451042,0.0207090133765603,5.68205394098906e-06,0.0051810199740126,0.016274963019914653,7.230634572882816e-05
5752,1.9002787491763696e-06,0.9799823699949135,0.01926537480107505,0.00323786802484333,0.008181843243400171,1.1579224071653051e-05,0.0021326446647011127,0.001880404885396293,0.001017414680563448
5753,0.005060421952544022,0.0020559875998844603,0.10089482903858175,7.906749252714534e-05,1.6680395042026781e-06,0.0008186457237099101,0.9839387128069546,0.0034377392491948913,0.0006477921105925665
5754,0.936761889586558,0.07329651903613348,2.7332360732517334e-06,6.370253629470628e-07,0.0008600757279220118,0.0028476816589094733,0.30896269442891633,0.010635780415660585,0.015789778686112362
5755,1.117643397415039e-05,0.9965674767617636,0.0034633878381082105,0.01165813993305384,0.0037822242145352444,2.8147838412404735e-05,0.0025041399680749868,0.0002858838025070129,0.0010539558436949222
5756,0.09191764842059595,1.581759290613087e-05,3.2765755357141e-05,1.1610149418104199e-05,0.0009002662745707617,0.3448140067109268,0.0017936002120708522,0.008066805702948442,0.4500159284245144
5757,1.0074629479447646e-05,0.995102147915085,0.004627154994082439,0.020797734085564602,0.0016393841043525143,3.172913832134533e-05,0.0019859529308181027,0.0001998767341006535,0.0012904983687820773
5758,1.2726389622955217e-06,0.12725411417189272,0.35047470187209584,0.26982155054931567,9.982631596454133e-05,4.052007702295774e-05,0.0010775505172642586,0.0001779458846419503,0.0006276592750345879
5759,0.0020158187882320477,4.308179429505399e-06,3.625163269234347e-06,0.004626475384062944,0.0004690540005019872,0.9989796240606809,0.0008070458378202334,0.0007196978411157156,0.0013045886196292509
5760,0.00017026997950958492,0.9356424715160121,0.011968919862293185,0.05891083480394939,0.00010193494113125335,1.3711633457057597e-05,0.002141139735459893,0.000146246779192228,0.006266359020251317
5761,3.794199527925842e-05,0.7870815967598178,0.20034747073733,0.0009808551692347845,0.005832243290106266,1.7068541505707936e-05,0.009100248031794985,0.001346486219206757,0.0007862239762807242
5762,7.261948473804763e-06,0.9971001705601041,0.0032927263753547748,0.006254375198330988,0.0012713741840165026,6.394518941103552e-05,0.0028114582823081124,0.00017000065425962167,0.002190353043118271
5763,8.142669375022285e-05,0.1069471589959986,0.001355130465309787,0.0001508546168120432,0.9620450798336425,0.0007826397742713299,1.6790593082127948e-05,0.011525818814555968,0.004986410668845335
5764,0.1819453391624186,0.00015653514789778236,1.443730364895194e-07,0.00020006533021213596,0.0011311257422338661,0.9051644947525415,0.014822384120155614,0.008210687276073741,0.033944519364566814
5765,0.0022529547675653994,4.56648252674024e-05,0.0005201401542318502,1.4807089422992512e-07,0.06546629360385602,0.013833286718957052,0.0011753464379245025,0.9820489375732601,0.00025952556104617125
5766,7.1489859445208265e-06,0.24961673005547,0.7367355121786067,0.07502428088372343,0.00011659046822978331,8.871254577828726e-06,0.012946557549538879,0.0004355421612489456,0.0003398953653064543
5767,0.0018893559053604614,1.926432417221291e-06,1.2606209597588225e-05,0.005483360089056236,0.0004576637012001815,0.9984226742458857,0.001008293376085837,0.0006427250440665331,0.001332027588576436
5768,5.710565064227068e-07,0.6274713660892958,0.48977771776185847,0.000739875433709445,0.004436278584684323,4.312612331754831e-06,0.005080167981108595,0.0069183464866928255,0.0006917922982729984
5769,0.006292352993556295,0.03332825889724295,0.0006120719034565273,0.00020065743075568627,7.031296146482849e-07,0.0009034438848011096,0.9938628380712332,0.0005990328849971826,0.0039044325803982145
5770,0.001313007760166005,9.621749691049376e-08,6.537199244603001e-05,0.015956367605957075,0.00013347022862626306,0.9970990479946323,0.0012723891765980837,0.0035231325424374474,0.00027837983765269275
5771,3.124846111968168e-05,0.5666118383852656,0.32973834504902233,0.03153708825534203,0.0018115449462133774,8.91480978067659e-06,0.024094003015559303,0.0002892348198110894,0.0001689753092410404
5772,1.2715190346855275e-05,0.7876431200897107,0.19986358274336025,0.023390513755268988,0.003683825144306904,9.691118551028616e-06,0.008052346660822449,0.0016778687354749742,5.705580406088959e-05
5773,3.1319714134697235e-05,0.027082323482782517,0.006714178597035196,0.00040224568306238223,0.9676052340937009,0.00027700181857761674,2.5527056981745634e-05,0.01589687818130893,0.0024130843490759992
5774,6.583532832692465e-06,0.9937744676490212,0.007946694179688806,0.00637687411545099,0.0018179573826945824,3.269295829709901e-05,0.002249978097025907,0.000345991464429186,0.0018700476727314711
5775,1.3927162690823226e-05,0.5765184729518478,0.2669035247812971,0.12818993828328312,0.0007935579650109586,6.702066192263911e-06,0.0043816261925823255,0.0006189535213255587,0.00017560989004644572
5776,0.00011194293378741722,0.0065844618022444954,0.0036830535147957264,0.0003820733299025337,0.9655672636507988,0.0054367282490811715,1.4028679369476902e-05,0.004449955495033572,0.007512601462343407
5777,1.0239596099561164e-05,0.793488032755873,0.12375926720454576,0.08494240010188624,0.0012136430959593062,9.51124130885913e-06,0.0024833107846907636,0.0008642272136342352,0.0001112488408215749
5778,4.454764686514144e-06,0.18910367670423384,0.6571992413838894,0.013251521344856618,0.011671757713417191,2.4895958785924033e-06,0.013622372736448595,0.005347689370656397,5.61970457251331e-05
5779,4.4972930240824e-05,0.0196507383264882,0.002921720449192956,0.0003061512599825489,0.9834591162956691,0.000591583338757635,9.627821674684367e-06,0.01956880547238702,0.0032941294920507303
5780,5.343778107036885e-05,0.9295614288320099,0.07472821369178682,0.02610750438496632,0.00012291457888626538,0.00039314110055732376,0.004019271506998015,7.96857999193093e-06,0.01913221372750438
5781,3.679306266010151e-05,0.30065261866102044,0.33520028986160655,0.0005581386018187719,0.013897308808779367,3.407028203933475e-05,0.002043922195828321,0.0015621770683591676,0.0024996286475251076
5782,4.418168236394797e-06,0.004477756319533054,0.1497007435888587,0.9588425659979466,2.0281355586956104e-05,0.008428435874291533,0.0020602239939003716,2.672000830800421e-06,0.0008583969976207292
5783,7.131947679777451e-07,0.005228343284288465,0.996370110286616,0.0030149035033903804,0.0005685177806413432,2.690476197522863e-06,0.002914750925426769,0.0026707901491017363,0.0015005422913459347
5784,0.9543202885769251,0.0015624912066728135,8.299609991847682e-06,2.765541372934281e-07,0.001244285534541296,0.03034580853558001,0.01528318010232155,0.013385251094249916,0.06389171496620498
5785,0.17307706138203935,6.890109960537092e-05,6.834547515224777e-05,4.67920732480493e-07,0.004799103842952089,0.01782311387944262,0.013380981014914568,0.8132076963964098,0.06563820254952958
5786,0.006142558774944239,0.0003343464289198242,0.009989378859973783,2.96242266702196e-05,0.005926475522357784,0.02101446794774688,0.00010811204911560699,0.001009050537179761,0.9707318576327483
5787,5.341185073198681e-06,0.490741737747833,0.22837407141692162,0.02481353793060533,0.0001579556047225932,0.00034828859761125544,0.012418419329289273,6.285616066842841e-05,0.0027083223712041195
5788,2.5186057015561125e-05,0.5958822195970076,0.3182367682092095,0.05525968713279155,0.0015500466849403954,7.781777641849584e-06,0.012881853650019965,0.00038901095860886467,0.00012703980957027823
5789,0.0010144900735464452,0.012136773875881045,0.07200621079336086,0.0006161326305457927,0.0007853639984779631,0.02902549085097743,0.002199987258764886,3.872275511866238e-05,0.2806451683046295
5790,0.003464919182133868,7.815387739876772e-06,0.0013910810316740696,3.569652817113301e-08,0.0074111369185265894,0.009618099495810651,0.03134250019239932,0.9246451074509475,0.25827741983490426
5791,0.009393021053586035,1.529489825980057e-07,2.315505931779062e-05,0.0034740250834223983,7.708842767345724e-05,0.9516126560979675,0.04971155009852721,0.03142298041333297,0.0057319533323114775
5792,1.6375254144371978e-05,0.19827136329639317,0.7495892680691113,0.0007752792633954329,0.003602299570263476,1.460490997856693e-05,0.050146470109688625,0.0011361455372935767,0.001316182245066534
5793,4.648595510216955e-05,0.7112877146022718,0.20442841852254218,0.0003746892808745356,0.01024788849707928,6.917275931302013e-06,0.007885273414690995,0.004227119265023483,0.0015605613446336155
5794,1.031835051994007e-05,0.7770500320906518,0.23352606386547053,0.0010428323958489205,0.016444799724237447,8.575202801609427e-06,0.007192177535937137,0.007209661785546909,0.00014654504984116815
5795,0.0001071841434656359,0.9250776416650792,0.015849965840197662,0.05383271586453876,8.953305456620309e-05,0.00015288335459879855,0.0034830196160089482,1.3860611108604084e-05,0.028588930200656382
5796,4.387466709926479e-05,0.16094117642014777,0.8326983885162431,0.0010602546428463001,0.000656106627077566,5.4178770586193313e-05,0.1612014343272748,0.00019572281948866644,0.003394784470012393
5797,1.1738952002732626e-05,0.16851468946961573,0.48417241667455463,0.24717398983853786,3.876082820992729e-05,0.000290007587626923,0.006972831314350019,2.7808976539814736e-05,0.0011143637723796318
5798,5.052784134265387e-05,0.009519836316812913,0.0033500593218520336,0.0002807106406802946,0.9883050094639719,0.0005840792725316884,8.167152568023021e-06,0.019089885271549832,0.0038623116968895155
5799,4.4734648741229814e-06,0.3080844977936155,0.5996434148731908,0.11280545726711978,0.00022789174185405944,7.644180856970559e-06,0.0031622619864540955,0.0006220216032428673,0.0002237867606475032
5800,0.05908077758556829,0.00020140001314695362,1.843066512417595e-05,1.0880503753305958e-06,0.009389811878019214,0.0037654306434522175,0.007427260728748109,0.9625498794527615,0.01212662605366493
5801,5.101594485839943e-06,0.449143057358455,0.4093213211000724,0.13949035855821001,0.0002697832686437654,1.1005330598200575e-05,0.0026394760533422668,0.00047966912415806274,0.00017293004176918914
5802,0.002584375728837623,9.441437542372391e-07,7.4618643396779575e-06,0.009144482324463198,0.00028776627980876053,0.9959610675412235,0.0008851674508785501,0.007554910629144082,0.0007674381563065736
5803,6.732623652087298e-06,0.006049963692616708,0.38940509886408436,0.797721896515238,1.2005408983311711e-05,0.0023449065190812345,0.011850278347107102,2.987200734880486e-06,0.0024560926515428076
5804,0.00013949999446107242,0.7795497665605625,0.019928452428502122,0.10203146481873258,5.6310166041390626e-05,2.808165966970083e-05,0.004269503383843391,9.200117073274618e-05,0.011173586403608065
5805,1.1002880403058501e-05,0.8440292239212952,0.14909797838613176,0.036943459251927775,0.002400636116799476,1.2225049250931793e-05,0.004341416689840864,0.001205637717638191,7.47551457538369e-05
5806,4.240954347256434e-06,0.16343881472096086,0.6846197430532296,0.253828860709905,0.0001290478922935031,6.798388913645363e-06,0.002945727958031264,0.0003837996511600737,0.000345963289169553
5807,0.00010333551448881318,0.026606696843667427,0.09256785723352773,3.895226789970009e-05,0.0001588445322606939,0.00012911692938016934,0.8554040548372015,0.04679322158927185,5.7662253347025024e-05
5808,0.01690760958211587,2.5766934628780128e-05,3.223306068648831e-07,0.002414509209048562,0.0005598484003957006,0.9511572921710384,0.004153649064914077,0.009650940568450603,0.07078625802591176
5809,3.921972188040954e-06,0.09508057618037115,0.6182098554373873,0.3801818827743148,8.769920138060371e-05,1.2309743925041132e-05,0.003995717412261703,0.00020580383899647232,0.00040665478667476916
5810,0.0019724104847241236,3.6459733474606283e-06,4.09994001804862e-06,0.005528987605947351,0.0005821508658854591,0.9990686363372372,0.0005224901914076224,0.000912742365081822,0.0009637923347104215
5811,0.001880268660787264,3.2554003290846046e-06,5.09337311091782e-06,0.00430264328838077,0.00025151408050636545,0.9972588576917835,0.002904576019609109,0.0013902865202665606,0.0007966691130584969
5812,0.0003156849556547854,0.07882671471719609,0.05269163449179767,0.0002005904742801034,0.048428257288951074,0.0002832616365754423,0.001050991615314905,0.0031993103916590324,0.012225414910607009
5813,9.508564365946975e-06,0.7396631273802888,0.2623253537018256,0.0009538771180848411,0.0071574902966332335,6.052321721977113e-06,0.015153737625334195,0.006296095432088926,0.00034148560608199285
5814,0.36175920600554645,0.022311794349273783,5.153141368279133e-07,1.6482323305225835e-06,0.0027799256501776755,0.08870513635720817,0.004568587400420971,0.22556627866778517,0.07207631582422755
5815,0.0019435378371955856,7.361404286341655e-06,2.112084048515628e-06,0.0032101813795099876,0.000517329861141865,0.9990300548760718,0.0010746527726636413,0.0007102998109884355,0.0014149023310538124
5816,1.394674910322083e-06,0.1215296503550402,0.7952455017301203,0.041357268696306994,0.00011583958200478059,1.0936217799800984e-05,0.0014212224827367921,0.00039722918397955075,0.001026819436947517
5817,0.0013555454389249785,1.0365721316800236e-06,6.655641736433491e-06,0.009581172170939884,0.00029404050897485556,0.998430464886798,0.0007715379635817993,0.0021649268364318263,0.0002580658149045944
5818,0.0029358725681504507,1.1155259850443552e-06,4.849332060860492e-06,0.006354554128174548,0.0001687166673170028,0.9937335407208642,0.0030266076121191927,0.006355789586680967,0.0019795799648675617
5819,0.0019182885128424393,9.21160286675306e-05,5.976961711346089e-05,3.4601188994405997e-07,0.057221206118039505,0.000923883341572633,0.0005193507754670918,0.9994343327132412,0.0006466198012446577
5820,4.40295252960496e-05,0.5718410799665749,0.01532230460432335,0.3158591184173429,6.715506831297847e-05,4.148585346624858e-05,0.004870539835023339,8.641599526282358e-05,0.008438045415851525
5821,0.0020860640470680633,0.00024208595343830415,3.0482301681337474e-05,5.50652605184652e-07,0.028198736365937827,0.0024683634748683355,0.0008013383102640037,0.9985563903608436,0.0005298159884443767
5822,0.0011873398948211921,3.604467143285824e-07,1.5548867781554864e-05,0.012415702192033104,0.00025078274865193955,0.9979255209952478,0.0010710242405430653,0.0024320092546516936,0.00014565692360482516
5823,0.0011822434283734666,4.619717474618983e-06,2.3357160599657754e-06,0.005102065291802688,0.00029108663167985656,0.9984440691525837,0.0009920834286145095,0.0006831205982702588,0.0013879286849236313
5824,4.777874797439751e-06,0.0845158890105663,0.8670647724005721,0.03414262454033866,0.0006513197790672439,2.7546820283003576e-06,0.019433792462762944,0.0011604659966643026,0.00021809492325971323
5825,0.0013739209841769485,2.0979388807945995e-07,2.6631096905626372e-05,0.01432626286327401,0.00016194650078485282,0.9970819050366099,0.001109519338247333,0.0036530197732079707,0.00032482942766399694
5826,0.009419531487469966,0.0022493739674515983,5.4822754796126423e-05,1.547379586172596e-05,0.00791227422381935,0.2406880341018951,0.00040161099650620237,0.09400594085389494,0.0024977248308702535
5827,0.001470678475900918,5.351648793265262e-07,2.879886217386444e-05,0.00771959169252257,0.00021750902865420488,0.9987818454385293,0.001194533901675087,0.001929758368098273,0.00028521308708640225
5828,3.0107607771241783e-05,0.8385296809867332,0.14784140541696528,0.04641459922909232,0.00023746379456980748,1.7643788587432815e-05,0.006150362191311463,0.00010861633726923342,0.005575212852701947
5829,0.002170023232502319,7.392053721899749e-07,2.3150816359191412e-05,0.006288423520989887,0.0003506381522900294,0.9986139438307605,0.0010278438257593204,0.0014070716769692512,0.0005697520037773884
5830,0.18988031378599318,0.023021008787381878,0.0007827907975002664,2.1678364641760415e-05,8.335926344955362e-06,0.0019617873858446843,0.8849637650666053,0.003579895529223883,0.0015810816723592354
5831,0.0012524038212134837,1.0105584643850644e-06,6.542362563658497e-06,0.012940411343854239,0.0003000723436589712,0.9984376669663504,0.0005988116033650816,0.002349354023698449,0.0001389203789932198
5832,7.996296903937343e-06,0.9872281447811714,0.013543201425134295,0.010995331301061808,0.003637854843977869,1.3137855311357457e-05,0.004748913236047183,0.0006594859987837112,0.0004804901874522365
5833,0.025965880973430406,7.599616909725129e-06,0.023136009109688695,1.194612417217241e-05,0.0019513347618812496,0.0028575249174876967,0.0005678218571418973,0.05309543523862775,0.7553368916579497
5834,0.1684357252277082,0.0002255707845794186,1.3484122213147649e-05,2.7042557358691483e-06,0.002612081716811086,0.007820107163969574,0.009231729951156894,0.810942662464928,0.028743553809983204
5835,4.313824743945289e-06,0.23058702723252134,0.7015007244805983,0.09865801540343115,0.00022271901513925332,5.945540675083113e-06,0.0055205117649875,0.00047201858344470633,0.0005212127559473306
5836,0.003115950576398484,2.2946535314631575e-06,3.91079026104104e-06,0.008445443853280986,0.0007952785897911472,0.9958442805942039,0.0022393668271840673,0.002234916784576286,0.00010630371044168862
5837,0.0016810655715682305,4.2935031735792113e-07,4.531129232107019e-05,0.006258081499721024,0.00019638858289571483,0.9983008317303803,0.002030710697197824,0.002268770990708592,0.0002740079216160863
5838,6.846502088806574e-06,0.5785281635409537,0.2907988843098036,0.05050294692430525,0.003009620845153438,4.908045966224223e-06,0.0034599835275268367,0.0020768013365318997,0.00012201051933628279
5839,2.2007815202136224e-05,0.5203559266265819,0.373428097403604,0.02607901951391158,0.005558815241884846,6.724256762700956e-06,0.012920847095011952,0.0010358853871092336,7.54222360097893e-05
5840,0.0015077891328092968,1.702808160886183e-07,4.163720866255631e-05,0.007578046894239841,9.659004608158632e-05,0.993860927051869,0.006908395463526783,0.00306182565122015,0.0006570826548060178
5841,1.1767315013926295e-06,0.07863746200993316,0.7990606139570228,0.043087081566463556,0.00011484594722894935,1.1680051200749437e-05,0.0011837285965797324,0.00025750455472321,0.0021203390906823962
5842,0.08045575248506226,0.00128359362495882,0.0009308651174027921,1.3321525579285718e-06,0.0032653909417437945,0.0120775466775825,0.0004165015202254242,0.004800403894824246,0.9559070452579517
5843,8.275795827768744e-07,0.03841965114373845,0.8611055135780887,0.052182095132656196,8.639658272156145e-05,2.3307701423451957e-05,0.0010760602027286262,0.00036048794701305385,0.0006179812836272341
5844,0.0011047585525318184,1.5710064859587956e-05,0.0005955875164555592,1.3613107123342498e-07,0.015726049483917814,0.0008560755210204388,0.0005799039871896172,0.9994367740000543,0.001820544079523941
5845,7.300800263101941e-06,0.19177324867420295,0.6879216074682071,0.19694549309650106,0.00023468813343419077,6.402614145968929e-06,0.005587513430216985,0.0003957669929447379,0.00019225608674770244
5846,5.820449107603244e-05,0.043337033566446546,0.95428889927578,0.008273752404813163,9.406508307683365e-06,7.281672629015011e-05,0.3459647612776937,2.114772341212254e-05,0.008990949045270414
5847,0.0074707637395192115,1.7899885977850848e-06,0.0005867738388337967,0.0005470076860423368,0.00011742456740849143,0.9342203173210495,0.01347466872451784,0.009584455208911099,0.000671973596420153
5848,0.0015835725026764635,2.1206023460325947e-07,3.0905008388684254e-05,0.019284305230517003,0.0003342924530775894,0.9980352048140952,0.0004883280801536208,0.003819395897038009,0.00015098157443814902
5849,0.0023529223809543058,0.13856361027755618,0.0023724472882600276,0.0010308103542991645,0.0002982177739054873,0.004504062342288002,0.02589099455723884,0.00012006170547706637,0.46661243241990014
5850,2.742891152238448e-05,0.15414438446279005,0.8853088294310184,0.02703058825500893,1.4391984684198385e-05,4.1087914864559904e-05,0.12201699824621352,3.0689485338904296e-05,0.004240595229665326
5851,7.138554330530219e-06,0.18757617247799704,0.3370075308644378,0.11388320313205948,3.2250122463710774e-05,0.00017252355370871638,0.026044940933043517,5.542952609774737e-05,0.0007873275915090733
5852,4.872350614980161e-05,0.0006192991723157102,0.29303147132019985,3.92905535384207e-06,0.20294717250252506,0.00019283903389905562,2.8911763968140026e-05,0.028759497070537553,0.5406558282776116
5853,2.7577064940104486e-05,0.542481276597534,0.3369359529493701,0.07163367844535515,0.002304573898153731,1.2609667210057026e-05,0.004822718720438958,0.0004480667499164901,0.00010749237053556169
5854,8.472402998213598e-06,0.5661827827614405,0.2907286306001268,0.16961146679184674,0.0005088032008037117,9.006131892327787e-06,0.0026890952619791613,0.0005179512940820241,0.00012545095796493967
5855,7.80340522758838e-06,0.8339537986312232,0.10811645844804126,0.09554361928623739,0.000349367537749954,1.3429995445961224e-05,0.003614531690564628,0.00020647573523025403,0.0007413047754086996
5856,1.6628733168324604e-06,0.87680192046617,0.09737510494904157,0.0013978566207712858,0.04942575498047508,4.746512338158852e-06,0.004127837798180769,0.005644381220446289,0.0005872931018746067
5857,0.0006096874125163943,0.05031450604968018,0.0020883382087861545,0.00011301873260194925,0.24578779608464668,0.09352659087233303,0.0001527081540810208,0.00040801539882564337,0.10781470191596577
5858,0.0002666133374631849,0.9947966610386377,0.009876427401923252,0.00838743055526286,0.0004060156661043618,6.232754225080261e-05,0.0014362523123358946,1.641902725763668e-05,0.018764675859148205
5859,0.03240854152166243,2.7228103381248597e-05,4.7035944923615095e-05,3.5157359498735924e-05,0.0015753439122374914,0.3773777596259272,0.00032989437921519663,0.0032845166030088776,0.6830350237856924
5860,0.0010449737186895014,1.2806040799650445e-07,3.711823072255097e-05,0.025033839650980168,0.0001414407456009215,0.996988220394404,0.0006309595260641325,0.004251077803292259,0.00022844741944942553
5861,4.324680557996499e-06,0.44573524862284336,0.47220271235133776,0.001435056736568744,0.012779911790777497,7.492217356705617e-06,0.014443356884319396,0.013128590961794013,0.00010725807216488822
5862,4.871704783752283e-06,0.6276905281259002,0.39613346338211636,0.004046537930477555,0.0058142250311887305,6.22612893121308e-06,0.03045679506612067,0.005279633391997248,5.246761765318426e-05
5863,3.0102039723892982e-05,0.005125129218428949,0.08835411191002057,9.871054386874123e-06,0.0638450825045332,6.385100373458108e-05,2.3493908763796013e-05,0.11308428999342357,0.18483848915597786
5864,0.0009143392853898453,0.02940670476839575,0.005759030564578456,0.0001906412940371376,0.026971241823808275,0.1337902537735135,0.0003222401270055364,0.00013161986540201394,0.2604765077732717
5865,0.0021786905422096826,0.0001538580183741269,6.956686835416816e-05,1.2164456621834412e-06,0.024130911555574473,0.0041808952705658375,0.0008785052349439366,0.9963539036954573,0.00026264315503453286
5866,6.001760576706914e-06,0.8238754797185724,0.27105109803909505,0.013978285878264184,0.0002540461009098138,3.298574395737318e-05,0.012427329616092275,0.0008374512794093811,0.0001760501389929305
5867,0.0032339105505608313,0.004707229852159474,0.06691279540098395,9.506905184244853e-05,4.0106447938253216e-07,0.0002561115027584556,0.9961531080852492,0.0033034837605212066,0.0022776049498074388
5868,0.00807042789003738,0.0028324870746745537,0.029245638634662504,2.3883135299438765e-05,6.0772137271487e-07,0.00023401626741423486,0.9967276543011323,0.020403617859556814,0.00613003865568823
5869,4.094838536856354e-06,0.8676913330740115,0.004901307245610293,0.3552969567989094,0.001093332584425791,0.00011312372164875389,0.0011641968340848539,0.00013534493089863522,0.00019002846405971187
5870,0.0015467433699574897,1.8703171250212013e-05,0.0005509458143342224,1.4713625767266873e-07,0.016501011733146973,0.001619429810147039,0.000859218827076105,0.9988230299837025,0.0016834597610774315
5871,6.346478321872789e-06,0.564442978775982,0.461466180521415,0.0010595817688133628,0.007250674116561358,6.949337502515749e-06,0.022473641002910494,0.007235416964245553,0.00020980897594216627
5872,2.9033755491007144e-05,0.5201757603649333,0.36698332131843875,0.055357345604396285,0.0020467731393506135,8.8632220387224e-06,0.010061187527125759,0.0003679093809607081,0.00012615076922629242
5873,2.4111984177089373e-05,0.18273806206279772,0.6602031238137933,0.06803865033213141,0.0017337916754185073,1.102526783131164e-05,0.006620613690883387,0.0003357763302182648,0.00017199895597664848
5874,9.933305019432207e-06,0.4389598861399422,0.5102616081981188,0.02741501104690585,0.0002163767879196159,9.747906223776626e-06,0.00614846638099767,8.902276628181899e-05,0.007142742680074344
5875,7.337698909464982e-05,0.006004414107638532,0.8531894211946631,0.023848215552719522,2.771741276093527e-06,8.800871315246779e-05,0.6776009142629179,2.1811229627670897e-05,0.030600833897287825
5876,1.3162781651297708e-05,0.337340006456576,0.5890943415074863,0.0006175598770582596,0.0046636804884872245,9.315034585725568e-06,0.041617925028762146,0.004649017185195162,0.0006188716420549269
5877,0.07727194610550349,0.0006078417801398819,0.0009134851413484281,8.885558755775995e-06,0.005289865553631006,0.02910035593529388,0.0001360919878518318,0.0008495118560256773,0.8990773473999331
5878,2.7099442228209722e-05,0.36122408391731536,0.1494592962337494,0.014802469328820829,2.436039387092277e-05,0.00019324171081347246,0.06219732055262414,0.00037587871478440366,0.00020062015962084528
5879,0.031741848288568596,0.0024091351069702996,0.005701721661159478,6.6467344682249435e-06,0.020106195860992097,0.006302884292573054,9.366421121192461e-05,0.0004223284816094811,0.993545198896832
5880,0.0038954875393914464,1.416363896694202e-06,6.050704569747101e-06,0.005422748320417729,0.0006456518626070762,0.997316873414536,0.0024492343845200063,0.0039674939741404566,0.0001627891016976452
5881,2.0355326091425737e-06,0.11294719584659169,0.8528590713964281,0.03967796854664598,8.100211638232826e-05,6.5771618308709685e-06,0.002571098034447972,0.0005649662641706666,0.0014180121441323464
5882,0.020438745057282135,5.949766698679254e-05,0.00016903608518273683,1.2788547637432937e-07,0.02841727432822563,0.0017670756475627353,0.009625969126949976,0.9955581209174739,0.0032479386313094107
5883,0.12753411877959583,0.00147990221771317,4.807245726373228e-06,2.7195944372883963e-06,0.004586879153715854,0.0030987645723315883,0.004299112147465403,0.956208830947944,0.002951927344901029
5884,0.0201886403175309,0.0027341804199902298,6.230841346726128e-05,8.687964710710704e-05,0.003719202264450293,0.20304522318011808,0.0011596106088753255,0.005051231984669003,0.73044832033917
5885,1.7036444531945458e-05,0.025981004019768696,0.5465338485421494,0.3870361798759101,1.3636612938066189e-05,0.00041989235332040364,0.019307751223097948,7.4864845084006054e-06,0.003537102097100928
5886,0.0017806205592562137,9.555571323240205e-08,0.00022439430480410355,0.0072937857534539265,0.00012642000204586573,0.9975065041564605,0.0032265114259436008,0.002813415831026826,0.00020211580617332644
5887,0.0041028510832071445,4.1574219062677234e-07,0.0008850527885630383,0.0011523800558040848,0.00018080305936929217,0.9812750375366162,0.006129021532752978,0.005366232103421289,0.0004544088022251365
5888,0.23106001609954688,0.0008818869574088237,0.017740646726860633,1.1068325241175732e-05,0.01560790885720976,0.002659002314025642,6.115748394249592e-05,0.00010955766584365229,0.8502842611310193
5889,0.016526564174791036,3.935727937278246e-05,0.0001062116406926251,2.9832054757648767e-07,0.00913073120226671,0.004350720621293474,0.005666752691839759,0.9885074043666606,0.011889505694753378
5890,1.3282741335143217e-06,0.024606453905361914,0.6382615583246987,0.651248568747849,9.041412608218514e-05,4.0524113519170525e-05,0.0010161123168612723,0.0002056857740558685,0.00015353249246182618
5891,0.13676296463192453,6.110074686757504e-05,7.424724285847578e-05,1.1648718801235143e-06,0.0009639144633412287,0.010809112756242183,0.018259933632025042,0.7564230055623525,0.07656961307096385
5892,0.23864414481406548,0.0007278038139493771,0.00028947241396769984,6.258869754816662e-07,0.0021220154580391926,0.020251899890479173,0.0008734927715867492,0.0073100732751234625,0.8030939525107118
5893,2.407995806106308e-05,0.616646572649037,0.4978179310288768,0.04379243687451631,4.672822243326586e-05,3.538352854657246e-05,0.022752010358250065,6.329196505730105e-05,0.0017605705819988687
5894,0.0008872034188408109,1.2250334698290498e-07,4.235559891814586e-05,0.01907404781641211,0.00012667544002610128,0.9975862748977169,0.0008797998103759708,0.002785943150757569,0.00024862054862200824
5895,4.090156040080325e-06,0.9678053760088289,0.018826206592779074,0.017293280417861826,0.008091896863323575,7.41107885455827e-06,0.001975329459113446,0.0012939935572986677,0.0003939310692082467
5896,0.010842686249764314,2.7417747458110725e-06,0.0004174826864996259,0.00028231627360107285,0.00029014515167233957,0.9133489571320974,0.006280378596798004,0.026359464202240064,0.0009500518497783118
5897,0.0012727098863300923,6.545961975393533e-08,5.108692155928137e-05,0.018313701617369588,0.0001284997867142048,0.9939400976091107,0.001835136329785549,0.004273834814876754,0.0004696532083400374
5898,0.8445717884817305,0.000775319946203861,3.8936337206517637e-07,1.4805190852078197e-05,0.0008144831237811217,0.2739798957327568,0.019878994505581588,0.005376330922203854,0.028595704249366794
5899,0.0142499744923779,3.849988678884393e-05,0.00011439656786137082,4.329585745487876e-07,0.014818827541907354,0.013610260672732358,0.0116022445709375,0.9783322321332095,0.008638487272387961
5900,0.000945938652280906,2.965004007244005e-05,0.0006502238250349648,2.3647450485356935e-07,0.03609843279734174,0.004300214133650615,0.00022611221699359352,0.9976522117285068,0.00028098341417115717
5901,4.0666926423570196e-05,0.011996069732281081,0.0017741948994970335,0.00016483811924519027,0.986409824610973,0.000760069356205792,3.706835854430853e-06,0.028820108234914512,0.006259675040990548
5902,2.0877736193227084e-06,0.9470072259569283,0.032765324156320254,0.008255933049295361,0.008497288628456513,5.8163224042659904e-06,0.0032911314672278056,0.0026914960156701633,0.0002949552122633763
5903,4.4863890127320086e-05,0.3667078327384763,0.2414122129167737,0.045983272880854194,0.00018211531017427263,4.2843154110223e-06,0.016947626623285597,0.0014097024505324142,0.002663322863087394
5904,0.005821331108088743,1.3521545431219155e-05,0.0010035501602763805,7.96663895269796e-08,0.022913459963563674,0.003859030215423363,0.015761910399543676,0.9930769538984362,0.0030020361305681123
5905,0.00012557561112834723,0.43749018739506523,0.022441985808826417,0.22105314996291195,5.003954925637774e-05,0.00036879493959054435,0.0029879909470045024,9.567452198867955e-06,0.03160325915350487
5906,1.690522502498743e-05,0.9901517757619349,0.010531483884118906,0.021126145019513435,0.001502173471540593,2.597989247780992e-05,0.0029243458222708778,0.00012603010230976682,0.0020191812082355465
5907,0.0011232210336492023,0.5461040952983872,0.0010886811221530234,0.0007912827293157484,0.0035288221446090253,4.504176008572604e-05,0.0009325049035365297,0.013327982409464706,0.1001081304515307
5908,2.4627400289638926e-05,0.7314762728353242,0.2632137002498411,0.0005856436018046058,0.014097762421069747,6.138292287002706e-06,0.0074529226002262895,0.0036938334349774,0.0005227466795462899
5909,7.390916484960934e-06,0.8908236155690799,0.11417552073502323,0.05135648354893084,0.00022759808106711496,2.4563880304145956e-05,0.008300354754287345,0.00047285312959289676,0.00013084023625225418
5910,0.011970844224381957,0.0044785845497190896,0.010127336724301252,3.099824546706404e-05,0.00316520686528468,0.004415781302905417,0.00046433613811108673,0.00032014281541510543,0.9720436153564461
5911,2.524359975797527e-05,0.9301445153897011,0.05361677963443258,0.016162159399731046,0.0069743709488209625,7.766404004998985e-06,0.006251167294743716,0.000424852818551222,0.0005410501071499587
5912,4.676872445234046e-05,0.6496819510370108,0.22289552120128447,0.0642086996753186,0.004274378871949588,1.3706418552485059e-05,0.005240054727296187,0.00036351598330743,0.00011055974904104022
5913,1.0346766457643834e-05,0.9202140486170152,0.058267319106321595,0.046885630392206085,0.0005735605592868373,1.5649511508960373e-05,0.002841886924536745,0.00017529625784284513,0.0013966632814246486
5914,0.001344270481190311,1.361623829362636e-06,0.0031616245351809695,1.8074471480633155e-07,0.006795499747022935,0.0003361632269542096,0.0034974811380745832,0.9983504069372398,0.007132659702127892
5915,1.6559451217450883e-06,0.1791210438331768,0.6579237667014708,0.0628159616606985,0.00011020202212734898,1.4015466697715737e-05,0.001769122929641636,0.0003738315955582775,0.000772128839300311
5916,3.594577004247674e-05,0.6356645575538923,0.26894342727108506,0.05154664941802707,0.0031512099239215602,9.406558004258584e-06,0.008714937546398004,0.0003958634418127465,0.00010458228233817292
5917,0.003233973166975875,2.3325440583691256e-05,2.4954320922952548e-05,0.007262678266358436,0.001349848429028203,0.8800443263556645,0.0010742072274978831,0.0018247168385313367,0.037088750278761295
5918,1.2949668392755205e-05,0.7418614334250514,0.42582273751810834,0.048862914955813665,5.560219433860929e-05,1.9174211206113545e-05,0.015831623413279497,0.00020963518994588577,0.000504111030717127
5919,0.005422905019111296,0.004632215763576654,0.01102823197546111,2.708034414890865e-06,6.153156832661173e-05,2.2204120692026248e-05,0.7479416123468836,0.7028439831861262,0.002502514256212049
5920,0.0049120002849555285,0.006291821476254159,0.04069397944695899,3.0059855172416935e-05,1.4474575873482975e-06,0.0003934155124063575,0.9965901731806684,0.007734147734836827,0.0010199926636446633
5921,0.001389702296812086,3.550050339908342e-07,1.861696306867553e-05,0.01600708153019545,0.00022391382857255503,0.9978384828703529,0.0006902614825460737,0.0030522603008432464,0.00019878585566981955
5922,0.018843575687917228,6.420921049494705e-06,0.0012483159547328946,1.7048192410753413e-07,0.0009324211947847447,0.004880302181306679,0.004249425906849599,0.9456022894466074,0.07657117787094832
5923,4.392565309494e-05,0.35777288717669065,0.4819115292059401,0.0008162391023605625,0.0022544324174281066,7.281907934016171e-06,0.004020114089148171,0.0018166989414781065,0.005145549198857623
5924,7.311432316252283e-06,0.9855498036726598,0.009898544725272095,0.0508296143021269,0.0006197649739722595,2.871034648490814e-05,0.0017106484934654824,0.0001257304946990014,0.0019617942755190453
5925,1.0791866673374437e-05,0.40187217019320626,0.42281728051496537,0.1621597993251366,0.0004355050553420294,7.98120921183902e-06,0.004693784355772143,0.00040547666127499374,0.00016376464128280534
5926,1.5429321167938477e-05,0.5755717378403892,0.29270654683835334,0.0944853896218448,0.0008689200511398612,6.125381155102756e-06,0.007293524145210872,0.0005516588056645932,0.0001966413319957904
5927,0.0016750756359873898,5.670931111295609e-08,7.470234390696241e-05,0.012864716483881702,0.00018503427763708267,0.9950962082389165,0.0027343170534664487,0.00326105892655807,0.0003928712759256895
5928,0.0021880636448076947,2.246547887257025e-06,4.374111951275193e-06,0.006280546020585332,0.0002954989943176833,0.9977794342919399,0.0013090029691014944,0.0022371333666822268,0.000891872643883531
5929,2.2741416971343058e-05,0.9911039827757314,0.0050009033407694015,0.028847623185388062,0.00043684076980741386,2.066138412678909e-05,0.0028807245832122535,0.00019494662613424435,0.008611515636831407
5930,0.026386183007178626,0.0009004638306213103,0.00025664279835354534,8.440138372353676e-05,0.07171492855144382,0.00044557968855885347,0.0003147906494754058,0.14558242982529343,0.1539984030826462
5931,3.7876659902025203e-06,0.9787131834496436,0.008201635171265353,0.04114919799339707,0.0017197957669394864,2.19195002488476e-05,0.0011824557709106634,0.0003561385181090121,0.000686438894746435
5932,0.0048842142860636515,0.00035575953598182135,3.224231311087433e-05,1.6940529366687074e-07,0.07597291837946973,0.001613630788863391,0.0014414928332854783,0.998578624682945,0.0005397066245392302
5933,0.00025121539004213786,0.23506715224382374,0.21496460853856375,0.0025623299913920647,8.17065251026254e-05,7.585187646596074e-05,0.4799460670655938,0.00044486770591240426,0.00023992134159728405
5934,1.4465064333924328e-05,0.9838392576455228,0.017649621998808294,0.020666661026110523,0.0003613851443009429,7.137441459535785e-05,0.005493272885591619,5.8242800058712804e-05,0.004022680848930279
5935,0.4226963087856337,2.4429707188318745e-05,0.0026559312539730646,2.1415913974126173e-07,0.00032473144705687614,0.0016969175246322032,0.11820531684856922,0.08950206586220336,0.39349743812346993
5936,7.330900788029628e-06,0.2750863076082579,0.5601622135760888,0.09604322825414455,0.0005258359328216991,4.062391827813223e-06,0.007837626892495425,0.0010545685104487727,0.00024250108703747212
5937,0.06776483293712487,0.0003329817058169258,1.0033806621657572e-05,1.7687686143906999e-06,0.0019830891767228308,0.013416820917838038,0.006114264644967395,0.9205737045440092,0.017961948409904942
5938,0.000813439292509352,1.0557831131296436e-07,4.4857641426473975e-05,0.021068201215640313,0.00012613547949724246,0.9973172100092714,0.00079709032707162,0.002882066662087243,0.00019656052117808563
5939,5.997343197056611e-06,0.7197846911625706,0.2018095630441496,0.13163967832955467,0.0002676463560486408,1.1846494633297237e-05,0.0029642909212530618,0.0003642697962770458,0.00036122824623085396
5940,5.193852886228315e-05,0.005824094550765897,0.0022535886680658387,0.00027775294920538013,0.9923777735743537,0.0011984010635673486,4.718806553020827e-06,0.022605250419135532,0.0042662305980209
5941,0.09630389799834603,0.07240409999705248,0.0025583632390818855,5.956352141338553e-05,2.903788867431419e-05,0.0002576839346581459,0.23084853915230363,0.0006191880490990994,0.018837079346273485
5942,0.002309042671341722,3.559582297789144e-06,3.3693032218563205e-06,0.005258728647318772,0.0005259453732589994,0.998805050462163,0.0006606726099899664,0.001005798495758498,0.0014882035219303817
5943,3.11466656207111e-05,0.0032120222949284837,0.009648239133307285,0.00041995017519994097,0.9828383605647562,0.0007413593966952492,1.4380187788790905e-05,0.02826623528793017,0.002085475645228859
5944,0.0005237938526200146,2.645855152676996e-07,6.576475033109224e-05,0.020812778662777455,3.8315013905781184e-05,0.9890972215880575,0.004835790350084378,0.0014146712196921075,0.00029679022939768613
5945,4.782603707618156e-05,0.5014131182436348,0.377972554813055,0.062021333032168974,0.00288732044388409,8.594145833499366e-06,0.008271599036200806,0.0004314091195126787,0.00014051123632352055
5946,0.6415265587195884,0.0017089317969318908,6.583682952962809e-06,3.22610872325966e-07,0.0011822631261855622,0.05891432119804034,0.006894045390559024,0.038028177393978846,0.434286557463071
5947,0.008028209727268113,1.1100791916407598e-05,0.0005165119182249919,0.0013653098247005226,0.0028687574390238516,0.01570747503071983,0.0002680833342389594,0.03594469328223795,0.22983885809055768
5948,0.004777429545008559,1.6622435010318436e-07,1.80409560371448e-05,0.0129718607157385,0.00010439003841909594,0.9626505027583522,0.006601640998136893,0.0286880070446129,0.0035183449726724487
5949,0.05532881576755271,0.007349586263117452,1.0178382849881713e-06,1.4639756198060472e-05,0.007409167945966642,0.045228917736097045,0.0007087274230135856,0.7072718141630631,0.002438615716895164
5950,0.15827464610084724,0.0007465531964496263,0.00018514983946603858,3.2783162908312175e-07,0.0037135051333721815,0.021511497244048793,0.002036080364378016,0.034563744012870434,0.8449083202947522
5951,0.00010440345862239144,0.5025894902239637,0.387317207238979,0.0005430295711087507,0.0022983006491906596,1.304174370676856e-05,0.02654329527012788,0.0007960520295107319,0.007253071039879079
5952,0.0012611241519494647,3.8535844336582217e-07,2.696625849051165e-05,0.012295301162069684,0.0002120586365788074,0.9986341210610008,0.0007621238339903279,0.0016678556890457284,0.00026390636549555294
5953,1.8545877098784975e-05,0.9635095776010673,0.02373490570885734,0.04479572284717464,0.001796518080932263,1.256126544040266e-05,0.00365267465295551,0.00019989450984704817,0.0007153153453050314
5954,0.0018501398957584281,3.4115316514512124e-08,7.067609432873152e-05,0.010072722597376776,0.0001093675041897441,0.9418082395453624,0.011992407838642888,0.023233361642533024,0.0011119485578492845
5955,0.0004687058819093124,0.00018308766790934487,0.0008155326768011772,0.018032317312313688,2.483477131303574e-07,0.0172290075615031,0.9815354241961821,0.0004629984523898338,0.0008101861646069017
5956,0.0013418289553506534,3.394334829329126e-07,2.9664431276161423e-05,0.008106480149090425,0.00019851543617266054,0.9980796038288434,0.0018278159663106862,0.002162125386967173,0.00027622383981365035
5957,0.4196683569861701,0.002377328430557917,6.616038266517994e-06,3.6574099731163417e-06,0.0002560767572439672,0.04897667205709106,0.059171279130514516,0.09100769156854957,0.05800834718050105
5958,0.006549641636503399,0.00010583629647048361,7.104975168562572e-05,7.434607213586654e-07,0.01846878745228901,0.0019670405171855645,0.002246734780663344,0.997753391249597,0.0014109523264459192
5959,0.0002869945170327115,0.9546549609622242,0.0053352166366228216,0.04403426455625274,0.0001659539210555422,2.779450931610425e-06,0.0022417413512804364,0.0008912832415356448,0.01698817244441358
5960,0.003398268728504327,5.955151911746694e-06,1.2003179293632206e-05,0.0016064157407954952,0.0006752583899188155,0.9963300876979538,0.001045087260437998,0.0017614157147423579,0.0017076922763711022
5961,0.0010088050939498253,1.6548379897872374e-07,3.0159442327178544e-05,0.023114585141559847,0.00017549130567316877,0.9977318493793131,0.0005080406926265796,0.0032489864129217,0.0001870457350310517
5962,0.009464506279050398,0.6981965805638447,0.0005918584633740379,0.0005718037839488624,0.0024665994702829167,0.0028304480616995,0.0003184901316876461,7.652761895196936e-05,0.761767072353259
5963,0.9365757649690897,0.00034146759188782107,8.918608986113845e-05,3.117171398916874e-06,0.00037304035164126607,0.005639355037339522,0.09870876229217973,0.06257845011827247,0.004443745536929907
5964,0.00618411551466945,2.5775777234908114e-06,0.0027544323768803913,9.139384436133362e-08,0.00422453905434953,0.0022339014714785285,0.002558676351186404,0.9840852996313559,0.07036075916941767
5965,0.0022109133205374188,6.534090262160477e-06,3.385531112585632e-06,0.0043795771166069905,0.0006085373702928849,0.9989059564508849,0.0007627132592757517,0.0005867478130477255,0.0014844849101500737
5966,3.505778829890346e-05,0.036708785008166114,0.9481691328650849,0.01657682341718966,8.954565241041584e-06,8.662984530041385e-05,0.27218743350806635,1.6808367283646976e-05,0.010373278333377043
5967,3.330939958569685e-05,0.840056371426835,0.07936167440044013,0.0533071681061069,6.969618787619391e-05,0.000452888571418609,0.006470711229293298,5.065045567411623e-06,0.021644308810359197
5968,0.7493664130719596,0.005113040330692934,1.8493794809306265e-05,2.481056715758424e-06,0.002555910915455875,0.03312194176978863,0.005111553007696443,0.0032636171472882943,0.26552485033799006
5969,0.010987098696736218,0.0006100408114728777,0.008423543720219966,1.4615291714170575e-05,0.01600952911228331,0.0107231457950691,4.208451080280924e-05,0.0009659967493785407,0.9909678312596092
5970,0.0001427511383084179,0.5558571849397427,0.36344265500342526,0.02618009828604621,4.7913849612594545e-05,0.00028695998421056964,0.012326721099441362,6.218544384104909e-06,0.04014318635377976
5971,3.7646532523170135e-06,0.8415374218853235,0.15335504471961403,0.01618445332317856,0.0007147977799795865,8.282150973449636e-06,0.0028487148646631523,0.0007078506130878182,0.0008165025295039973
5972,0.009512713077402332,0.0003149826706417792,0.02292365291550857,3.928755311187823e-06,0.010638787613136485,0.004621973708366869,0.00026367042549471105,0.0017620178341562977,0.9959611950976002
5973,7.704736249966785e-06,0.6517412167449613,0.22306212914195708,0.0008762831183623166,0.0252964317453308,1.0787688760271051e-05,0.004384754442279012,0.01055992349295188,0.00015454970949572324
5974,0.0014329726669645062,5.904760972042721e-06,5.932190263797274e-06,0.005625981796082312,0.0008525605464698164,0.9987702338334492,0.0003124614503184253,0.0005465247056178435,0.002040872614818237
5975,0.01121398390825797,0.004036952183662472,0.002453766459238216,1.4223523312957777e-06,0.001797664747908233,0.0006107068927007576,0.3245334750226225,0.4058958047305681,0.00021737315207022426
5976,2.8603598085432214e-06,0.13114160693492266,0.6879281376176686,0.13679643118103343,7.067750758779978e-05,1.1369963283573088e-05,0.006817641518260677,0.00026021084106580416,0.0003427053694615285
5977,0.004620259732255749,1.0176907815975883e-05,0.005822560317226309,0.0015880203705470634,4.275719154202839e-05,0.008995322124213752,0.18498719010973336,0.017764643654229167,0.06060351649690686
5978,3.1891909003157735e-05,0.0033331945955891533,0.0007895162656907707,0.0004984745693917119,0.9814828555271374,0.010905769834288212,3.1530068065015566e-06,0.032405572011453415,0.0021442046979054615
5979,2.1846293607867457e-05,0.8615592758373598,0.10154970033881391,0.08647354256656577,0.00013576383748709994,5.989789574594946e-05,0.002572808763425763,6.633475877717565e-05,0.0019421393079271446
5980,0.1787472044826156,0.0006219580840674668,8.346318700327435e-06,8.180198458931985e-07,0.005829270843322563,0.028341074321058965,0.005627652343077972,0.8288900088103103,0.03821264317807051
5981,1.3058015209312982e-05,0.9861997765912951,0.010013590950490987,0.07641821835546742,0.0002554474834222091,0.00025442425505026644,0.001289329635797972,3.4150986170159595e-05,0.002296929559201471
5982,0.295852404346298,0.00012115906538838271,4.383144892542959e-05,7.913075004026592e-06,0.005052735692143062,0.00193335653745836,0.006541648242367997,0.7483234886684967,0.011274603708705774
5983,6.9489429568784935e-06,0.5461689693528703,0.4432749285761904,0.0009297128990197129,0.009755740454053294,8.634388294510358e-06,0.017235067988942844,0.008795456740804137,0.00018990795897734955
5984,0.002870690730248486,1.0483380095025839e-07,0.00022833086916375603,0.006475161209051272,0.00019259970458485314,0.9951251819630783,0.0029267271605752125,0.0038218277184028314,0.0003402025239454909
5985,6.542446880787426e-06,0.9795396744391479,0.02539987713240165,0.010150117368800358,0.0012131297152018377,1.523352538685924e-05,0.0038857217393968,0.0003123381055274042,0.0021155403069620334
5986,0.0043505161074088,0.00024338297680990574,7.162187772962494e-08,0.004169352815647073,0.004187582216173015,0.9986858146558305,0.00037404866020846313,0.000804946653706486,0.00027244314802510165
5987,0.0037111572123951627,0.0016094926122921344,3.46683570304537e-06,4.5685026210989227e-07,0.13086969395291145,0.0020957767540561306,0.0012428374896987706,0.9988593557690232,0.00022124622475899844
5988,0.0005392769727628576,0.9926945411733592,0.007371844250916977,0.004464883468281226,0.000145080563512285,3.676926217868066e-05,0.0062181753235555385,2.7298073303555583e-05,0.20020746850424162
5989,0.351061092555342,0.0005050676735179742,1.6652480691898208e-05,1.6550304905702847e-06,0.0019178187048597393,0.006045706653992742,0.022180110664616157,0.79856057489712,0.009802298570602505
5990,0.021303827370137064,4.115751860367579e-05,6.0719004320560795e-05,1.592116314861203e-06,0.021116563109893866,0.0006946469350779162,0.005932249778044147,0.9899774155281922,0.004873896047524012
5991,0.0003561743000129839,0.006448932131549933,0.0289536051769027,0.003460168220393902,0.3323935779334974,0.0023544079524072748,0.00020637245170914033,0.0013349352772772769,0.0006491862266710018
5992,0.0010257914338767254,0.8020351633013844,0.00922315546204753,0.0030591615667306176,0.001882350437575944,1.8470843357751475e-06,0.013396398547357335,0.01113732491427927,0.015207760137050382
5993,0.002054128180738179,1.40040458681534e-06,1.8546263151803037e-05,0.004179217519470925,0.00024235821967122422,0.9981379833449159,0.0021421017139940245,0.0014097052703087847,0.0007308647663833225
5994,6.077533221828543e-05,0.003974674330087507,0.0029566764820512354,0.00023933041369121076,0.9933316485215532,0.001184722160310204,4.8568502439894675e-06,0.023133994850803384,0.004315286842147907
5995,0.001286085239524697,5.862617900883523e-06,1.7960875020788512e-06,0.005679456372430924,0.00040267696256404565,0.9989841018256681,0.0005155048991031258,0.0007616059568941573,0.0011071607961446208
5996,5.427918286822595e-06,0.13880312664986505,0.6073247936177358,0.40933709636176174,0.0001399043511607952,1.0025245823870553e-05,0.0019649151571404923,0.00037779014913709864,0.0003244034891464436
5997,6.855205698984426e-05,0.9472720529024098,0.06789174715102277,0.01604166378336901,6.785256881390898e-05,0.00039209839398436977,0.008930260240997356,4.865371471426921e-06,0.040293586723984275
5998,0.00282243574330726,1.8149805037056791e-06,4.085348365717076e-06,0.006628402655867496,0.0013830894923422246,0.9963244548875385,0.0004493025999036255,0.0024830994785220335,0.0015373585845690062
5999,0.00012175401525676106,0.00035696435263870066,0.0036932757122489883,0.00014116363914175957,0.9659530124586463,0.0016882336979541044,7.510130690223725e-06,0.23916724407927473,0.00045606302009176873
6000,0.004435702052425947,0.00014051667506182651,1.0221177812196548e-07,0.0025978946402573444,0.0021707970368744366,0.9986547802681056,0.0005867122842614712,0.000996867393063831,0.001445837468884046
6001,0.0022948029180759745,1.6346902848211564e-06,3.6960615022368405e-06,0.009591526857652282,0.0005419943704311653,0.9981042887365084,0.0007158940585078077,0.003580645871814224,0.00014795455186402692
6002,0.011601938624274178,0.021919684008424194,0.018121119390752765,4.85813631238829e-05,1.006606652672922e-06,0.0002166455975233326,0.9749162115608049,0.011314599339596785,0.002194600045659458
6003,0.012758804472901336,0.0004752566519885239,0.002931990785416878,5.017558437330709e-05,1.0510069747234673e-05,0.007518446343872149,0.6856089395049926,0.03309905950293267,0.005986996912323096
6004,1.196406106872258e-05,0.500220310441994,0.3793722024684359,0.15614651246607666,0.0006138385911394201,8.92978462214118e-06,0.003346335677458973,0.00048071532588116303,0.000117918905002519
6005,7.29949248806848e-06,0.6673172956247234,0.39785767437022007,0.05825661933496097,4.538319518517704e-05,3.0306544792685625e-05,0.015461056053757903,0.00020955683008248662,0.00041508665610596573
6006,2.1606626819673023e-05,0.004542063139670857,0.0013515748683361915,0.00033273624439780883,0.9922806031585482,0.004775639980751127,2.344630353242305e-06,0.041228368356876835,0.0026969795394773755
6007,0.768322549828916,0.000272272510512817,0.0001321728938435612,1.2823472405276628e-07,0.0012994801087619497,0.022547312151977875,0.005231701129286925,0.019865673059239294,0.25219896313124074
6008,3.0637759176408666e-05,0.969693141727184,0.01776436988271861,0.04945411255825009,0.003450103079991854,2.891158969762805e-05,0.0014575332530108254,0.00018823271040396578,0.0006834651026161346
6009,5.778055612113509e-06,0.9601477353976083,0.02850261947443756,0.03669241055250745,0.000626456875105769,2.490657561416081e-05,0.0012558381617153377,0.00020962979304327834,0.002634740968950086
6010,2.222828493158203e-05,0.07167445711781681,0.8676942110414767,0.07009501280215058,1.3435464536833617e-05,0.0001356588296528265,0.06127674062343962,1.563055028879753e-05,0.004820026388499101
6011,0.0012428639805102143,1.0512204831600054e-06,6.640797716307815e-06,0.011711896180352096,0.00036980640088934497,0.9987241134928566,0.00042916499577180204,0.001579503509511063,0.00029492019340492234
6012,2.3555656260578866e-06,0.9869456319245546,0.02124799530381938,0.001653368043038206,0.008778793585542554,1.5374720303880922e-05,0.004088931380340376,0.0026904189805125453,0.0005991027640674306
6013,0.007596000845234601,1.603323648964452e-05,0.055259461845039805,0.0001973999015397066,0.012601033537506752,0.002197457876919055,4.863771456492807e-05,0.002724559549108724,0.9664154847934798
6014,0.0021587432828994993,7.398882228213578e-06,3.4512345174430247e-06,0.004855460688202194,0.0009954275800920197,0.9990160055987768,0.00042661036867073067,0.0005315820149507324,0.0017043968871577769
6015,0.0019885733758588553,4.945489474443205e-05,0.0002378377080166588,1.546265634834911e-07,0.09963364525254158,0.0015694382973422004,0.0011357436712043688,0.9980403896617291,0.0002971602840511206
6016,0.002954970914725463,5.833815483103377e-07,0.00021163004878079543,0.0028354939894242107,0.00022814108184727498,0.9933051708696703,0.002759549997528047,0.004348458903915464,0.0002492926643341934
6017,1.0248215551632965e-05,0.5393930713485142,0.019452693355818357,0.0008742627531772621,0.6011804647126252,2.1886636478170106e-05,0.0005228299638654149,0.0065503216883671805,0.0010033782975234628
6018,1.7938246614177813e-05,0.8573082306705873,0.08604954002224718,0.062011243624577994,0.002610423753078505,8.032451598514779e-06,0.004006719179241724,0.0009357127775433531,0.0001285982752656695
6019,4.9513002217058465e-05,0.0037875018237818773,0.0027762548343623237,0.00028162492259326775,0.993518890831458,0.001300756670943316,4.125982754345735e-06,0.02597290568414122,0.003980997905076933
6020,2.075345153412239e-06,0.00013979946086555722,0.4812247773183629,0.9783306407141761,1.060028127868495e-05,0.004530275574014906,0.0033011167137431572,2.498733195539569e-06,0.0014907368171173355
6021,0.0019179543073313597,1.1348207371966116e-07,7.353778264038215e-05,0.010762766749483689,0.00015613346567949584,0.997140730149317,0.0020349868228863484,0.003263782206650654,0.0003674750032340431
6022,2.069325247934356e-05,0.04726448943199958,0.36661274147337025,0.0005108241365264734,0.017046782292769725,0.00040624928057983196,0.0011566741671432525,0.002388110490317922,0.002894667290976783
6023,5.598686300961806e-05,0.5725671642581753,0.28302730703739354,0.03304500972390614,0.005741251568897139,1.0647724552581303e-05,0.012912814599925574,0.0003734306794102366,0.00012332722923736526
6024,0.03637991139917072,0.0004056333794817139,0.0006257186366161431,2.187359389458229e-05,0.0040964921382371225,0.05632632918441953,0.0001953093092081055,0.0010826809574289754,0.8887905701629664
6025,7.675057773335791e-06,0.9922312836383772,0.004132479472284441,0.012450907446936676,0.0014824486816678146,5.201235350796783e-05,0.0037107548084812504,0.00013662074319144263,0.001959189939520094
6026,0.015665251869257213,0.0017969576264473398,0.0033731527007593042,5.492973664354997e-06,0.01604776574548664,0.007353364486078293,3.5621494471266345e-05,0.001726595999505912,0.9936517838740953
6027,0.09383209721321618,0.000463083116152203,7.141364466312874e-06,5.074672157427499e-06,0.004300517212786773,0.002406315914611832,0.0041190687719288984,0.9203184044384841,0.01000451308555233
6028,0.00481147408682788,6.0959170867235956e-06,0.0008909786565974932,2.0183717283272587e-07,0.003102980056041348,0.0013384453445966218,0.0028246042536231464,0.9936061973703855,0.01522369285373954
6029,0.017224450267604524,0.006033233952921833,5.080473993692703e-06,1.290906850728651e-05,0.006851458399086947,0.5984292617231168,0.0008379282179937775,0.09194889639577551,0.0012308335849077162
6030,7.1562984715966005e-06,0.32180221306616086,0.648080655966015,0.0008042909043143923,0.008447646816995964,8.406938115463233e-06,0.03345029359738429,0.0049884976736530775,0.00030223750147188167
6031,0.002953799022345854,2.068949952436211e-05,6.085134222056439e-07,0.002969644536918881,0.000752574304777789,0.9981106033822734,0.0010064640067184336,0.0015085750263156429,0.0013852389941022513
6032,0.005348116678951503,3.273555757361393e-05,2.4357663114806972e-05,0.00042391639231234134,0.0011017508661149377,0.990010588176267,0.001183935950392374,0.001275407028528302,0.005546731751613855
6033,4.541656737745266e-05,0.31560162749137943,0.5105207699202892,0.01741942095521645,0.0001231264210956379,5.955885336781681e-05,0.04718121051297094,0.00047461932775312896,0.00015475219646472643
6034,0.01437844040713611,0.14285660638274988,5.3595625851473366e-05,0.0004129725689005323,0.1030978844522225,0.0008910800043631324,2.0434870170154748e-05,0.0022155355956711936,0.8686684541309122
6035,0.036815828111154636,2.101217294512054e-05,0.00019286758332010356,4.888291597995622e-07,0.002564289038696881,0.004823608108375817,0.00942869822265139,0.9560276823016247,0.0350262890589475
6036,0.032562221160369206,0.0005022926872303548,0.0008104446145018975,5.296007190373675e-05,0.0064517779060215075,0.05698281802013847,4.828479274028121e-05,0.00044048356953049474,0.8971240424902053
6037,4.523704496804225e-05,0.008785927729296499,0.003445306024989166,0.00011592879484462768,0.9796564027635729,0.0014356313679625185,3.6663832828973055e-06,0.02270516817533152,0.007098100736048002
6038,0.0011698586875035564,2.670498933448784e-07,9.926588332376891e-05,0.02889052720952707,5.0488525181238364e-05,0.9863439153222355,0.0038577946812835095,0.0032130054881151613,0.0002724984744183159
6039,5.262806836058821e-06,0.5061761268267058,0.75644677230658,0.002176123852437127,7.917434871066477e-05,7.9078644206748e-05,0.0034824147999113703,4.812011373412914e-05,0.022195980528324763
6040,0.0012231622078578124,1.0353155020958503e-05,1.0247057163955912e-06,0.004710734712602443,0.0003881666532531294,0.9988138827811857,0.000631087884415812,0.000635688051118081,0.0016836922195103796
6041,4.058214626621118e-05,0.8891068050278068,0.2338940914320492,0.010598212997548153,6.944562129980129e-05,0.0002581127873371245,0.016176850878449642,1.2897061186893995e-05,0.02100135303909442
6042,1.980719794203105e-06,0.2260659630646015,0.6766630659259307,0.0031236575408561426,0.018807282707106767,3.556492578444227e-06,0.019311743918665858,0.014462514486763004,4.570163814113402e-05
6043,0.02883278711707641,0.00019175665784733082,2.112735756101789e-05,8.839933359753251e-07,0.0164992269290578,0.0016041575982494061,0.00766463784328341,0.9894596273042543,0.005261475469346768
6044,0.0010957671903390888,3.542155546285349e-07,1.845655197103212e-05,0.015442798963107905,0.00016889654969287269,0.9978430093186833,0.0007218832576024151,0.002319575966240881,0.0003240584096488302
6045,6.117412099384924e-06,0.6108939280261977,0.2986908436572734,0.05122421907585041,0.0014116594254569587,7.669698844609901e-06,0.003986424893489959,0.0016088701963551666,0.0001178353046516345
6046,0.003719800743279452,3.07517222552245e-05,6.80967280888699e-07,0.0020547009723540623,0.0008811123472955098,0.9968652311945827,0.001311311657429226,0.00218801971712721,0.0013793032122336034
6047,1.31501566284727e-06,0.7671078603390973,0.22372213679109812,0.003291312677356835,0.0031831869695902676,5.697728681393632e-06,0.001983160468766227,0.0013881183729223502,0.0018464109475753343
6048,0.001961195852210931,0.0011842616671005315,3.621971502088932e-05,1.1981808979855386e-06,0.040925468219657944,0.008091355186329297,0.016200722796406147,0.9813796753292415,6.355928571255997e-05
6049,0.003227942036139112,0.006273498337648539,0.028721341592944916,7.375914745014004e-05,3.546229131886872e-07,0.00032736658690170974,0.9964800646024127,0.004723454943747756,0.0022612287830338948
6050,4.0488544703734465e-05,0.5045027738222836,0.6050622611924951,0.01654284697795888,2.4025605659206992e-05,0.0001398219879155218,0.05686964865751177,1.2173247752765852e-05,0.013609237239624091
6051,0.0021709671680504436,4.624504473242475e-06,3.0432123523302267e-06,0.003857401910727802,0.000463551074585027,0.9987244389343674,0.001156712641772852,0.0006297371939473931,0.0018925433444945702
6052,0.009709768303855957,0.006866676264741516,0.023327361937187194,2.810456799228186e-05,5.593185332658405e-07,9.173517163371646e-05,0.9982161663754839,0.017028668652498448,0.006169896142473305
6053,2.8284914110417235e-05,0.011562058203054204,0.006632359965369607,0.0006860628540131774,0.9673047250542572,0.0007183724092120912,2.1660814860058667e-05,0.015596887292415073,0.0019824712418000487
6054,1.2723496617579616e-05,0.554561693062976,0.3714505953706667,0.08652536686459457,0.0003228621050985223,1.1845008942816046e-05,0.004957565575176058,0.00017402965760148872,0.0010075415326943195
6055,0.006083632370032063,3.3305669455373616e-07,0.036849808295975055,1.2113716029614716e-07,0.0013584891383393604,0.0013179960921359615,0.018296888923886548,0.9786624537255189,0.053825295453659404
6056,0.5332885636688984,0.0016896548426541722,5.096407997532451e-06,3.381299254151992e-07,0.0011175880340404197,0.09611200313968382,0.004322855055666577,0.08387980812302435,0.34037367947306246
6057,0.002032177016565556,2.3091745313984472e-07,5.617252561496068e-05,0.008977912829658282,0.00021773780539446964,0.9979576329647899,0.0016081531760033748,0.0020691817541770383,0.00043119915044375153
6058,0.0005876479424688636,0.957874302462672,0.00878216872540612,0.025586148538834695,8.08684354958992e-05,5.220347458636346e-06,0.005397644812255249,0.0002867370623901717,0.04405159059704013
6059,1.834273703743242e-05,0.0008935012175937042,0.805405998839768,0.3128769878805653,5.287617263714569e-06,0.0011046251165675878,0.25521571784798647,2.552800325326579e-06,0.006302457823432072
6060,2.6722332202066416e-05,0.001284344921271788,0.0062073166401824375,0.00043965581083978676,0.9884363557260206,0.0020558148546189255,7.205499539732695e-06,0.04013313444999379,0.002150652370047966
6061,3.5798303782541466e-06,0.27775617247712836,0.6246532138727542,0.04719119012598313,4.1454176273073096e-05,2.3620059842686827e-05,0.014671724844815277,0.00019904738199264126,0.0005976350150877334
6062,0.7438676870235336,0.0040094596549696505,2.1977353710970393e-06,2.7940389973218295e-06,0.001240014314422981,0.10926453320978097,0.017178621854292413,0.027603381539903233,0.10344609823695695
6063,0.003031318878782117,5.311451887859849e-06,0.0014713927569272064,0.0008338208753408225,0.0007610521682641798,0.9629296914953671,0.0014600143416506892,0.001576781091246159,0.002200111035670561
6064,0.0016098427840014501,1.321927107836796e-05,0.005912263644284405,5.385972960229694e-06,0.004176395610659994,0.01635536543611063,0.012964185951922651,0.7878698467761377,0.00024320740023519414
6065,0.002018442319674326,1.1850854634454176e-06,5.057131787294589e-06,0.007188478804808083,0.0005054629662116289,0.9974990969464642,0.0017200090305823938,0.0026580767519387414,0.00012631022049512566
6066,0.0034982049684532212,3.6498964355980166e-07,0.0005297896512283395,0.003019183874625149,0.00021276401094491823,0.9847184058533157,0.0038197365399668085,0.0031375711060540545,0.0006981762840025299
6067,1.9210720242279445e-06,0.30743191665334496,0.25395046251568837,0.21217375446408637,0.00013662393557443747,3.0150385941653206e-05,0.001144208920126892,0.00019145068581782936,0.0006116774055955069
6068,0.0015013243596390144,0.0007214061082674534,2.439118198269562e-05,1.4817356009289128e-07,0.13966190629950814,0.0065098732558135025,0.00037599304327148387,0.9973554009329304,8.922572285082911e-05
6069,0.0001714997660934976,0.9675185431570054,0.0032257513108508392,0.06464807092513372,0.0001063544099119139,2.6506216054363463e-05,0.0025171405390000783,9.551901331915613e-05,0.023301062276672876
6070,0.8559512212112578,0.06109040575472795,1.0705653632388876e-05,7.4128831391082785e-06,0.0010286696098689022,0.00858556428162107,0.01118803470581883,0.001461643508905094,0.07233574040609533
6071,0.000160750082786222,0.8426059020934223,0.016891472720678345,0.08681197866560862,6.84613021000814e-05,6.687307256037119e-05,0.003103551885612444,3.913416960403989e-05,0.020295908254075873
6072,0.0001283422356920849,0.9923973470506413,0.006405715125116418,0.005584028876543933,0.00016531692999207788,1.151408939296244e-05,0.007696593968240383,0.00023950372982183484,0.11863206042343317
6073,0.007782093573465897,6.630308841538708e-05,1.1024408047829739e-05,0.00020155084152619033,0.0011886941046194293,0.9914389867616912,0.0017804217781636385,0.0019643158514331543,0.00348658303395345
6074,0.0013828745493171238,8.375600261564029e-07,1.4003867356127462e-05,0.006981631511268354,0.0002682456542616846,0.9988679267819456,0.0009309882239687766,0.0014385938626790284,0.00044582983417927054
6075,5.48381368485432e-06,0.46043544204889847,0.34845912920647454,0.24730332260475268,0.0001928119038837865,9.918719710613315e-06,0.0020912449182850846,0.00024639065140453906,0.0004956323024686741
6076,0.004214749337802807,0.0019674093650529777,9.486882227874069e-07,1.2324130400759485e-06,0.07196339202329391,0.00558173687765295,0.005782860699740921,0.9977599516676621,0.0002983338810699616
6077,0.009739312957567959,5.3465748545590926e-05,6.210730777859793e-05,5.00405705090699e-07,0.006103538518126914,0.0015126408828563215,0.007901612331625459,0.9902147804196223,0.009633850380543972
6078,0.00010541459233327256,0.9319114364227039,0.08451748224543004,0.01552789222570285,7.730260777374985e-05,0.0006295672575266533,0.006405771777369432,3.656953490948087e-06,0.04314345043444325
6079,0.0014716287379644016,1.5078116282648314e-06,3.5321537702461516e-06,0.009171565889095632,0.0002807516945119494,0.9978744011067396,0.0006609315623199068,0.002663226250769965,0.000627273642771309
6080,0.00011777650066188259,0.9064553489436779,0.08508083988030893,0.0038218337111871176,7.253893675524366e-05,4.747877743864821e-05,0.012953827374195386,5.631263345228989e-05,0.22832987688750336
6081,5.20672755547236e-05,0.001600594634347059,0.0072808865853656035,0.00032026177548485164,0.9933072074132699,0.0010083216988932013,4.946870218535162e-06,0.027875209084351114,0.0028333749183030808
6082,2.577336974173194e-06,0.21095719056973034,0.7921266529659883,0.016566872354600276,0.00028186953365453893,6.244976260867783e-06,0.0021804054538992227,0.0005922566309211058,0.001374113762960385
6083,0.002001277751742932,4.370704870386062e-06,1.978984114539591e-06,0.006600922717593809,0.0004328455043971984,0.9983981807924872,0.0007087550779691077,0.0019165058607425488,0.0006454766129967367
6084,3.2747952831684006e-06,0.6331266859627797,0.26409624263734927,0.03173260590020839,0.0003878199906315924,1.0362185016335967e-05,0.0017129608942025626,0.0003646467987614582,0.0009908280007934946
6085,1.1486746041627198e-05,0.5487748493525284,0.4087486058013943,0.0010328213302664196,0.007843072076027122,1.1533989215150095e-05,0.01590810774839853,0.004530036589937491,0.0003785381050936858
6086,0.006732863810156951,6.270595733760567e-06,0.0001184454215804737,0.00033266618531395723,0.0004510851175442035,0.9795413127189155,0.003087859499808462,0.0057942057796581585,0.0016126670373850544
6087,2.125391982259412e-05,0.3169919623377178,0.47833954652861577,0.039600957877181514,2.831582952794374e-05,0.0003168125428719028,0.04257575118323878,3.195643699335708e-05,0.0016029342746420473
6088,0.0001300250397418537,0.7461494365202859,0.2434167057370386,0.0002468513303633859,0.018373748475860784,2.0891137772243626e-05,0.03500745882281631,0.00011640326499852775,0.002559218561476413
6089,0.006340885655650486,0.0004285469116743413,2.6580428716516805e-05,2.768710874852284e-06,0.01206932773892762,0.006814033522328518,0.00039310611763340475,0.9857878837164595,0.0005493200428879488
6090,6.309563509318757e-06,0.2801495927960327,0.6392503807772748,0.15696548070015842,0.00024818868580903135,1.0642623600956439e-05,0.003667297775189844,0.0005557796558269075,0.00016541733680607777
6091,0.002474744339344267,6.427479295233973e-06,3.271774900843785e-06,0.005704566551003886,0.0008315386980709424,0.9410198431406124,0.0005091079464589765,0.039768806828928645,0.0010120100429971692
6092,2.689816449268487e-06,0.48860429083850626,0.11800618387729672,0.2990015011063645,6.0351376914428934e-05,0.00010015261798712718,0.0029783873563980646,0.00011374497641389883,0.0003863623850975049
6093,0.001180272929014962,3.0912784327844627e-06,3.1962741573761063e-06,0.0056458136499959784,0.00026284541342240237,0.9983029288456251,0.0010695380493963924,0.0007929586620525575,0.0012095949416433321
6094,0.14525415681096351,0.0024587664416586504,3.3192211110893797e-06,3.8673753859677305e-06,0.002996945710108752,0.0038533334620975924,0.006029091692837317,0.9169935811053301,0.00640614107945159
6095,7.989037387292822e-06,0.7578040607357619,0.2523420199092077,0.0011996957636147287,0.01282690718227943,7.339197362277056e-06,0.008408356134037231,0.006914088313371637,0.0001664527001163068
6096,0.00021238618325195144,5.7351051892607785e-05,0.013574102470347958,3.352123921725098e-07,0.049295406695067545,0.004924910451096892,9.440429766741944e-05,0.37304483421547796,0.11414975281184378
6097,0.013735998683276417,0.0017248832824561765,0.004180186068751203,5.485260305722004e-06,0.007906596429712738,0.007419819757092857,9.174233487671236e-05,0.0011453654777805484,0.9948992084134558
6098,8.467536137845792e-07,0.017353326448694674,0.02733460205695954,0.9855911052049678,0.00011516653888461841,0.0007442730198349244,0.00035304751389394747,2.1320867975247858e-05,0.00014606282197737516
6099,4.503540244737652e-05,0.00561140723184585,0.003663756292851986,0.0002949051899984251,0.9888324284746589,0.0009488270953605018,8.075446622872029e-06,0.02473141675166792,0.003336271106624746
6100,0.06802433903944649,3.3322461780280095e-05,0.00021080028871595002,2.0803985957940536e-07,0.0018152449593071833,0.009929144352008831,0.006184047566743053,0.748526984235132,0.2854669306472389
6101,0.002585131357313252,1.665592030464152e-07,0.00022058389322673067,0.005192871860556437,0.00023216060206204776,0.9968687200536374,0.002548717829745437,0.0020485783480461476,0.00033369095279565903
6102,3.471200734315678e-06,0.13640228561121567,0.7731309372110801,0.010663322950516836,0.00020708012113970238,1.5162353395778532e-06,0.0042871494471615,0.004699617909156812,0.005541645661981612
6103,0.011497650922332134,0.0003687905813906334,0.015639425819494058,6.010886532649053e-06,0.017530015583361154,0.004632842283224132,8.698175395283354e-05,0.0016472789721023757,0.9954851568897727
6104,5.256759127061968e-06,0.3037636782350106,0.6271501140889705,0.161963174831119,9.021092385160213e-05,1.1219868403808629e-05,0.0068448851888359115,0.0002944571447334006,0.00034941408926638474
6105,0.021907795886060497,0.001157340661215028,0.0016751283481093336,2.4992362848853066e-06,0.006010772969623443,0.009542874824905465,0.00020688917500481557,0.0026288872627618556,0.9922877092784005
6106,1.2665777028107122e-05,0.7234773000628358,0.21046616598917367,0.08728783146770307,4.6200279571884474e-05,8.197744953798701e-05,0.012199743196109177,4.9025895790213e-05,0.0013621996239382656
6107,0.002270224807850651,3.2742422283283564e-06,2.0795999803687925e-06,0.008570715644976358,0.0007514345780870856,0.9985480511720218,0.0005262196099906087,0.0023087334762232578,0.00017436390403307659
6108,1.9959632252941594e-05,0.6434535150000301,0.27966648882383793,0.09729393351838563,0.000521687947044221,1.7890407667327992e-05,0.004079193997664697,0.00010189839547814367,0.001038813782894971
6109,1.186350558865926e-05,0.5707730582855944,0.3274179076924371,0.02434941228023096,0.0032546367224795788,5.634600367411934e-06,0.016093764129459277,0.0011896149451515394,8.881577736920053e-05
6110,0.0016800374026772027,2.370412031631719e-06,4.0589055071296324e-06,0.006748783766491987,0.0004972737627331392,0.9987762755757317,0.000638749654068379,0.0009099111942803722,0.0007647285626995958
6111,0.0196629052782799,2.2730357837639034e-06,2.130254861773657e-06,0.0017709291571988877,0.0007930785939217867,0.4617867601325607,0.0063588907409506176,0.05936163539939169,0.09276934160864497
6112,0.03867091638897949,0.00015091241834072516,3.752545233772088e-05,7.382479550603685e-07,0.0014493671392685277,0.004662259472240232,0.005078287219946962,0.9503529333256671,0.0189368797204785
6113,2.300403318594493e-06,0.657717782493109,0.5238299552859307,0.0010251997887695263,0.00024272762549040628,1.6293297874114827e-05,0.0036646142065240666,0.00043548566774846654,0.019258947965944354
6114,0.00786296988444196,0.001921647830078039,0.007286209840701058,7.84602056686133e-06,0.009824367829345947,0.006747017607375127,6.015450088796668e-05,0.0015660710054251023,0.9934733260759002
6115,0.0050208478107612725,5.364232644042765e-07,0.0002531783138869482,0.001469892470400094,0.00019912960994483545,0.9874604448340092,0.005719641785036604,0.004661475372676634,0.0007378821422643056
6116,8.877214009195972e-05,0.9649797719065095,0.05483962934527889,0.01246056586125365,7.280005662713748e-05,0.00016045466777534696,0.007637747796908692,8.963111477546446e-06,0.032949298317860094
6117,0.002944290031676452,2.7241765037922635e-06,1.2706190737390907e-05,0.004079489612077581,0.0006678703504972088,0.9981777634319042,0.0011327416595675794,0.0006039002154866762,0.0016905764623551883
6118,0.00015185373690422668,0.9966319452122028,0.0019103664415014803,0.009301008248625182,0.000557094935541824,5.2303751014752026e-06,0.002974190932107002,0.0005829628309814462,0.05282845463608467
6119,5.1203076881872365e-06,0.9231131965253863,0.000784424653635663,0.46418118147318516,0.0006602656442175784,0.0008086780937165948,0.0007067029057956273,2.395409220716043e-05,0.0010597753767252356
6120,0.001866230320121286,4.111464861237736e-06,1.99895259036702e-06,0.007900311637678924,0.0006131861994764278,0.9988745548554072,0.0004385258761295386,0.002111047186654305,0.00021994941795554186
6121,1.2755734174189315e-05,0.4330931423731305,0.5408194472813395,0.14569620984949244,0.00043390402372349727,1.619677320639691e-05,0.002675074596388539,0.00024267349567302484,0.00035165971882959994
6122,0.14188003101357835,0.04546308270038679,2.0416887196521142e-07,4.612394139690779e-06,0.004730103515820873,0.029341343082609134,0.0008321307310256485,0.8405726620764192,0.006350212256418349
6123,0.013219920079934444,4.0542770595595756e-06,0.001672625439503652,8.7852458356146e-07,0.0025193917820676955,0.01631094560643765,0.021323005222828012,0.8982279415305227,0.018078344479916093
6124,0.0020729965198809023,3.23369051765838e-05,0.0003439680994606826,9.530449783684433e-08,0.026514258796258714,0.0008923904409566515,0.0010321111437001068,0.9993674307438041,0.0016291956529077656
6125,1.1678223893251321e-05,0.4716605474327845,0.4271775254348466,0.13344803483545942,0.0006041018555436805,8.815819894322522e-06,0.004058074408670769,0.0004938624152735603,0.00012953910010987893
6126,0.0001531744863403597,0.9376143184164962,0.07661410689059432,0.027407204205367287,9.476398730703954e-05,1.4596177743784232e-05,0.003436422350923435,0.00012002367251944107,0.0038606368827660887
6127,0.0002524822000524254,0.748570891668441,0.1552912184777911,0.0336017477717268,7.705452960179448e-05,0.0005270381004834435,0.00918288968309316,2.3936114049735535e-06,0.022097246267038455
6128,0.023646276572350324,0.018057714252201866,0.0007554406734820219,1.7390111586239748e-05,0.01414786079795969,0.00986408815304133,5.4685900801773474e-05,0.0005857091150908665,0.994039379553626
6129,0.0073180915428716275,0.008477452782711012,0.004426234256484688,0.0001773673982278007,4.557311787836929e-07,0.0004293642143638367,0.996013420323012,0.002619214200220885,0.002926905953144584
6130,3.647373042316433e-05,0.0153542387261103,0.7742355865653908,0.0523060945555434,0.0031127561305315478,3.2180575067656967e-05,0.0026579287134653137,0.00046215222764937463,0.0003561986414152821
6131,0.001477198544716771,1.2679664884504565e-06,1.1591031313498304e-05,0.007736863399184192,0.00035445682907997715,0.998675458867121,0.0007908797707521826,0.0008082063858970337,0.0007628302557213871
6132,1.0804062454694093e-05,0.33563591629019923,0.07078717005319599,0.00010669072363560676,0.5296345802696223,1.9071975892825606e-05,0.0002626273389457885,0.007637095550533541,0.002997225000973065
6133,0.013259826324789907,0.00011419324272406831,0.00021535049579377399,4.36328131790104e-05,0.00306677635782838,0.18384742391217518,9.415239414547245e-05,0.0014351589450142276,0.9241043557320632
6134,0.00024770696452258234,0.9535859893107433,0.029452821431444058,0.014259445707488577,6.822328008758012e-05,0.00022526226218656445,0.008292637060767723,8.504792749615675e-06,0.09378208509109252
6135,0.045126464698104635,0.003753663740323644,3.0063647849221535e-05,3.5740987151145878e-06,0.023215223252282473,0.020014745861204882,0.004364693232774149,0.21505017168674526,0.09537733081113067
6136,0.9010421564467983,0.00100151723747589,1.1759241852126498e-05,1.6643644073726982e-06,0.0029447651923516483,0.0037024181143350487,0.01864327610800318,0.2365380490127667,0.001001439917272144
6137,0.0006962109005768352,1.8997766634721738e-08,0.0007811081969548876,0.08899786800800961,0.0006260290399749642,0.9909225047051224,0.00036649605050741255,0.0006271606669760008,0.0005575023145100446
6138,0.01518115963425452,1.2407128765017636e-06,3.298097484424566e-06,0.002702688627397603,0.0001592051271499587,0.9593302681735195,0.016167047275524867,0.026229193043659966,0.011122708855586968
6139,6.177883161398443e-06,0.08448737354078804,0.8958527834791051,0.11639352108450035,0.00014720481059703563,6.879065396590199e-06,0.005313931748234866,0.0003661714187957158,0.000479804280337521
6140,7.306561836316514e-06,0.2895823199735688,0.5394943335979246,0.208064177064113,0.0001850045362722637,9.241169438967202e-06,0.00309195048285277,0.0002250965415915983,0.0006470279196652979
6141,0.0010321205935206203,6.521603702541934e-07,0.00013162545011016432,0.010108512554974221,9.60635174529527e-06,0.8349645855438353,0.15107870052439695,0.004077909273627066,0.00110235724259973
6142,1.0404439471502711e-05,0.3379717119024538,0.587720131610685,0.1304726380346111,0.0004424777629766321,8.50936062916777e-06,0.0050143855978053145,0.0004898072982763359,0.00014376578906026316
6143,5.23002902187515e-05,0.8317813628987676,0.11211856508015156,0.005162960938113553,0.0010196983899512103,1.2798938306911497e-06,0.02647329554580559,0.005950314430520356,0.0013591229256310665
6144,0.00012634809291686152,0.03330413042999473,0.0286452255890922,1.889221254129803e-05,0.0001537310194463312,0.0001477116168829966,0.9031957457194332,0.21017225661645103,9.53544734122137e-06
6145,7.052218893225899e-06,0.07847043893328129,0.8572564004356871,0.2909877172676457,0.0001975434241788276,7.4604705352008945e-06,0.0023891990631947366,0.0005380839098259939,0.00020186855824462117
6146,0.001016937274486675,2.427237362854369e-07,2.6624956781441e-05,0.02228213109393671,0.00017797981033608424,0.9982666318043357,0.00041814610241471185,0.002591146202708166,0.0002374203561892448
6147,0.0008549022559735437,1.8122478477006883e-07,2.6729752945033783e-05,0.022015979183868516,0.0002064624459288818,0.9981125912745932,0.00048409990567033196,0.002330476671703821,0.0001554330289612984
6148,1.1571948655865708e-05,0.982426879548927,0.01989372604025591,0.01138337166609708,0.00039980744454590694,8.432247814267565e-05,0.003921782817881549,0.00025162454082633845,0.0027589724370562165
6149,0.0047377542469166645,8.607449564444649e-06,0.0009515869722040294,3.3909137842917304e-07,0.0055174481977035604,0.0007686035122255225,0.0013179561854830906,0.9963046603717624,0.006041012522267481
6150,2.1128275624981116e-05,0.20912006839082947,0.006275842763480791,0.00047044762298250746,0.8508935705030013,0.00012445572322581318,8.823218937134283e-05,0.014687933451335495,0.0014590248877013763
6151,0.015479430701903468,8.650266641117842e-05,4.881201886750676e-05,5.824759191838369e-07,0.0036687422682709666,0.0029321049586649214,0.004615997859577223,0.9849878121103104,0.011365433920399655
6152,8.085462852420885e-06,0.5751141618600609,0.25195033796879807,0.20060787565917446,0.00040042814885351137,9.096634510268048e-06,0.0027340402031604902,0.00036707752637206176,0.0002681345096757174
6153,0.007022581067724028,1.91944543792882e-06,0.0017786037004571822,2.2356356921035775e-07,0.0020864856033345897,0.002531713339520718,0.0038305800612229556,0.9793189071109795,0.04197966132284771
6154,5.946248697181921e-05,0.7070160151694869,0.2611140908309786,0.02416441300100385,4.7964909629509225e-05,0.0004408439535204639,0.016663019119822237,4.1768608370517595e-06,0.03833262848191677
6155,0.0020374788497428157,6.382779778772835e-07,2.680478924907204e-05,0.006016118036865388,0.0003568783662931518,0.9987614708467183,0.0014030300539376254,0.0025797079920825473,0.00015266893648939955
6156,1.9525067844253113e-06,0.9808480498872424,0.016879981947152577,0.004343970095016507,0.012214710500340602,8.6740773444311e-06,0.001757354338108737,0.0025698732375362436,0.0004729768876048653
6157,0.013251014024207025,3.024332264743007e-05,0.002290556894145802,4.1193672159706106e-05,0.0008445029071599903,0.4431068908172779,0.0044120774260325785,0.05485315332969374,0.0020886846332575275
6158,7.376543905065002e-06,0.31024219831043526,0.8076902200707394,0.00016253734497029138,0.012795460135322869,7.938258126247501e-06,0.012367212403995602,0.0007553536949010881,0.004629594655301925
6159,0.40099010067253343,0.00010824270002666573,0.000142494426035633,6.171254846018779e-08,0.0007309479829514731,0.01307272585829673,0.026861853186456862,0.10850464049552593,0.628745806907784
6160,7.2458802513602e-06,0.5493191017886839,0.32726373254242647,0.04124511920725205,0.003393703487222598,5.671459124642443e-06,0.0038684325814073673,0.001893038220467417,7.147434529865271e-05
6161,3.2614998878659173e-06,0.7134791271362072,0.19656207515423962,0.023951078968589376,0.00045637186955544535,7.911006541521544e-06,0.002588421870075982,0.0004697297364598698,0.0015621590280270362
6162,9.974965723969444e-06,0.9010839761334131,0.08464269415755866,0.101480682161815,0.00013153885569397412,2.191614259027345e-05,0.0031103164776895846,0.0006574531529451864,0.0005852876848003145
6163,0.00018529412964383556,0.8726301808694229,0.0037799011794565586,0.15493894196481675,0.00010114900422665909,3.705068508381912e-05,0.0017799083197081816,8.804507394241307e-05,0.015148018625195242
6164,2.9661570967286913e-06,0.008624048341371123,0.029404336681077836,0.9649205143066125,0.00010126848515902932,0.0033272506719756695,0.0010372124607820365,2.7230172256888196e-06,0.0011856929340485947
6165,5.2044759953639885e-05,0.007909413974722728,0.003266859540549938,0.0002770269620851633,0.989159068268897,0.000747652019163693,7.404820992165771e-06,0.021864502622337568,0.003668609312329162
6166,4.0896436880256556e-05,0.003026247719147249,0.005106941641621333,0.0003217818041935802,0.9918356702245307,0.0014448244889777358,6.96458336362713e-06,0.029048850690116843,0.0030837607852211815
6167,0.1715623090135588,9.975424103514899e-05,6.877273036806659e-05,2.083280554982747e-07,0.0190651562443312,0.009246181925382303,0.03838905100636274,0.9191467275905711,0.015488379300206091
6168,0.9734446396161223,0.015027294089782211,5.50255035115685e-07,3.7490073663166445e-06,0.0076508180586609175,0.006977379377164591,0.0031439074576552375,0.010953794805052765,0.010948093197439373
6169,4.4977645650010445e-05,0.002846632134477555,0.004388631028483605,0.00032758000510308316,0.9925676812947004,0.0011261906002175265,5.398529979538713e-06,0.028035495857531484,0.0033937888942044488
6170,0.00038504535702049334,2.6009428610648585e-05,8.698328651118426e-05,0.0024006600413681452,0.00019860874652141578,0.5030143646643397,0.2560845198471876,0.00870578039238864,4.6913195596957186e-05
6171,0.0010654148342789176,4.0091700502417883e-07,1.2216602440829984e-05,0.01499829222793027,0.00021978396277618815,0.9978817937203929,0.0005733173877291368,0.0022349060854080474,0.0003568955801666253
6172,0.12971765544957592,0.0006135658558648484,0.002889144612113064,2.7717939429613287e-06,0.0017669536372291082,0.006664483255906695,0.0017024885306295172,0.002010318001743417,0.5936478173369901
6173,0.00012610378633875376,0.7895503379544997,0.014600215029758194,0.0003563383459818537,0.0007941876983507492,6.851446350364396e-05,0.10608008991101944,0.019338770940679196,0.00014056414158516135
6174,0.0036731624096478063,1.2586114254725795e-05,8.611265238734782e-06,0.0014022465009577987,0.0010751562132388837,0.9963283661887593,0.0007528410630656667,0.0016032325995396558,0.0015500625885616019
6175,0.014592899603135924,0.00016767054653897613,2.9373598068736402e-05,1.0620881916527412e-06,0.026593266053690376,0.0008574095999427575,0.005124585090527372,0.995082198180863,0.002505963808364584
6176,0.004590828228413167,1.3997681894360494e-05,0.0006384030959522306,2.3531097606462565e-07,0.010121453132531053,0.003343595842178333,0.0017760018408090824,0.9962410634835362,0.004883821016073355
6177,3.291624827470097e-06,0.21359699140316246,0.6275122924486284,0.14988862844393136,9.048991775109943e-05,1.4862505969268144e-05,0.0027187135748889856,0.000405225628468819,0.0005027995059096711
6178,0.0021943944175650434,1.331021338051001e-06,5.0239428997033145e-06,0.009113428965970715,0.0002513830829720179,0.9969878437843345,0.0010813301669105608,0.0033160124696805316,0.0009324684147168329
6179,1.719670669546367e-05,0.003486062142377382,0.0025975471472746638,0.0005382899687179227,0.9861352093889134,0.0027092141064462352,4.576328681141795e-06,0.032386765219311435,0.0029164314108061033
6180,1.743177315973438e-05,0.03426076419482096,0.9174156601505723,0.06885058472230388,1.0060834468429627e-05,0.00012142669013085093,0.07487663861221563,1.5769565805803513e-05,0.005509655051998354
6181,8.777104513216902e-06,0.7753253085318719,0.1710496221227845,0.02959256681022895,0.0016411327673326013,8.900175592628024e-06,0.004835780083284519,0.0006008672923637005,0.00026871992006911025
6182,9.970012477444926e-06,0.5176749130617276,0.36417723100002325,0.16790888816922545,0.0005358814899511017,8.1964225972128e-06,0.0031723215069053862,0.0005512779965496081,0.00012495606678216033
6183,0.004042580541708041,9.238921224898027e-06,0.0011080084886598389,2.082648165965979e-07,0.010351151116308455,0.0008419083792569179,0.004477286733695351,0.9981706662675035,0.003456934011828297
6184,1.2340973062296888e-05,0.38447910545007213,0.5580048990827117,0.001263868340975382,0.007108577568013903,2.2144463606359408e-05,0.014843096731586658,0.0031804004816868106,0.0003946145641127565
6185,1.3321878132001391e-05,0.8146059730820803,0.2606321434471815,0.031889802935588296,5.808712186666791e-05,2.7966301619203513e-05,0.008410981350853582,0.00018273850720768086,0.0006046053171017855
6186,7.656845676564839e-05,0.0001547932018054877,0.007226275016822743,0.44634990777028927,2.791197373088562e-06,0.05642985558325449,0.08722918920256538,0.00013983294822355054,5.232903574738235e-05
6187,7.465766510921236e-05,0.9290054853233107,0.07469363965615596,0.013995405352315868,7.58873804853102e-05,0.0003914958856486082,0.006119764237133092,6.63319556607907e-06,0.05076107797012782
6188,9.096129744337887e-06,0.5571007738883431,0.445683651937911,0.0009859679844942972,0.007838565077041507,1.0332285542929991e-05,0.01650638982293836,0.004359142923581921,0.0003015538737315617
6189,1.3815931064048057e-05,0.022399873278051957,0.9524170557730857,0.06688364623190084,2.8757392420583166e-05,9.272718171126154e-06,0.09618976471443919,6.315621338656905e-05,0.0029125536529172854
6190,0.022166931840524113,5.853917992327111e-05,0.0005471022967455201,3.890885749378847e-05,0.00023429272896430408,0.005846491102908455,0.5763773433885025,0.1820348091323452,0.003495550954515743
6191,0.008069964572652948,5.274325037874467e-05,0.0004020959114105588,4.9713875787178716e-05,0.0006846669026275577,0.9142094897219953,0.004445119473624731,0.004344896644075193,0.005363596095959038
6192,0.014493509219218648,5.9032262891609435e-06,0.1432281670273181,8.090934666409848e-07,2.6920630220365128e-05,0.00039767299096487256,0.7222461470448961,0.28932051083575094,0.10261484642321557
6193,0.02716949800849266,0.001705638702485057,0.0006354107948857717,1.4159376295862149e-06,0.007965907017289229,0.003795929075899573,0.0002506897554421935,0.013612870868629189,0.9776293185783432
6194,0.835008000087188,0.009179261780310909,9.796202252347441e-05,3.359934249836443e-06,0.00589585882348395,0.009054607492291391,0.005470577810713871,0.00042318296429102775,0.45740515519892977
6195,1.2689551683101578e-05,0.9516162845953918,0.07415001819083548,0.031021513058798928,0.00034244439775595807,3.3699066668556774e-05,0.0035183612857628997,0.00011026412146284743,0.002896891495013414
6196,0.03514520792119102,0.0005349828864678972,2.5959729785647735e-05,2.318294886885005e-06,0.0021549700845141144,0.0018735444797173305,0.0016501148613475573,0.88361816033317,0.027926782264393313
6197,2.3069393865723273e-06,0.06617514024912478,0.010856665090316207,0.9322832961444543,0.0002646582530969225,0.0007088766189907853,0.000869466753325098,6.87491412314752e-05,3.353459195158205e-05
6198,0.0014714874508351928,6.327608510388654e-07,0.014149441747860446,7.92593693295882e-08,0.00593034328655877,0.0006310211934759883,0.0050937245936554685,0.9979624877527505,0.007269655816127409
6199,0.17353110993554857,0.02331144569051905,1.2609892292642906e-05,1.706311178913233e-05,0.0026224439042378603,0.06259763868297906,0.004265097279099057,0.004105948822612158,0.5964357868061827
6200,0.00607223527760598,1.0717117390678052e-06,0.001237066354563071,0.0003901553986312544,0.0001750358013182303,0.9585543157341213,0.008574781173882799,0.010154345790146409,0.0005816351832509595
6201,0.0073362682181754,0.0012493696845127902,0.011265726666632102,4.740956878513556e-06,0.026636570861828378,0.0015302820462121992,0.0001760265842420549,0.0018390672246242513,0.9958602661355248
6202,1.5457027465771087e-05,0.7976740989564046,0.3273595344814983,9.37883505541826e-05,0.03429005069818802,2.880478420832509e-06,0.004821342307646038,0.0013473695269717147,0.0031373549458967465
6203,1.0106632360205138e-05,0.9491276192116126,0.027744420424438802,0.10404333224266914,0.000721694978311572,2.5121018100119187e-05,0.001632752419002252,0.0001965351644675683,0.0004634138499358293
6204,0.0011735803664395055,0.6177854605105653,0.06554917186961863,0.004391904597615875,0.0002953265468483338,5.822061241020228e-07,0.03369417331281604,0.0018089016650639216,0.05450202409906111
6205,1.46858461532634e-05,0.8453090474553814,0.09732536124228769,0.12104531255187621,0.0012850735511194364,1.110771983949624e-05,0.002538137108161787,0.0005597110606943092,9.812905126069581e-05
6206,9.814114818015323e-06,0.5638094670045611,0.2902428459249076,0.0022626184651469267,0.013910268188625797,2.204344153583101e-05,0.008918191154399764,0.008541510106597924,0.0001741401871035423
6207,4.9609642242140186e-05,0.0035576000062964843,0.0022254187067549318,0.00025411364605760415,0.9939773899933805,0.0014860770809893811,3.9382338508374865e-06,0.02691019038209226,0.004565270315996503
6208,0.02033536184267214,9.319579602011881e-06,0.0006980845306794079,6.38338084873492e-08,0.018592558395840692,0.013588727839079658,0.005505167665337337,0.9775049211917847,0.017608802752303986
6209,1.2853517914676537e-05,0.7732140787835561,0.21412347839321755,0.0007188382894468812,0.01570406284224841,6.234446318528591e-06,0.007165573067061233,0.00701629663129164,0.00026612155885126796
6210,0.21499903329347358,0.0007962458830618342,1.3525591327748585e-06,1.5384484545368245e-06,0.000719175705234462,0.16843002323017756,0.0036562067184678472,0.15965785887296408,0.36049178982131597
6211,0.004349315297732216,0.002824544973699862,6.118953424084198e-06,4.1846961895266913e-07,0.18347840959197928,0.014971937282433359,0.0006750609068932853,0.992423419620259,6.582871940878758e-05
6212,0.00015250063108783292,0.9188939960798163,0.050555400738133534,0.020907243244682214,9.409706465462098e-05,0.00019678428606964167,0.004969397800306471,7.444490331065433e-06,0.04935681571662842
6213,1.7070014136314979e-06,0.04495540963816608,0.28278536150865224,0.8578359538608733,8.180880359247295e-05,5.875912615924331e-05,0.0011302906456329943,0.00012381942220479606,0.00014126707799137615
6214,6.576994183797239e-06,0.9923329158170496,0.003716911807210546,0.018887235671322913,0.0035333149686898324,2.2606762319202812e-05,0.001907701001574303,0.0003318732621227325,0.0008297350901948285
6215,0.0010574793160033613,4.20080287528221e-06,0.012798635611425736,3.1224192339735235e-07,0.013428460550287633,0.00021739669472236142,0.001533634389686731,0.9917456578403451,0.02217494227336319
6216,2.165252983779558e-05,0.5864346603627681,0.24204819061897861,0.10273423903454193,0.0003674668378503545,4.470614043160223e-06,0.006237531256331508,0.0007678910363234712,0.001139617345004493
6217,0.0011884697034642033,5.253482280273467e-07,4.094226459497251e-05,0.012060481356935706,0.00011509413317190483,0.991573312948572,0.0056270648018742035,0.0018997236909692478,0.00016817728464397754
6218,2.731420445395328e-06,0.933102894414965,0.12057220816834266,0.0016229480967265804,0.0009242031034317203,2.448208411465078e-05,0.002761821509845704,0.0005414522208821876,0.0052873976695005515
6219,1.838077166362098e-05,0.9957833335291224,0.003435122491509183,0.008613134477509651,0.0015102029535817697,8.795526167844094e-05,0.005009167386981786,7.196821525751442e-05,0.003505943592839338
6220,8.637451393991608e-06,0.2587882873132022,0.24617996355811356,0.0019320957010668424,0.011957837559356057,0.0001491506482031499,0.003421176601934268,0.0031281667922352947,0.00035503913919969666
6221,0.002262100561238471,3.1539155462498287e-05,5.324386464642758e-07,0.003920999094251273,0.0011918504908436012,0.9962228393129907,0.0003478544187006567,0.00692503323321161,0.0006183510116497189
6222,6.741782686707297e-06,0.7796718144761943,0.21739310834307576,2.23577301275902e-05,0.08172764191764717,3.112303502697282e-06,0.0010095420898853715,0.006728257553030464,0.00811999579066443
6223,0.0005205091402729038,0.9908031555241722,0.013363742631855009,0.00531105803090593,0.0002093822763226674,3.2809001293294916e-05,0.0025934393105577227,3.207353308211668e-05,0.053122723403362174
6224,7.605019113155004e-06,0.6334353505895451,0.4128708009872138,0.0014909350120197672,0.005406858961925987,1.5065239800343693e-05,0.012557259883375018,0.003924163799044223,0.00024638752104266207
6225,0.04389634999890061,0.0012510021181597675,0.0016456721884144053,1.0649904031181467e-05,0.006141516280575989,0.015305020393278074,0.00024077781530256108,0.0006767833061282052,0.9603966224080033
6226,0.27948092026548355,0.008654892728155695,3.0874604543470605e-05,2.5030288163161304e-06,0.0022493630083203625,0.025700228832437683,0.03890748727936359,0.037923570040505186,0.17357759601029946
6227,1.2040771434868532e-05,0.32296879505934617,0.05455477059967699,0.5592039197078247,7.334732838563494e-05,0.00013160914566417712,0.0016910605867039214,4.927690835767573e-05,0.0005733526144419349
6228,2.6003449696041365e-05,0.1974631827855075,0.7372324987697154,0.09575906164727452,0.0009360256276846802,7.693402648375973e-06,0.009820192893957531,0.0003868545505078554,0.00017039232023727987
6229,0.001315040478251389,4.347443043257947e-07,1.9094475046481722e-05,0.011518070913202632,6.695109961681213e-05,0.9836376291086217,0.007049302982392103,0.0032644716361859972,0.0014688992856408583
6230,0.0007068409564225413,0.9611049964228552,0.006326304786450993,0.024381592918602906,9.557507153696748e-05,6.14412642038409e-06,0.004018221511297376,0.00031903739048021613,0.05150603507448321
6231,3.212698259185982e-06,0.9816785241168682,0.018371102120156517,0.0007969635369122127,0.018012969386509335,2.265133441048846e-05,0.007120629481380426,0.0019366978058735814,0.0011631453992045338
6232,6.966039809917653e-05,0.6496404391451602,0.13709727293721946,0.0712793111557424,7.617939441595604e-05,2.0302880835330625e-05,0.006734398071000486,0.0001259410323013965,0.008166225107915787
6233,9.429941983271015e-06,0.42555741471072456,0.5040670020140294,0.10428833871798494,3.2621553938413665e-05,3.6643050438043e-05,0.0179615752460157,9.410588849641433e-05,0.0007664702936510209
6234,9.635908004622346e-06,0.9253749945919552,0.06765323398083632,0.0004582094706747877,0.08678371563595058,5.106549266267344e-06,0.010142211861275527,0.002222244772549126,0.0011108964071013835
6235,0.001755868590823324,3.5719037267825223e-06,3.462680835471631e-06,0.006336208109136596,0.0006265163254276081,0.9991582673126438,0.0003789005351633833,0.000873348649822164,0.0009055769891667694
6236,0.8853132782768485,0.007344286528552313,2.232177501792605e-06,1.4064285304622821e-06,0.001722774226482671,0.07055648833252481,0.009110927744815906,0.010908701083598756,0.08876032494143885
6237,5.62665322882662e-06,0.9719068684861456,0.02972001804902021,0.010044230149863134,0.0013617825983343805,1.7852365067032883e-05,0.003342413988593346,0.0003268889927484563,0.001608015174025876
6238,0.0008180074452765618,1.351059987510578e-07,3.925908713508587e-05,0.018419450085897786,0.00012662619307157185,0.9977527046644254,0.0008101537048309929,0.0030451147290505636,0.0001845689474260268
6239,0.001445303527327714,0.9987819398995678,0.00028887392825826,0.004155206696138459,0.0001974091179328886,1.2562627066477744e-05,0.0028823476041975843,8.97402000796954e-05,0.50377828544991
6240,6.774451506949555e-05,0.48138475784021456,0.01655715160309643,0.2754987443018453,5.930537794515814e-05,0.000662025908840022,0.005717535975024874,7.249111603995617e-06,0.0640909198506218
6241,1.1880586058896464e-05,0.09506575756395064,0.883480423496865,0.0006982938507947634,0.003591578603788712,2.0041825871386225e-05,0.07419747230713139,0.0016390926326091688,0.0009739556147248016
6242,0.0011317272569352802,3.33584943784669e-07,2.016636549524562e-05,0.018768558600420652,0.0002562315348009745,0.9985003989706124,0.000382291189774803,0.0021889245016156866,0.00020303169057445385
6243,2.264547568747029e-06,0.769984578533008,0.13289991735044154,0.005648641693338852,0.02411437380759948,3.916128830412153e-06,0.0048855826486665,0.004905504760407586,0.00019628284212049377
6244,0.00011456039694431675,0.8767123877924343,0.11295094041434026,0.014026351108040593,6.698677508191864e-05,0.00015064966487313426,0.01291558889113949,1.222068758578103e-05,0.0958587476768602
6245,6.580375461137025e-06,0.9927061228477957,0.007218050617987874,0.003756797415488737,0.008325432722708992,1.672922545660999e-05,0.0034318008258894498,0.0006329381540259911,0.0009837917586060123
6246,0.017439768164759183,0.003400822946960657,4.017179491776588e-06,8.181315813006037e-07,0.14049470122350158,0.0329464382486102,0.0017935468217760186,0.9799237920690647,0.00012249069942113158
6247,7.127775347556882e-06,0.9853789756821654,0.007228201846160566,0.03341111058884988,0.000500556256403797,6.889698736277762e-05,0.0019612439969035017,7.882499801945118e-05,0.002293842094704503
6248,6.436584494279665e-05,0.012220816200987023,0.001959375331246555,0.00024855992621371914,0.9911608432528252,0.0008481028307483564,4.990474743426248e-06,0.019323453969073947,0.004450495297280843
6249,1.4741045608344795e-05,0.6887878614386467,0.28963725443959737,0.04081097088095065,0.0008068696307481158,9.711469168396422e-06,0.015502137786708213,0.0004644743150860311,0.0001306672787699378
6250,0.0053626452063239936,1.1983875463785623e-06,0.004789864454590889,9.469485138323232e-08,0.0024187611644694244,0.001183070530794317,0.005575777397003626,0.9913991148818945,0.03336062734061011
6251,7.438941927969487e-06,0.3349303558346997,0.6061725420933393,0.04593320550758209,0.0004268300944482854,6.364722071824702e-06,0.0052663933106569935,0.0005135810418066735,0.0005129413240255612
6252,0.012770826424774048,6.876311350316739e-05,0.01008260391583522,7.281799813079673e-08,0.001308780056017766,0.00034855140147954964,0.026163353385525053,0.5463774458859662,0.10950847559386621
6253,0.000879607253579316,0.0008324360299857078,0.041540033984145776,6.660156905707697e-06,0.35034246442368283,0.05966653571268994,6.171381612725182e-05,0.0012082994814648787,0.5942825431255729
6254,0.0036720255427437226,1.1448421120732803e-06,1.1125574043326462e-05,0.006691414792909475,0.00022472601651461584,0.9912461521019229,0.006959115981551226,0.006286096679270288,0.00032933766838732316
6255,1.3629602845958897e-05,0.09427432301694948,0.8763941745782788,0.0004296520469939167,0.0029117447218550336,1.4403162411119536e-05,0.11159486318422357,0.0014740728558748782,0.0013733280102582002
6256,0.0021025780960192164,2.0372816766623374e-07,3.267042883720464e-05,0.009413872982405019,0.0001753063913039049,0.9963210225367592,0.0021082829570196675,0.00436047115830797,0.0005448506839625271
6257,0.002362235454443665,0.0002577683691264109,7.943838448343884e-05,1.1097253702437189e-07,0.10582741118221758,0.0038848782496704146,0.0005278894699289082,0.9974710480100099,0.00020225304024583553
6258,0.009725944343800082,0.02769296290387467,0.0007987899839129812,0.0001931723660726679,0.0031725094585356877,0.016937518751960985,0.0011929488574499198,0.00032844470321097204,0.9390404257975661
6259,3.801970680065259e-06,0.7659384870438812,0.1635608659608328,0.07633035614383442,0.0002217679096762377,1.3724216083074213e-05,0.0016854407391726086,0.000288527533628801,0.0010371863248392526
6260,5.94558408213098e-05,0.005148223766275794,0.0017456236178312718,0.0002787855034206321,0.9945392268129095,0.0013875800444150671,2.8485543330893556e-06,0.02488199603880602,0.00469981559554764
6261,0.000499985368300907,1.1712750920367544e-05,0.0017774415476877004,3.783504738078878e-07,0.03992777969147998,0.01524323008123564,0.0012235514425330937,0.988601675086901,0.00010587811919663732
6262,0.0014857614424212615,1.843671049317699e-05,0.0007278235263614493,2.115940600513712e-07,0.018400700440869295,0.001560283063131836,0.0006652485995876796,0.9985490915345688,0.0012817917103413498
6263,5.276550604235175e-06,0.9912074170927103,0.008258581767583716,0.004214817233661327,0.010991586932769202,1.4407155587370208e-05,0.003134302857655118,0.000935795410272337,0.0007651778920984832
6264,0.05980840390171126,1.4592183479120266e-05,0.0004954188308322107,6.415162662767954e-08,0.002611671218676924,0.007641555955126839,0.012441632074533818,0.7262462185917291,0.38281538594135595
6265,0.01780391612210157,0.0034954380482393305,1.6838723170102088e-06,3.250419330180009e-07,0.12229498635453231,0.005331535529238807,0.004189758720074741,0.9967744068666055,0.0006329707524549258
6266,0.000719867530806055,0.0002389524216537139,0.0005181188566656691,2.653061217631881e-07,0.05492492144666317,0.0007490137793289384,0.00018375503318896394,0.976586852513592,0.029174235482482647
6267,0.004424576022274654,5.652251173338802e-06,0.003724340098691494,8.096452086390014e-07,0.0029541554881100333,0.0017719667674840592,0.005995375512688471,0.9167641127128284,0.10042198503758717
6268,0.0002183554246603031,0.1456574380690841,0.005648382430063789,1.58544042781391e-05,0.0004493726325523672,5.808388796654704e-05,0.6820326826807593,0.5458270274637942,8.448771198944053e-06
6269,6.803679129580713e-06,0.5370164589797426,0.41473806216868725,0.0010309748340690753,0.009762704729706646,1.2112318321506351e-05,0.012257139140043335,0.006055911809996403,0.00022686679470586255
6270,0.002934263695776414,4.168107986860513e-07,2.014071852058647e-05,0.0078040495641520735,0.0007606289335138375,0.9964418335935183,0.0019068493213849934,0.0029557537636570146,0.00020898759566488756
6271,2.4651629991984626e-06,0.6647510132680595,0.33516350038846215,0.03304649763266689,0.0005679690331562629,9.25760163827652e-06,0.004842730900739007,0.0010962954584570817,0.0003478605528953415
6272,0.0006489661519487073,2.486893270075285e-07,8.37189847861828e-05,0.019631384641268488,6.429508306914577e-05,0.9952015067143686,0.0024179786857086824,0.0018053683672247525,0.00013818132462160103
6273,2.6877081918385456e-05,0.9667384078609256,0.03738902977913344,0.022669129603445016,0.0008997010065310624,3.360064568203589e-05,0.010669775526869998,0.000386075091422668,0.00016689825246925304
6274,3.3518852093913018e-06,0.005159401290262757,0.9940977369476653,0.029595580156362798,8.972097165630906e-05,2.953599343320378e-06,0.00406037659445741,0.0007187023485811001,0.0010018259956071397
6275,0.044048539906486474,4.807052360135412e-07,0.0053584986770161954,2.791446684243314e-07,0.0005799451513923936,0.006999694232446226,0.009528267173432586,0.789216715235288,0.2527888214833725
6276,6.482748444961231e-06,0.9276519432926865,0.16835378641015988,4.309325434511969e-05,0.05718836982071508,3.1266216434930127e-06,0.0017271640085747063,0.003562239588860256,0.0034036564264067126
6277,0.11238123799917814,0.0003178378022143027,1.0300426313215557e-05,2.7821431225562905e-06,0.003954524367485002,0.004411036369281288,0.006947590192063762,0.8987663226990955,0.016281577631987374
6278,1.3350100434220705e-05,0.5387866836915027,0.5399456683460426,0.07431965116304146,8.915175430499627e-05,1.7053386554774373e-05,0.010704162382954697,0.00018746029976722403,0.00046578055550489816
6279,0.003169066508143801,4.214011817519578e-05,0.022278285982670423,6.338217653917235e-06,0.013134276117131452,0.004759439575458409,0.0006725819685240961,0.04102787140326102,0.8431754868495686
6280,0.00307322760231257,0.00017049108545857898,7.970212919839209e-05,2.3798651759124356e-06,0.009642039340955616,0.008391582863017638,0.003148616247834696,0.978133810675751,0.00030201784433597865
6281,0.6724121567219146,0.010618205191199671,7.641555720597625e-07,4.5537107606748705e-07,0.00383392645257336,0.10455226083618943,0.00518933716180982,0.07274492200231841,0.2935076350956397
6282,0.0012566856482091207,5.238694260742407e-06,2.2264947286306035e-06,0.004718872990393967,0.0002526358972036197,0.9978254124661096,0.0015028086873214745,0.0006640955080062172,0.001844454964187513
6283,0.0020093775194025697,2.4199406503383334e-07,0.0001033948605840928,0.007985050769139593,0.00017743431587236374,0.9965612426502096,0.0024651255008464367,0.0018685898089134713,0.00046938098514195535
6284,0.0032504630838044975,1.817615968714998e-05,4.143113508649474e-07,0.004028516198051925,0.0006805379254357756,0.9980365417033387,0.000700971138418332,0.002096569242865733,0.002497748312163786
6285,0.0341569156818465,4.822455475156491e-05,0.00012471665105824107,1.0772776170891331e-06,0.005579974488775117,0.00280533840107379,0.010440483371171936,0.9815522111197894,0.0068342829679979
6286,0.05000386977305178,0.44017980553988156,6.952729665621087e-05,9.451218933455073e-06,0.000688907617367787,0.0015361138720860468,0.2298307162333738,0.012474848527344928,0.0814272188058109
6287,5.103359763152818e-06,0.9888612812702448,0.012703371846243738,0.011571761454103482,0.0008671932535410497,2.485606963362241e-05,0.0018891668371254242,0.0002481698220271051,0.0015584593152068932
6288,0.002130054567230496,0.0009934914767242545,0.14327511832853104,0.00014352128593126805,7.226273083175265e-07,0.001159772927951511,0.986977185736418,0.002798695674450322,0.0006042109257936852
6289,9.68514453038585e-06,0.9384952189512302,0.04468423227130642,0.042139521653700926,0.0010941390976601077,2.1194566240327065e-05,0.0018993986951267887,0.00020746965906166966,0.0016089016367965556
6290,0.036321863978315286,0.06445600064635032,6.788455600730997e-05,2.9905082758137903e-05,0.031618057756756385,0.025205679875169557,0.00018596806786096859,0.001209531921262742,0.961334083497259
6291,0.002590204127424659,3.1983272929894173e-06,3.528291379943451e-05,0.0019512001308480396,0.0003665005240754184,0.9879636721617812,0.0015963031154676186,0.011255104211883422,0.0003475379442258373
6292,1.195520118677918e-06,0.018300731910463757,0.9728148435874143,0.03408739048119872,0.0001410153870161366,4.795468068284771e-06,0.002062402979895381,0.000869134806427226,0.0005834368701894135
6293,5.519942091426259e-05,0.20208228621884203,0.879927624321673,0.02186735379855544,2.1559945961355927e-05,0.00012425648317856755,0.06791598222768996,1.5293722088303275e-05,0.006234636497162956
6294,4.438590130365839e-06,0.0013664094262393275,0.41525273156766285,0.9536819540076183,1.4130297855262454e-05,0.009296296559072012,0.0038206065465283584,2.3246752566621646e-06,0.0008187402343274064
6295,8.298651988414108e-06,0.9103500983936788,0.052683051565726426,0.04290498481454651,0.0020044689185783667,1.0715303443928833e-05,0.003811077306319991,0.0006739552919747844,0.00020241552144864558
6296,0.001308754216488213,2.0937999725642859e-07,0.00021013058432858687,0.014691762861754444,0.00020700096201696914,0.9967542135721797,0.0012870664639263508,0.001451923683376411,0.0002830077087249286
6297,0.004467139913422397,0.02320832220153637,0.022107394062851827,2.3072322747120315e-05,4.472948778475376e-06,0.00012244055093369935,0.8857555958380943,0.025726705536926867,0.0009767112268560673
6298,1.7861774902160567e-05,0.01609780844675606,0.37545506631773673,0.6199307792698273,2.1612829565125143e-05,0.0026076892615726896,0.009094705366529565,1.8291006593826263e-06,0.00594598057884043
6299,9.123601141547123e-05,0.9109478868865244,0.13452802224540078,0.019582508716474923,8.923747326087382e-05,0.00019898303760976742,0.00834048974009325,8.741822604165028e-06,0.017584372452377962
6300,0.09596544596654316,0.00015330687663090654,2.2204117188788305e-05,8.547039729259608e-07,0.00802958380561148,0.004975906501333067,0.012532335133960158,0.9401050592389314,0.019740938710124997
6301,1.370165879217147e-05,0.2552150072725572,0.7245557649124315,0.0015998353907512427,0.0031571782187820255,3.7074211577314694e-05,0.037055110471497614,0.0017850935866561056,0.0006268205745265518
6302,0.003634448200758954,0.005094357452886228,0.00029001725826536504,0.0020031372153727607,6.937223655875791e-07,0.004861561243098218,0.9854950826056316,0.00029165407719011565,0.001538615282097727
6303,0.003785279646069414,0.00043498621925109807,2.9210329730699318e-05,2.1028795565411673e-07,0.0767665226157822,0.002206859970148916,0.000763673202211205,0.9986671274379171,0.00037034340723933506
6304,2.2951974593258547e-06,0.9925153566264848,0.008132944280015961,0.002863126256419015,0.01882189666513841,9.365764576923047e-06,0.0026247720508397886,0.0033043528024020124,0.00047981479372981973
6305,0.003518819923522258,0.0012697243440109014,4.469173165727118e-06,4.6416164406421577e-07,0.09638653514763369,0.002030569779537108,0.0014255102986811818,0.9988063728569048,0.0002758505303704814
6306,1.2794748149457118e-05,0.00040905910146680157,0.0038051019869421283,0.7749094102895328,1.045107065736117e-05,0.020114595403833084,0.007757236490333771,0.0003438381659061361,4.2827991674869055e-05
6307,2.2469702998887864e-06,0.9132969799984509,0.1318890121528851,0.0027269277849309133,0.002096189760611295,9.26430708469307e-06,0.0038392071188106786,0.0013668792485327565,0.0008648603941251369
6308,0.002501181453224532,3.0947205119662346e-07,7.310636278268685e-05,0.005499833501613889,0.0003095748779529128,0.9982211562690656,0.0016679766198014262,0.0017387544468103187,0.0003913308386031179
6309,2.3889449378776393e-05,0.0527124703167122,0.8265094633936722,0.10236795203070287,1.3331624381060435e-05,0.00020901775399634562,0.04592039716595311,1.3614430608180161e-05,0.004930272206442656
6310,4.672245588443926e-06,0.07252803762150421,0.02804893989391767,0.9169575018106548,8.246369167955216e-05,0.0002777500355272449,0.001284825676530132,4.431368301900199e-05,0.0006280063714762924
6311,1.7199468083547728e-05,0.859808620105962,0.1352527493835779,0.0015301930472641377,0.009139210896431025,1.0158180345686168e-05,0.00930919054842956,0.0048252141714286234,0.000251357501944833
6312,6.449581747409962e-07,0.20238991963745417,0.8034379279680405,0.0009577117960556708,0.0034790752411231617,2.685992948457222e-06,0.002035513288642201,0.0035793185020330897,0.004046321140567988
6313,7.018552006706643e-06,0.8964519901904732,0.21636542674954215,0.005902909206386422,0.00012863603518516693,5.184199465665822e-05,0.002849832630995862,8.689907443315778e-05,0.011361609517736546
6314,0.004956918809712324,0.00020591628638868645,0.001022226596283141,0.00014904671857049378,0.00014782889847488512,0.6463887257131616,0.017658080401124487,0.005977365419273551,0.0007096390154536841
6315,0.004780600186772235,0.001141243709925101,0.010655152229391063,4.187179016366829e-06,0.015217470687402488,0.005164131982442068,6.123689784599304e-05,0.0032635120353293866,0.9936774194859541
6316,0.8232284885349994,0.00931894175570587,8.933827412982339e-07,2.2092473042181047e-06,0.0017307209775990543,0.1285944829789501,0.007331005235782177,0.014261574627071222,0.12867192303434433
6317,2.9514958493612546e-05,0.4602155819663772,0.3342908283068624,0.024513966468023268,0.01081218238535406,9.405706381218849e-06,0.009150631270640473,0.0006305586484060076,9.170184433873456e-05
6318,1.7019599075644883e-05,0.3931293637837074,0.4632884017799934,0.12994112758731394,0.0007043316324500684,6.916356946618285e-06,0.005496213586830522,0.0005542057116160515,0.0001840998652603422
6319,5.373936002602949e-05,0.00478451223830254,0.0028633797720995957,0.00025853548919558097,0.9924390256957121,0.0011012766939399842,5.124218293284477e-06,0.02385240343960668,0.00408473936360374
6320,0.00017492078664445496,0.9233018829830949,0.13994268591760023,0.01675175601901064,8.770079431932714e-05,0.0002089506633809863,0.01006545524249249,5.347527846975126e-06,0.013764042261069852
6321,0.042225294494447986,0.010926955627136536,0.005428800772596971,7.942619362457636e-05,0.007292871892577653,0.02023753433565664,0.00032152519078738434,0.00011291162092365905,0.7323853174689625
6322,0.0005995220943745997,0.963199928675762,0.03175747953268411,0.0067475542483143485,5.665276714179843e-05,0.0001224047259617592,0.012257082782078054,8.664258340608551e-06,0.15543658566342916
6323,0.016080071505469234,0.00017892200198340807,6.303712590925568e-05,1.0289534894004928e-07,0.06252568512050148,0.002903707890892803,0.014327366196142553,0.9882217053285159,0.0013735436571354015
6324,7.017117246379962e-06,0.9863317437190677,0.010021287658795145,0.02301137206017784,0.000956064520019099,3.244585479077892e-05,0.0028336026754227535,0.00025638849494007896,0.0005821527590591145
6325,0.001199347364191466,1.521176809691189e-07,5.708828359091178e-05,0.013796158809992784,0.00012936929150060884,0.9974658218758387,0.0017038550764212007,0.0027827810540338557,0.00021210219259198214
6326,1.2698127289997645e-05,0.8856173237945216,0.11503786687949179,0.04733215764833444,0.0015146884017086916,1.571942464722271e-05,0.0037884076940289287,0.0008112639761760133,0.00010331584651046658
6327,0.0012155119239273958,5.438332813606821e-07,2.0689864951109415e-05,0.008425637678861201,0.0001926724058068872,0.998525709611774,0.0011729519799422807,0.0020686076329297404,0.00026529134736400314
6328,0.0010906548242173245,1.5150858869749418e-05,0.0007496194364365951,1.3988700889498546e-07,0.02359408305057949,0.0027917865715670945,0.0007205077091643295,0.997442249789247,0.0008446425666218057
6329,0.0057722379680769185,0.00015130391867521656,4.579885142678047e-05,8.442633245084765e-07,0.016641556349384735,0.0011709313163189925,0.00270433964732769,0.9982600837922307,0.0014080564083482953
6330,0.002148174005555408,2.7546371639747664e-06,5.659889049066182e-06,0.005505108408828463,0.0006189428204959231,0.998940477416194,0.000509891026370175,0.0012892037868498284,0.0007853693091874342
6331,0.061620746382868394,0.00014466712955216524,2.3633993868426735e-05,1.6985171659645776e-06,0.005262090426681209,0.00344921848874426,0.0074776890987551334,0.9495459455582183,0.015019695653394729
6332,0.02185316501428062,0.016823285396670568,0.010492784587485057,7.415639518415463e-05,4.483262625671383e-07,2.6697395064951275e-05,0.9968356326205092,0.010831446026856812,0.016064587765116226
6333,3.2399506699174744e-05,0.009551751312816254,0.005705973645768428,0.0004540013962848565,0.9805225236938725,0.0004905439486739494,1.467080935450467e-05,0.021531778481170306,0.002648247984179217
6334,0.00010551091694337043,0.8499806747707453,0.25850555520192225,0.00020973422019409502,0.0021938847509004092,6.665036866334441e-05,0.027493317178002817,0.0001418240282943848,0.026505116363059574
6335,5.254735102339307e-05,0.3583695365608602,0.32539129779597126,0.06635764607938595,7.743203253115609e-05,8.574441569236248e-07,0.040733313466032976,0.0031443560779466843,0.00455334761369901
6336,4.363497903441962e-05,0.5765438518320963,0.42316185526740685,0.0005689030263580505,0.006234361208354803,7.265173056790378e-06,0.010308664589599179,0.0017167265040128905,0.0015150281978250253
6337,4.354231546529193e-05,0.00033000090039040416,0.009857922375953398,0.5283650421565904,1.6835359954386975e-06,0.09992340524652554,0.057842574777269756,5.813511099843164e-05,8.636623035269646e-05
6338,0.5938679760920372,0.20444452357418216,0.0008211842254897325,1.6560356635881e-05,5.0299068481578185e-06,5.723455951204318e-05,0.8801685732080142,0.004235547897123899,0.0008545258560733048
6339,7.271380761153552e-05,0.8382401581286094,0.07590708911383127,0.016865908326372202,0.0030404491069883073,7.4185567787530344e-06,0.02577652677361428,0.0011244088147277253,0.00014755234777076093
6340,0.06059379132858192,0.04262131922306157,0.000985163240570551,2.5099016291922364e-06,3.1319530025275603e-06,0.00010385764209227166,0.8265336981835222,0.01608025727861818,0.12462827002683052
6341,1.009685810824002e-05,0.5141625448791666,0.4156865494392867,0.09003326953446654,0.00042494785296814133,7.696349297564999e-06,0.007626920295585096,0.00046596831567675116,0.0001413983039236458
6342,0.00012225084736422454,0.9264339524070283,0.09308912420419443,0.014954689660230771,9.630340146133548e-05,0.0002255924592110885,0.007991558795517257,7.946013872462905e-06,0.044367118463005624
6343,0.004124690399137628,0.8893006383840214,0.006362545606957882,0.00037972368047122244,5.993595892815732e-05,3.8215835566004624e-05,0.07658973582247355,6.99038693123463e-05,0.8572742590132257
6344,0.0010445206339897376,2.065131027189837e-07,2.6457012240260378e-05,0.02027879660582947,0.00024089619277682515,0.9980747959018283,0.0005334755393093496,0.002039599111355499,0.00019872412812226267
6345,0.0018327142312795379,8.811043091563105e-06,1.1228968744668282e-06,0.005780756237335677,0.0005031330224199851,0.9988499228596598,0.00039688308069759715,0.0012581382654525421,0.0014033422638151417
6346,0.558655009211575,0.04552322723554349,0.0032668178731207285,1.566967957586651e-05,9.551493323246218e-07,1.644947061644333e-05,0.9978868872601312,0.0015922547970133834,0.0012679646847301663
6347,0.00012490143552397302,0.9433095365076423,0.03757546084079793,0.019250566705634044,0.00010077608730554376,0.00019752406287092426,0.0048969817225606735,7.414841653235164e-06,0.046165014742864316
6348,5.911605550923482e-05,0.0062443337875367775,0.0018400218758327501,0.0002972658476072656,0.9935602269257781,0.0010353753726178262,3.50892150259037e-06,0.022075301970546683,0.004800878108058585
6349,1.796746966001359e-05,0.9350765796023703,0.061373817155751687,0.026890195793382362,0.001187136113985885,1.3109776874176864e-05,0.013994745404265957,0.0005852294981703236,0.00011544174959303934
6350,3.545188316836791e-05,0.24072945211510777,0.6166798085866618,0.014325065369039266,0.00015712329412343663,1.3899220246882295e-05,0.13372187249574818,0.00023670893457085042,0.00047301823905417627
6351,0.23120334831461106,0.0004737305226734591,1.917132944123128e-07,7.040361213124102e-05,0.0011877785012367112,0.7883328328406406,0.005792442489170854,0.010854593844661661,0.08748892565880687
6352,7.335048318905787e-06,0.36345281229419235,0.4870853273257963,0.14681150110915653,0.0004081797411784902,5.910901758879145e-06,0.004332602544252049,0.0007751257161595843,0.00017432861070820543
6353,0.0024030051867879017,5.890016644024981e-05,0.00014334236060662163,1.9135003597643052e-07,0.024536091908729466,0.0008665174506155191,0.0010779260475550193,0.9992635232847381,0.0015100753600578883
6354,2.479174359454976e-05,0.6320826474311805,0.2618830324579511,0.0850667038839058,0.002229948211416809,7.764142731699063e-06,0.004891426481951948,0.0006382780932240036,0.00011181318971639625
6355,2.3862119356804066e-05,0.2437073956724321,0.7351471793201645,0.001226325795633383,0.002105386827023194,2.2512811158184886e-05,0.016956982862161758,0.0015167172469274404,0.0018400098384826365
6356,0.025804794499008656,0.0011319383006145706,5.650204806724367e-06,2.9776561570626626e-07,0.06567737536350683,0.0029586175652213196,0.006296490854412877,0.9962042030806803,0.001627437715738413
6357,1.9052882631431704e-05,0.9667655286650217,0.023124983587735612,0.058158579308977595,0.0002331642282089269,1.9337801112882477e-05,0.003711921422163344,9.928380551967586e-05,0.006448626820987029
6358,4.5935458067716196e-06,0.08689608101869695,0.6449547724463018,0.48333756445108667,0.00012096435695737633,1.5545403953541113e-05,0.001911358325194793,0.00027634274033464825,0.00024264891129030015
6359,0.0022208708636198217,7.5543704372533e-07,3.7705997252427703e-05,0.005134834468225728,0.00039240301503281477,0.9980689118872772,0.0013836098669253293,0.0009501631921483171,0.0008099888093106683
6360,7.223466102221059e-06,0.4741675833627999,0.5275123742505292,0.00615016171841803,0.0023866467303123133,6.761190367013965e-06,0.042594933065083065,0.0022496061953202733,0.00015818378651214607
6361,0.0008823450076919015,2.3230577651895582e-05,0.0005817968677135911,1.1720352623548768e-07,0.027948128610536662,0.0014583207050269922,0.00040773077510223514,0.9991102560311216,0.000687123988150915
6362,0.0003497039302799469,2.2985399596576596e-05,0.00048521024897363075,0.0292581000438192,0.0026674736330749758,0.9851303866984759,9.803406279878613e-05,3.0938299195500367e-05,0.02325525306507437
6363,0.1328436533931621,4.725764383998441e-05,7.643372732529638e-05,1.4191556137860778e-06,0.0018670428947391462,0.00553992882265886,0.025493388353949473,0.8351250591200637,0.04651381008349601
6364,0.8892223022567942,0.006066737830909405,2.2782119544886055e-06,1.1520740554757978e-06,0.0007892695930854812,0.04703829350933978,0.02621587583319359,0.027707321022408967,0.06091413151051027
6365,0.0018089635168615486,8.775428516812778e-08,0.00021322329261058473,0.01010372125642743,0.0001938037364559051,0.9974817579528205,0.001813104867374801,0.002366016912785807,0.00020941175346955566
6366,0.001877761636827875,8.142332514250688e-06,1.5080055378874642e-06,0.002940697675511221,0.0004530529432059878,0.9984794532353057,0.0012810837566148343,0.00106122921235328,0.0015752832903533627
6367,0.0014249179178258554,1.907908933136304e-06,3.881309499882902e-06,0.010325108517025063,0.0003699609450310466,0.998579516237357,0.00042625695349823633,0.0013821561315761938,0.0006686852630748172
6368,0.0009405319450467752,1.8813894044208106e-07,7.038396100941383e-05,0.01523114378338029,0.00010665788550625607,0.9967154112505251,0.0018027195326724523,0.0021538243426017646,0.00018006562360775585
6369,0.0029095445876926715,5.32163017824442e-06,1.2346074692665562e-05,0.0021116718082672082,0.0008335461907224648,0.9977842705176178,0.001071542359236316,0.0007112270798747055,0.0020876571350943447
6370,6.264442649326952e-06,0.10051708235274677,0.8029168345877951,0.15026619004344263,9.326167073062882e-05,8.611009116057557e-06,0.011094525116123,0.0002444907370261193,0.000460755985965555
6371,0.013651244090306653,9.890655094736694e-05,3.912090416246029e-08,0.0012331207383052467,0.0016286027839902296,0.9927978507772278,0.002752281109609099,0.00830196442180715,0.011321966602856075
6372,0.002128707641700676,1.8884093406331226e-06,1.1452839095076004e-05,0.004942605821840658,0.0006591633216241481,0.997789776749658,0.0012423847608916466,0.006071994516481221,6.746768921003065e-05
6373,0.11278790610286912,0.0013667084191156368,3.6343222591563766e-05,4.249267933223854e-05,0.002765460775275739,0.12753343705725825,0.0017003182709777608,0.0017426323915511936,0.5627175103975977
6374,3.238553043576787e-05,0.6037045702216476,0.36598827993516686,0.0008400551439603377,0.003812025567745464,1.3738561482183916e-05,0.00918563617796985,0.0011812402489311943,0.00132046832611565
6375,0.006768339414945324,0.000563026868766711,7.782803694185868e-05,3.0454122604523515e-05,0.00260499500321851,0.6723848216857914,0.0011284418508114397,0.090137629771551,0.0003404781103684558
6376,2.442470595396823e-06,0.3499039842315813,0.5152259752486616,0.07987933476476769,0.0001074102181990111,1.6481448245877922e-05,0.0024110801485862803,0.0003371370023102892,0.0006409752780662807
6377,9.931312613839089e-06,0.7242831194487375,0.26671675437256726,0.06549925720285378,0.0004691951363531637,1.2532013774544056e-05,0.007038448469707654,0.0005571482151828015,0.00013753238493223723
6378,0.0166326274886109,0.06013029190559439,0.007208914770522988,5.1469351450359576e-05,1.2395656743096614e-06,0.0002348600756801282,0.9140819590264204,0.010522004692683416,0.0017164601881524675
6379,0.0015275922826078064,0.0003873350197111553,0.0017182913068548172,0.00059221327629021,0.007012933217308395,0.014011594300046153,0.0026553883606537996,0.07682265955527946,0.00015973293851727352
6380,3.638727332461778e-05,0.6245092827902741,0.2872840440014665,0.05151871935505656,0.002823916604278711,7.721086050791541e-06,0.010866172721244523,0.0003748722790452564,0.00011982555615428548
6381,1.2224686320950648e-05,0.9925823193949098,0.004558778111279911,0.022089590161385987,0.002156839018674358,2.3047436315464984e-05,0.0014411431298570298,0.00015120411521949627,0.0013123278829133118
6382,0.10373024068684651,0.0006757803381712131,9.774749130643022e-06,2.5719706162585643e-06,0.009506190294176707,0.0013257183985564865,0.0036379022526188704,0.9781779371047997,0.0010953232299086393
6383,0.001718369891044221,0.004522976366779005,0.20273331365827282,0.0001450877605816734,1.0516978354514043e-06,0.0010586752487142556,0.9741579840514344,0.0018034603741491542,0.00025979776031174594
6384,1.792846701428997e-05,0.5231130771441442,0.3924963878481683,0.12253604583559863,0.0005652403211096294,1.2668136302237087e-05,0.003542843093033256,0.000223686074771174,0.0005050691942651292
6385,0.0026063953837606015,2.4810553574383235e-06,4.1150916981749715e-06,0.0065859433272269985,0.0005886178755645391,0.9980395478933844,0.001441012427320992,0.0034630883470338847,8.561736371546519e-05
6386,1.4801856192222465e-06,0.8962482272554013,0.10200889870182324,0.001129129457003905,0.015105672790319514,6.325774168744754e-06,0.0015789092575574128,0.0033065180483801914,0.0011033298160015225
6387,4.692725837058878e-05,0.4777477280415168,0.3283330924860407,0.0004971443027784724,0.00766017153423796,1.9527360942386864e-05,0.010300821200312811,0.002095171710639366,0.001967338832654979
6388,1.926379353141557e-05,0.44962798398367865,0.38009397375685766,0.12903058651926294,0.0005545542008339205,6.529706346890891e-06,0.00610946080660044,0.0005068701071899336,0.0003224899895098472
6389,1.3741691720895389e-05,0.773353345182818,0.19953604507583036,0.0015017818758848028,0.004636506675423625,1.0704360902526518e-05,0.02562998481297537,0.005772554254613564,0.00025655569083864074
6390,0.048338510842545354,4.028726832198979e-06,0.0008788463826997882,3.9839861528867727e-07,0.0014196177154454244,0.004368952477915207,0.012026625187579262,0.884543593026537,0.09104997477139505
6391,0.0004646203103959597,0.0027771069138958636,4.1519237799456714e-05,0.01324943106753251,1.7288509900120806e-06,0.19781423304660362,0.7196796777399664,9.684863708208395e-05,0.0010493560481044824
6392,0.007461785749487734,9.824274278988617e-05,0.00018894428013937567,1.5943722711814383e-06,0.00630155045756366,0.006042474997224723,0.005510323378080465,0.9616626663122095,0.0007701483524115502
6393,2.4621395334553024e-05,0.8166456718992096,0.11190703098645688,0.06105945528912755,0.002505027059226416,1.7448196210817006e-05,0.0036628737901634205,0.0004776535317916197,8.490937730233176e-05
6394,2.5299400851635326e-06,0.0025782916239180413,0.30862901477110605,0.9578548251114052,3.099989700345243e-05,0.0020188153021306224,0.002963741271244893,7.658222160812572e-06,0.00029368842223838457
6395,0.03747637279613016,1.910284844848026e-05,0.00023615146235718217,7.63807099382326e-07,0.004113401589650861,0.002333537027136022,0.029891005224433692,0.9464808588453518,0.02582341529323832
6396,0.015876376384080425,0.0002565955286785246,2.9858570323551373e-05,1.0637203067874023e-06,0.017173108900270843,0.0012818718817407494,0.007395038656542062,0.9904540934139688,0.002394712812699691
6397,2.908035953027003e-06,0.9745625072454566,0.044438866902753525,0.002862179948536956,0.0016840526776902326,1.892911521778196e-05,0.00248860510647289,0.0006943706290928185,0.0024303181067180124
6398,1.0645465334806351e-05,0.578886780043603,0.4973998777899001,0.0016001863291682731,0.004716511138529921,5.349083949024544e-06,0.005637700186710353,0.003981087975001794,0.00038731592308264114
6399,3.6262846083869954e-06,0.9016838838238932,0.12592545705460367,0.00391339904136427,0.0002289161478915993,9.832064577045934e-06,0.0016871904866429203,0.0006645605613388049,0.013817417716429822
6400,0.005460545669663153,8.82633489391486e-07,0.012366847264541753,5.1033050665942756e-08,0.0035696699392058014,0.003612385041948227,0.0054670107252520195,0.9774317664440467,0.08800656462461416
6401,0.0019713135631012953,5.669303863780824e-06,3.2305086997029574e-06,0.0046535566315675505,0.0005888779198429074,0.9990068942445984,0.0006936568993931068,0.0005494826214905683,0.0015720043632179357
6402,0.0027633115924305006,7.984082654028398e-07,9.262517334480217e-06,0.008938712315343593,0.00018858644510967267,0.9958034730002728,0.001826057020689683,0.006582790763247263,0.0007458988457748837
6403,0.009754469272310254,0.0005095903515706985,1.6374973775318406e-05,4.052425489512948e-05,0.0018467377957308844,0.9619175593068603,0.0013512950059575834,0.009717879870589169,0.002132500737197706
6404,0.0173050398666966,0.000679588831829074,9.181094332567174e-06,1.051692662671299e-06,0.032576273828744166,0.0015058671266967552,0.004343382973344517,0.9938623202917007,0.0012021499627541676
6405,7.490590608024327e-05,0.7232317083276046,0.008269404983977033,0.2013788495898505,6.158123268763578e-05,0.0005823566521351787,0.003407224835218664,5.811130990702842e-06,0.03641741101759989
6406,0.01166896055789478,2.1381919432232976e-06,0.003613031097977659,2.0009858075940128e-07,0.0011814144910393888,0.0046874157941160744,0.003969899282147071,0.9727198456980435,0.03820722611968412
6407,2.717746163182857e-05,0.14797871377234456,0.7524471861644343,0.06272022643714442,0.0012480821609767772,8.719381649887536e-06,0.009999326904706857,0.000282690381133504,0.00021063468093562168
6408,5.544959114831035e-05,0.9840339573473654,0.006172200243312303,0.0038615611363187786,0.00023490678258683366,2.372628181530337e-05,0.009384218076388617,0.0007228091428730027,0.06457262402332466
6409,6.417737852314984e-05,0.0049931605620178445,0.0022318289806127333,0.00025661276010163623,0.9939576624804595,0.0012009224194875698,3.8767540227949796e-06,0.022583890757477503,0.004625238209419858
6410,0.001230529898383094,4.834593988602265e-07,1.240986790065038e-05,0.015055701032682004,0.0002658774198145204,0.9983370670408217,0.0005485285669590359,0.0031420378890985013,0.00011906251633989454
6411,0.0021510418250170987,0.0005457338451449275,2.4105540750757798e-05,8.376320162384339e-07,0.07253182790581063,0.007210646738772997,0.0003837282231084907,0.9953017960808911,9.907673696533663e-05
6412,0.027726196605444172,4.826029227467903e-05,0.00017180900053506533,1.426071449922484e-07,0.0013377513092588606,0.004157431035143398,0.0033590892046827135,0.9220547927379885,0.109678287934132
6413,4.4511753836488005e-05,0.8545027330314241,0.10296510941650774,0.05246451953286518,0.002437172223816718,1.3883789719622447e-05,0.004653337908792938,0.0004163462844910082,0.0002465888002631994
6414,0.0015622870312072183,0.00021684207256385244,0.05326062032329989,5.304339967817592e-05,0.005580098629684395,0.023190521511023823,0.0003580478561894893,0.0013215063959444227,0.9653643042706002
6415,1.636894698595646e-05,0.6045349972828226,0.32862290760573876,0.0013267359470541928,0.002890429486024926,1.1602318558744877e-05,0.051992542967542896,0.00391343984628166,0.0004836385928338363
6416,3.062571171143199e-05,0.9252975204247411,0.12643939159822246,0.007874747502896788,0.0011779668651271812,1.5712425016903787e-05,0.03686162275127356,0.0007579367236081805,0.00012085961282139742
6417,0.0005916858869399695,1.020130475626256e-05,0.0054421883113932295,0.02267588688618732,0.003203273754174824,0.7772229703496929,0.00012789641330733195,0.0001398756069375455,0.19690295007548062
6418,5.659698747352473e-07,0.9346568740427317,0.09831252728683404,0.0002486078255288467,0.017804931770425712,7.837253489355488e-06,0.0036100843205385982,0.009477255059603491,0.0007050731405464644
6419,0.08204945224875447,1.7035771891172804e-05,0.0009092277848822653,1.5523963601800147e-06,0.0005366149948086404,0.006764589305224167,0.18146446783206838,0.6187912339679755,0.03048981431803434
6420,0.0019982991304002074,0.0002985392604649382,2.3742348001261106e-05,3.097795585986255e-07,0.0414327952677878,0.0013233586348619915,0.0005306628046612382,0.9995163223540676,0.0006380140266316831
6421,9.318108469537954e-06,0.23336435532923078,0.7968110401846652,0.02278985317820979,9.821172990510886e-05,1.09602636490637e-05,0.03302711280726557,0.00021206792169272773,0.0007064649827187195
6422,0.014594678985248438,0.0011233211725057229,0.009311806333729132,1.0495690398150135e-05,0.008681177744188974,0.009373236321750767,0.0001077033544264267,0.0005032703221760634,0.9890204298643207
6423,2.0411984220006374e-06,0.6837058432447757,0.34583450213713457,0.0036308858875631947,0.0031036604801755584,6.210408127951744e-06,0.004073783661460671,0.0030939944614351094,0.0004122323001657735
6424,0.0019229963456275409,0.03846886872996727,0.002037397896628349,0.00038137138545695675,4.241395475390462e-06,0.0065838044621673916,0.9464893030461827,0.0011867085434613086,7.697436721937673e-05
6425,0.030701699503831087,0.00013391735946476695,2.4848283167283655e-05,2.324173769422075e-06,0.010358149452420582,0.0014102289964924425,0.004284250582649459,0.9820460193977839,0.0061683142127429156
6426,0.008019951379545738,1.600493756727483e-07,1.2358876863352147e-05,0.01023115515003681,0.00013814314349060885,0.9224405070730737,0.006961344316666074,0.08453358439268871,0.0038056077494946
6427,0.034118770073290824,0.0014603055327205748,0.010509904922806049,3.028015183418561e-06,0.009448253058743701,0.006415655412289864,0.00017374012272705053,0.0007691065995275853,0.9946609218312146
6428,7.591285965491537e-05,0.009210298791652216,0.0015503552716563368,0.0004365256554289162,0.97383914070816,0.0046334506749544655,5.4942959239426865e-06,0.02375525584554042,0.002250857703679345
6429,0.040885414333311755,3.41448831005907e-05,1.5996499218843092e-06,0.00011055170169828638,0.00056642718065306,0.875846760976431,0.0065713221731534665,0.01899639251232404,0.14122370358672254
6430,0.0031224409458594634,5.30244073076705e-06,7.723443553544444e-06,0.0023468653091240086,0.000681620777925656,0.9984256956570027,0.0009755446307117496,0.0009780188068203583,0.0013468612922158706
6431,0.0072940845687667726,1.0025224486144432e-05,0.0010435765689782166,6.403093670198847e-07,0.006798710541191116,0.001972860383016989,0.3126518553500587,0.9729111951988098,0.003944825322651601
6432,1.752584143996212e-05,0.9107183028083149,0.06353855220117471,0.05537422171405745,0.002157398642512922,9.159200162615119e-06,0.004518744282087848,0.0005651013138025562,0.0001478845141584898
6433,1.3926110901852582e-05,0.9106003170507697,0.07900432565913314,0.02469179190751986,0.0011502015433536847,9.827877326431207e-06,0.0020946210870354384,0.00027913662179911424,0.002796121954810702
6434,5.615643457320112e-05,0.9378897168558531,0.08525225231825057,0.02457590116740689,0.00011569884269054002,0.00035937400013785406,0.004892564843323374,8.38843123073484e-06,0.016938314950193614
6435,4.045089763814422e-05,0.03375240534491504,0.28469737036303,0.0002644400334619431,0.00034972968802862877,0.00025272661589033395,0.33600084833844607,0.008383126460901726,0.00018773582530857662
6436,0.0039582720907601725,0.00029297178344851467,7.966647065320859e-08,0.0024534771788288475,0.01194350105589547,0.9853097550616671,0.0002579288621074931,0.017394394653907037,0.00020345120435549604
6437,0.7262577429079146,0.00015382476702504994,7.703282815494934e-05,4.582127746146471e-08,0.00622425017304827,0.006873901195853061,0.031592511342331445,0.08819781588916858,0.2319211143215922
6438,0.0029735242245700643,0.022481048864137824,0.004076102380103783,0.00010339821704012272,0.0060006329497382035,0.005426462183779595,0.0001963030740147803,0.0023260698997653382,0.8303062504643434
6439,4.057037004232522e-05,0.8518899215733512,0.14939177760558753,0.0012064771032740905,0.00474830780568539,2.2176994955229214e-05,0.009612662528023189,0.0009244507519063868,0.0006513686932614042
6440,0.0019395045552876079,0.0011619722357677678,0.13399744472457675,0.00018275233641517117,4.0901160089233467e-07,0.0010371624877485103,0.9933194334578088,0.0016943166046866874,0.0006037639983394735
6441,0.22262645854160296,7.356466008558912e-06,0.0005084816729961309,3.3552143530088637e-07,0.0041887303881555414,0.0043420129168657805,0.08955509369778027,0.8202881449841062,0.024289980750442877
6442,1.7364305946460886e-06,0.061124155203622986,0.9582515399676691,0.012852675031972894,3.8955493223654975e-05,9.382605744181229e-06,0.006081278675176426,0.0005147169749046271,0.0008514856187453185
6443,0.006321604263076921,8.332061467814425e-07,4.670472379308799e-06,0.0042507166139188635,0.00011958582183099592,0.9836681749922433,0.008806652526910489,0.03699526884629758,0.002961276796462865
6444,0.008144514031521784,0.003487964219060386,2.5858622560675127e-06,2.5283992201045886e-07,0.14952160490350122,0.004464427772204162,0.0018557779103520135,0.9973902880230255,0.00026713211931903827
6445,0.0007873934901051977,0.9239116953236357,0.038781149333296454,0.00013916766596177384,0.00012363872523286296,1.2206836794960311e-05,0.002735586842880842,0.00023676916353690782,0.8438307207541402
6446,0.0013399484040628976,1.4563891312578523e-06,5.1273317962913325e-06,0.011477980132830305,0.0003961775733198901,0.9988493161579433,0.0003489950209110682,0.0016341911681703528,0.0003309578167766691
6447,0.010095838681599046,0.002823451859276722,0.0046265999630667794,5.807983166109599e-06,0.009231481197931999,0.007958227962419913,4.67831476233787e-05,0.0013870636875791113,0.9948717826349225
6448,1.223792747447458e-05,0.626272705801805,0.3876950292647229,0.0007855753541223651,0.009008214023538727,6.1718189899823466e-06,0.01774551857885631,0.005262136021735527,0.00034576021795979824
6449,0.05140242075618582,5.0969575540723074e-06,0.0010280578754245846,4.5402260977376356e-07,0.0010703638000854221,0.006653807027351894,0.04646465028744332,0.8540106687396043,0.08964093906515881
6450,0.16546195560167873,0.000136086297009413,4.0629664987434625e-05,2.019668340839342e-06,0.004118653920501947,0.003032404038366713,0.01306274755599171,0.9269086117747916,0.0077475457073516735
6451,1.194254808937e-05,0.06628994226902858,0.8576987127476664,0.08311319842143915,7.247971880808583e-05,2.120608084824585e-06,0.06102657321443175,0.000437750017301681,0.0012981161231553962
6452,0.003401894056308867,7.104271250114755e-07,0.00015052628123657025,0.0019230740691335779,0.00032403024309515,0.994719199110497,0.002650196370434313,0.0021636338263318886,0.0007315407743495869
6453,0.11546723410694233,0.00016078687476920597,0.0002213869819446276,6.521465400511171e-06,0.0009136322400040385,0.0007429344958323541,0.07865497215395542,0.7446224677773559,0.007513747511140967
6454,0.19201797460030395,0.0006214275747227026,4.249762215961185e-05,2.889224821518623e-07,0.0011097305818281444,0.051771026509794954,0.00153251395651738,0.04159919653979403,0.8143860659269286
6455,0.11111561936670333,0.0003428644143143909,1.0965002956584953e-05,1.4176579345748426e-06,0.00812896175642263,0.004746992270284429,0.0078740442822506,0.9396641922910101,0.013827233548157205
6456,0.0022288897423278406,6.010802033581087e-06,0.0011500224611097369,6.932366847933423e-08,0.01356855687827789,0.0009762031417209933,0.0018227923755868584,0.998438706179078,0.008133120657173074
6457,1.6085095680733758e-06,0.1990814061591628,0.6163031795175996,0.008211883408754426,0.033595439796703895,2.681437889505401e-06,0.005325200793787203,0.014825435970301419,5.246098466440006e-05
6458,7.521000098357562e-06,0.7308513256571514,0.15620343916940754,0.04341491933996527,0.0012079744108771985,5.926865917162414e-06,0.004411456290403781,0.0008059058348104188,0.0001280794102232028
6459,1.0513951966760044e-05,0.7570112969550362,0.23323941634716394,0.0008139931814807273,0.01299678871035481,3.4168358408079526e-06,0.013796546445714911,0.0158836206779439,0.00016633426245594207
6460,5.8835933719211746e-05,0.9866661930769868,0.010916818122763185,0.01488319025500869,0.0002571411424285468,1.0459564353464662e-05,0.006462377973847522,0.00031502302201508257,0.03147578558045011
6461,0.0007825013627189406,0.00032683691159553604,0.23243000411551062,2.6836403896498745e-06,0.00444590033000325,8.589506700451682e-05,0.002434394648950724,0.013028034836201977,0.9795577206992772
6462,0.0019911598744214885,3.888428129680004e-06,4.6917833372882865e-06,0.0051490356062256345,0.0006471041171895169,0.9989894234554131,0.000585339031394619,0.0006102365372101457,0.001494274725739067
6463,1.8574251435680194e-05,0.06695168798769653,0.8768884809936067,0.09860865137029419,0.0008138625375849142,7.343947335402288e-06,0.008040263759064154,0.00029591273130521014,0.0002435435735932541
6464,1.7644600279972924e-05,0.9603097203933304,0.02987619966846241,0.04918761565059,0.0008406547017492856,1.9366333721330098e-05,0.0031920292724279273,0.00011041754390777122,0.002469457115959807
6465,1.8111676475586593e-06,0.6238751776148567,0.3690450019519568,0.006948420671487698,0.006882569638079006,4.2969152406374276e-06,0.00961298746294647,0.00914682918013469,6.0409626067671186e-05
6466,5.032873539317671e-05,0.009034262780218044,0.003768761193690437,0.0002993379105350568,0.983103582651431,0.0011999536861562346,1.3333327755968676e-05,0.014679187986165207,0.004020615843986694
6467,1.4450125795212286e-05,0.29813552531644355,0.029725932509079733,0.001013340425166994,0.750039749975999,1.4009111401081337e-05,0.0003364089699058163,0.006276643193161863,0.001076927610166569
6468,2.7511537534344956e-06,0.4578176443982485,0.06899246282480523,0.5981118942942014,0.0001706257584341033,4.984943717688414e-05,0.0007738759571748821,0.00012002340739872318,0.00046487396114307234
6469,0.030135674951763638,0.0022707920269166384,0.00014529756311248255,3.271751482844562e-05,9.148330291342448e-05,0.028245261677825362,0.17026617810658892,0.005319926568280752,0.1633530280477126
6470,1.1581248054473432e-05,0.9635194395459612,0.042425676566554715,0.007041620035113569,0.0014861426573319935,2.4421469276641057e-05,0.0024288190105880864,0.0002411839823179049,0.0028083864507707757
6471,6.127320692760789e-06,0.8688714473798762,0.05797868506470289,0.03528564721118189,0.0064289868045307825,9.762263162856895e-06,0.001470174755963806,0.0021143927839944276,0.00013534275543218696
6472,1.999835178172002e-05,0.9769817789152836,0.010920384429961119,0.04621719396175352,0.00015449244884218523,0.0001375903695029045,0.002603295366659896,2.7928998970988332e-05,0.007358427252937633
6473,7.300644818095501e-06,0.7773097175691908,0.052792205285378924,0.17057890732546305,0.00035658058289113906,2.5859755748905024e-05,0.002558945645340081,0.00010425856012282512,0.0009639876858674239
6474,6.161186694269792e-05,0.0033805756338032163,0.002546922447021372,0.00023490087869735302,0.9947438083609186,0.001511996411791376,4.289311104358997e-06,0.023398473172015318,0.004816089088569425
6475,7.969381083886838e-06,0.23849874424039025,0.6347167921805413,0.19087938413281436,0.0002026786531900777,7.007587775988895e-06,0.0041857813028848955,0.0004035628903994374,0.00033593493540590077
6476,1.7473590292893135e-05,0.5753226298842912,0.34527070480460614,0.10809536479751274,0.0008179883815715553,1.1420746565822327e-05,0.004744766369241139,0.00044205004831815117,0.00012928290739641158
6477,0.01603621054293909,2.242269176790081e-05,1.853436149708545e-07,0.0016582627215036103,0.0003013688545778895,0.9766597351201926,0.0063468511529232215,0.012994151940280852,0.02973726431432168
6478,7.00944398725901e-06,0.5368775583131253,0.47199922368559544,0.0005505510897991159,0.012115861151209086,2.688892722451257e-06,0.00868806344000857,0.00366025179083633,0.002545184117956287
6479,2.084624015658054e-05,0.9301771616645172,0.0753951871281075,0.0009362280252488103,0.013292668692566848,5.585226176353908e-06,0.004049605373796863,0.005014184685491642,0.0002898692650676425
6480,0.0003700140024358512,0.9752866765965847,0.008320200323989188,0.020363925566811936,0.00012602503862528208,2.326977422091339e-05,0.0022851842299886414,7.587343777737926e-05,0.03342143837281091
6481,2.226796646502138e-05,0.5533827322938688,0.1179697762593539,0.13228606375461124,6.764192095134743e-05,0.001268896277777835,0.005266715893840517,4.086479450094029e-06,0.011340519917862639
6482,0.6097019797837983,0.00310939240006676,4.763873379881228e-06,2.4528232427533874e-06,0.0017429628824287434,0.18293180323904487,0.04644627015947241,0.021793710458604832,0.04123437583622014
6483,1.3165063283688708e-05,0.4636857585493598,0.301016310480641,0.14872536696580102,3.640459833344178e-05,0.00019617201141194769,0.009719256592132,3.0198836041450795e-05,0.001388422890751329
6484,0.0021494715624726228,1.239563654898744e-06,4.718222481286725e-06,0.009638578168467124,0.000544541045498303,0.9977043992030119,0.0005362952520540434,0.0017873389885576642,0.0011486021621993487
6485,3.0404058743271975e-06,0.9058112819220995,0.14011249892914923,0.007258141027414325,0.001414055653233975,1.6201306984426055e-05,0.011784585225078508,0.0031387813943454714,7.312076302673466e-05
6486,0.033978131779950654,4.0139311672058757e-05,8.593022623966696e-05,1.4010535477973576e-06,0.003958519747758351,0.001791676147688545,0.004436638496354988,0.9632399227729489,0.017111323281827764
6487,1.6125721657552722e-05,0.8342943479789365,0.1183781572524917,0.05027803875419756,0.0033035757015341216,1.137799012290419e-05,0.004159199492666821,0.0009099409875072425,5.65059810929762e-05
6488,0.001553533469394795,1.5776452362343777e-06,4.274159319287136e-06,0.009425158502623768,0.00024675769818081173,0.9974412244217923,0.0007618568285403977,0.0028091334266143,0.0006380686963530337
6489,0.003830904366297197,1.9769341631558507e-06,0.0065022975448512385,0.0004052999911768472,0.0008282235009698767,0.40919055206135474,0.001372687024245184,0.009118566404144006,0.14990776059581995
6490,2.2589233091567043e-06,0.03153229948088396,0.9615811268188599,0.033226062147700915,3.815475871172121e-05,9.161388140039068e-06,0.007912004908922982,0.0003180966272970495,0.0009124490328954517
6491,0.0008624284118098183,1.7047076373636992e-07,3.313127998462679e-05,0.01622932612502549,0.00012226930936950228,0.9976811350541507,0.0008882798311785374,0.0035581836455179363,0.00018807728282152698
6492,0.0032055996957890223,4.955635207261474e-06,2.1406040674824987e-06,0.004756740667586951,0.0008744444006575188,0.998199096839849,0.0005839876345192666,0.002095519249179157,0.0014500300046773288
6493,0.0024351359767181093,1.7705988204812138e-06,4.156445688152562e-06,0.008505950973377752,0.0007242487848260038,0.9980774975905792,0.0009299307668002604,0.002790036908567246,8.160721316518371e-05
6494,0.02150451168269034,0.0007542091007303875,0.0017697532085487802,2.202989632321035e-06,0.007662939609762938,0.006395724909461946,0.0004306017679908652,0.004471368056742727,0.9892759500678083
6495,3.143980639449397e-05,0.6035726997228372,0.3024762003175609,0.055194426594022,0.002180930930755531,8.212242819333066e-06,0.010462066761561565,0.00041527280275350874,0.00011768534755546794
6496,0.0011751096158313773,1.5495081945812425e-06,4.81529096125728e-06,0.009858408057641734,0.00030154446788632696,0.9985953163006168,0.0004484823435868833,0.0015317705210441028,0.0005330238110864857
6497,4.866976813775262e-06,0.8639149029940404,0.006017497672285388,0.40366126706876954,0.0002022153566684106,0.00045636888971740323,0.0008561329776551149,2.219059295330749e-05,0.0020904920082490635
6498,6.114018400451412e-06,0.41845711166607386,0.6013937437638158,0.0007039233350821964,0.006463977423686614,6.01932732735124e-06,0.04327653085652636,0.004931712940466108,0.000299913619645516
6499,8.15838626759789e-06,0.08370800168488368,0.8563217947028832,0.0009358180460826167,0.004487043368057058,2.8310282500249866e-05,0.04178095038515928,0.0024130480715502827,0.0007179099178450973
6500,4.2951470241746235e-06,0.32609880704309274,0.4367700271923761,0.3533806334386663,0.00016973754884537599,1.1239210571568088e-05,0.0014400780505040161,0.0003487735535113624,0.0002714699217744602
6501,0.0059480197600937125,0.0001322516930654663,0.0001765872015929953,0.00011884887724115279,0.0010461009517737188,0.925579041813796,0.002168939460379165,0.002008263331988372,0.008897595191530248
6502,0.13859821544306758,8.536038772721433e-05,2.028454578840461e-05,5.789480099364468e-06,0.0003700974968286336,0.13376869627958493,0.00839656578776522,0.36300409790672733,0.05047087424386004
6503,0.006796200505169519,0.00012793560044336232,7.072040317436512e-05,0.00010527476623508121,0.001838156833302332,0.9429112498217508,0.0011333446156985897,0.005146879248661503,0.003791250780865861
6504,0.00102339284149519,1.486307485348836e-07,3.412748309066919e-05,0.02221596963169858,0.0002116822670349315,0.9978915604794377,0.0005404872333280266,0.002834637704915743,0.0001428700274005082
6505,3.3154203182812034e-05,0.6253739538665221,0.4041565015754118,0.0005577640492773661,0.005469117915940243,2.866329999295804e-06,0.006975969764649096,0.0039975706186126956,0.001379201702702254
6506,1.2166070192475042e-05,0.9701791439896648,0.018732755740598975,0.028108870130672016,0.0032405196275848455,1.0606818960741499e-05,0.0042663748903708,0.0005643586321276432,0.0002356342743006507
6507,0.0063805641040177675,0.9068612547544925,0.0003257160332607273,0.00012125413106037169,0.007254164331600848,0.001310377734515905,0.009718265516285098,0.0004003725784464623,0.6473564681303943
6508,0.0016486659536197265,3.539230746958267e-06,4.921320801332755e-06,0.004530673980278483,0.0003417311234368696,0.9988196589882702,0.0011966263711193049,0.0009223775950094042,0.0008463360532322185
6509,0.005884564771660277,0.012524300273126015,0.0001445558184038521,0.00019681363308212842,4.608810067227475e-05,0.03423114802433045,0.27526594032270946,0.0008933905627074508,0.04513407588994824
6510,1.152463132216102e-05,0.47923762434041767,0.4496044077862752,0.1043294412084375,0.00039161295257739473,1.0552787768407806e-05,0.0023737659882912625,0.0002744332880063338,0.001074612374273255
6511,2.1921797801677842e-05,0.290230409300025,0.15972748607989068,0.0005952096383779169,0.055455685380999556,2.3800046778226088e-06,0.0010444327477396476,0.017036924206285067,0.00039928903011584893
6512,8.518601124439163e-05,0.9018662376876792,0.07508456925473676,0.001404738919204946,0.001029067997119679,1.3193767128489833e-05,0.01155281571596721,0.00035121283119851583,0.028301958864684708
6513,0.0014866615547790487,2.223698809309324e-07,6.456487344033768e-05,0.00978117880831972,0.00017884290799247788,0.9979827957254427,0.0015643933976704303,0.0016658747350047991,0.00032819605976066565
6514,0.03337867532860283,0.014251656972669039,0.00045605899327848823,6.493733647920812e-05,0.012726677203933636,0.024829886888111892,9.917497819996422e-05,0.00031939029269118424,0.9665019416135343
6515,1.7399086415751216e-06,0.9627873250925966,0.0626320941384027,0.0005782031770426676,0.012111902661130042,8.899919122457169e-06,0.0017825051548966732,0.0029497210933118216,0.0012318028676149642
6516,1.316699456313634e-05,0.6635021558905232,0.21758821705329115,0.04031732535246818,0.0021521986509081257,7.128974967118813e-06,0.004583812715385579,0.0005092190555811569,0.0004392603681535459
6517,0.9303293526583136,0.0009628129159942705,2.4441496351007294e-05,2.3792879066156682e-07,0.0011136227623323048,0.022734435197606782,0.012181092578274464,0.01432174038123316,0.05624985997495138
6518,0.0002663821257046613,0.6633634064951627,0.17698488742952578,0.003969573976576156,2.03774410853815e-05,2.580053643854893e-05,0.051145293216877406,0.00011377969131077769,0.011137320366181959
6519,7.117651397179912e-07,0.0006356951482019446,0.2445176209851833,0.9927073157608192,4.2550874745925804e-05,0.0007578898710276457,0.0008781149061265515,1.3506488572992026e-05,0.00015344476287219876
6520,0.137441830532567,0.0009593080453259243,0.0002475579322725674,6.30859575661142e-07,0.002523316310437115,0.02688608839194978,0.000601816001963666,0.01373422993527796,0.9188415747746645
6521,4.8831742925875084e-06,0.3268671983976701,0.6390617928931003,0.0013502273065662813,0.012313967689662912,6.9468011951794375e-06,0.0236113753874963,0.007620196856563307,0.00014513716926095572
6522,1.5111443507352842e-05,0.4732258569706433,0.020772306134184237,0.000887364192758948,0.5854299801923002,1.2907897614317649e-05,0.00045939930674002605,0.008637167420934394,0.0006719974879748149
6523,3.3781475364486564e-06,0.1136160180180232,0.6865586133496702,0.41317630732585275,0.0001358188700519342,1.0590106366175576e-05,0.001697286469704738,0.00040371209379471557,0.00016635374665560675
6524,0.0011470191721890493,6.632083537874314e-06,1.481344994619189e-06,0.0045174454520655,0.0003093994678954902,0.9984553839271838,0.0010039798203919294,0.0006180938416223045,0.001739480571694962
6525,0.00024692526893246446,0.941626673219633,0.040508954322443676,0.01760460179566157,0.00010273094440616158,0.0001922243380999072,0.006057886195230037,5.422297499009683e-06,0.06258871239721714
6526,0.0018808912065326386,0.004496956166011397,0.026342501342714358,6.224990309628815e-06,5.483405106043226e-05,0.0003942470462590455,0.9841334123275495,0.0660525109968431,0.0002090838717401111
6527,4.3385162565412885e-05,0.8822005926261396,0.14256257016643545,0.0279413016419343,7.227340118477105e-05,0.0004159346554620857,0.007878797538071499,7.405168515697499e-06,0.018127745860387356
6528,4.8918971513974115e-05,0.02571739053402734,0.004795983964756012,0.00045401053137170355,0.9777047694775036,0.00036708904530507753,1.5107347919996303e-05,0.012693069095050106,0.002399514832583987
6529,0.018191853188671968,0.002515699825753278,0.004505219516722732,1.1046777749559065e-05,0.009209002055069892,0.009762401327814902,4.153474112484825e-05,0.0006489367089102089,0.9884601017537906
6530,0.0010707886148418441,2.147037633072801e-07,3.350323577507757e-05,0.00972758387013838,0.00013928420015362522,0.9967662176421078,0.002890148821462431,0.002325601756151524,0.00021405038450179442
6531,9.227131717019404e-06,0.06692018820075829,0.9373691317138072,0.00044689312362169417,0.0019419016007591323,5.7872266635161044e-05,0.04353691032122846,0.0005175343325995467,0.004757875908763945
6532,5.1015502788856676e-05,0.22137618052206542,0.24083100788329312,0.03401033366786047,0.011701972996998546,3.910284014109478e-05,0.002361974299106294,0.00046706177375288523,0.00015859075436770536
6533,0.06276072818343119,0.0024334780437435363,0.003652685256873099,8.847434498284191e-06,0.008484623071808178,0.007368800618223913,0.00031048972487633176,0.00034832078661193585,0.9755940723272759
6534,0.0014932146962691232,1.2157441242484525e-05,0.0005699394956382356,1.4967759545075643e-07,0.021706527947905348,0.000518677699309727,0.0007951282758360419,0.999458735893165,0.0023617487215182587
6535,0.011571633221137656,4.267144370263483e-05,9.270660594175596e-05,5.270106449949368e-07,0.004482413925764585,0.002849605811596782,0.004443026800795178,0.9894402706530653,0.011468231395135572
6536,0.007824127625010368,1.1772330090272078e-05,0.0006824500415783505,3.1534589522370766e-07,0.004424703689534529,0.0009970122708555403,0.0014308621056093307,0.9939457273105359,0.008045784641581372
6537,5.673838192789537e-05,0.0049950189305802885,0.0030926097152367735,0.00023499485719385936,0.9911616410818712,0.0009776055958454536,5.988762349371777e-06,0.02519415778292905,0.003956955713515879
6538,1.7963866552715313e-05,0.39413860360674485,0.45496609882559425,0.1399319335056087,0.0006005252374805833,7.43071296141105e-06,0.005695493821412384,0.00044222210255877656,0.00018710149046102104
6539,0.0002886481107868114,0.9418909595434639,0.014513417575029162,0.02821162664362777,7.13877688937278e-05,7.321150396303984e-06,0.005685351112381518,0.0002059233342854678,0.025344307171479872
6540,8.65723866426083e-06,0.3087979350623337,0.4853448035487512,0.008767657357742382,0.000222954269947797,1.1129199420318055e-06,0.004635918762287608,0.0027133148809150133,0.027161528564486583
6541,2.461830111674528e-06,0.9491172541800481,0.037822408203666766,0.001924808942327122,0.036694148367129864,1.3200207549611223e-05,0.0007046119212143979,0.003674600949917753,0.0006019188184563252
6542,4.122884260101725e-06,0.3791012561974975,0.47335252216294355,0.023791392963955164,0.008505266751345998,3.298644367750723e-06,0.006430525646536061,0.004504152433195235,6.400877838686472e-05
6543,0.030421445010667333,0.0005141059613269855,0.00011654841415844592,7.184413651701896e-05,0.002895804666584142,0.18341549088276118,0.0010767097939687693,0.002950858899768141,0.5751898573522659
6544,2.659198546406514e-05,0.7332464137780093,0.38793689508351487,0.010128051631688754,0.00011376957225546543,2.1446458972777598e-05,0.09254507707336372,0.00021332353191782182,0.0005605702499572814
6545,0.0013101702107324762,1.7797664092392395e-07,3.0124563129061463e-05,0.015478449758374908,0.00014208047039877594,0.9968483982308061,0.0012160692106050767,0.0036277372059304257,0.0003513702144399519
6546,2.8545610759732894e-05,0.7518814266192109,0.1642400660786812,0.11745864938857586,0.0015503336042260115,1.0350675423694561e-05,0.0036948591967787855,0.00035434992853299686,0.00015499936588075444
6547,0.03918375688415708,0.06784167437800394,6.452987570416034e-05,6.121566020087383e-05,0.02583170577283638,0.044969946727993544,0.00015056890029079437,0.0006014181948518202,0.9494873504733177
6548,3.5383216553380106e-06,0.6460467678553581,0.14843600025213197,0.20104301531151517,0.00018038759007797577,1.6065288990991486e-05,0.0019473424123696043,0.0002541706087490577,0.00064768620115008
6549,6.756270399671798e-05,0.35919870682369537,0.3112883561023502,0.03238920869544883,0.0045066424033995715,7.15435131481511e-06,0.012924044714655001,0.0004969561444134198,0.00028435419998933174
6550,6.099089232293322e-05,0.5740109616363216,0.1705906574060238,0.019178451154261457,0.001934232957533599,1.2471856839980891e-05,0.03605325238489682,0.0002665903331364577,0.0006063231947622417
6551,1.6650829789771337e-05,0.4229532114847246,0.5227934652346076,0.000827929082106641,0.006239200433600214,1.775841227680703e-05,0.012977462797792966,0.0027558919823834575,0.0007131643213870095
6552,7.859250809565611e-06,0.07459532225618994,0.8936676616557151,0.13755818759471486,0.00024391031723315802,7.009412737190083e-06,0.004161916531200057,0.00045470973599713897,0.00031212809668812984
6553,7.587731740449803e-06,0.12814409869551133,0.8482631205651086,0.0461267409331401,8.922977541620674e-05,7.593301289737723e-06,0.014067599442226783,0.0005922171880373026,0.0012145199760391513
6554,0.02273008866523847,7.160727355982019e-06,5.854580269036115e-07,0.002158387704152204,0.0002718187212820016,0.9660147120559742,0.0039370676719482555,0.02131544220029756,0.02259941771316515
6555,0.00023199692660820463,5.074859265364883e-06,0.000695518284131018,0.3490961483555493,0.005643007143894217,0.5798937739655564,6.858160722740486e-05,4.171638950983774e-05,0.6014263120164144
6556,0.00152131213566849,1.155447492069773e-06,1.2088292016194603e-05,0.007267248823465376,0.00026802356762705294,0.9988313377647345,0.0009062762858051202,0.0016446765566816423,0.0004188860833215864
6557,0.04267847246003454,0.015222001339169905,0.00683345073868369,4.780439551916911e-05,4.4460747396040444e-07,2.4967127197815506e-05,0.9976199703766719,0.013672521471018379,0.012194911263259384
6558,0.0010087960962639295,0.004895268602539625,0.030574987423920074,0.0004476663609085211,5.843582635236917e-07,0.001963861062051317,0.9369838336656287,0.0022501836811583387,0.00025390537814452813
6559,0.00018594351316198596,0.9855907837327682,0.01687653710681133,0.01580380267715985,0.00023869399852260623,3.816184308195736e-05,0.001351291914362242,3.300595623919488e-05,0.012866752044200078
6560,2.8575473645853577e-05,0.863664955871739,0.20095620407380707,0.014560074319310421,0.0013233610301247455,1.4242162645174278e-05,0.013051515873095589,0.0005511692572643314,0.0001441947519759667
6561,0.6102363451582395,7.260767603838761e-05,0.00012751859163536645,5.627336367756004e-07,0.00402796581904593,0.004648925590527136,0.01891948744971654,0.3705401758439606,0.006487159711967698
6562,0.02512745086094691,0.0017108674623313664,0.0026494005334348524,4.178206856878589e-06,0.006702867934099548,0.01042843639984049,9.71266062424978e-05,0.0017578883141870815,0.9870254361115377
6563,2.7388312653843915e-05,0.6842697106772919,0.23560444168779154,0.0004258259415833492,0.009272709577910038,7.65397034212941e-06,0.009173452457921399,0.004319062254106033,0.0011813582707723043
6564,9.04343034123693e-06,0.1379190493663355,0.800312556579753,0.00088394746947526,0.005412355612784546,2.6636506955379227e-05,0.03499618059403529,0.0031870410851875053,0.0005132440539688301
6565,0.0027657525277810747,2.3297097748099808e-06,1.1845713948952083e-05,0.003506674290706503,0.0005076876887538494,0.9985808604145047,0.0010224226683994714,0.0011585594709110699,0.0009971851144360418
6566,0.007489069004111702,0.0004225505370685941,2.9431874897554093e-05,0.00018796465895875694,0.003138593823463721,0.915930659930191,0.002127257630931247,0.011070467829221735,0.00024195845786434
6567,0.005969344696668113,3.287825058523707e-07,0.013582904473511794,8.738526157248692e-08,0.0033506565688337596,0.002302991160049965,0.006889675556090599,0.9897042892486294,0.04965652320430511
6568,0.08556937553233485,0.0006894426551706712,0.0006606363451650374,1.4302271414250698e-07,0.0002166354078300638,0.001005665706949577,0.14248598198200432,0.18494445450631147,0.19972407247297386
6569,0.03899622677756867,2.253099002743107e-05,2.2944196783920343e-07,0.00117854146619634,0.0003424777492735961,0.959450452295991,0.012197704604251087,0.0108450357865018,0.033732090710929946
6570,6.341008677154952e-06,0.1606380852082121,0.7406748460006545,0.20551508962182302,0.0001637930730032402,5.83747903620713e-06,0.0058706948311565855,0.00042174182379222714,0.00026725701806979346
6571,3.7782030815805154e-05,0.8734844025070693,0.14614220353601157,0.013945830584868145,0.00165050684035313,1.5804429496777393e-05,0.028928873696672363,0.0004615979324409622,0.00011334724382474812
6572,5.395445660242758e-05,0.35619239963790655,0.6110873730032903,0.00047048958037987853,0.0035396940508985566,7.96829896720349e-06,0.015175310446609313,0.0015751156165679289,0.002959708668701518
6573,0.008949074511048316,0.000767623151312776,8.034703583763924e-06,2.442079349047649e-07,0.07110863726669533,0.0009866413356303643,0.0022800061507173,0.99842925655004,0.001162211708284085
6574,0.0017809657858348313,2.0489799802437023e-07,3.802527986123233e-05,0.014440426985680781,0.00012882450826496737,0.9963028632455657,0.001642131053564963,0.006806420464486459,0.00033356273443000295
6575,0.0008309200424574676,0.0007202957009337892,0.08582463690169599,0.00037959219973040213,4.798032755619129e-07,0.005355266842310653,0.9751614196645049,0.0010453154704118174,0.00027260749838285063
6576,2.8935279772685775e-05,0.8538877591501907,0.18193070139671247,0.054434033868844864,9.791389109336984e-05,3.296758301099412e-05,0.004871325266879971,8.362169600664177e-05,0.0015348521285943524
6577,1.0424864459604477e-05,0.6052905040139019,0.36649308874178504,0.001201636792014835,0.006601988746473478,1.2991199606098763e-05,0.014863428111682817,0.003906537659148702,0.0003479090469691529
6578,0.0005009534521339663,0.2524154622226041,0.004682798286616685,0.00024386239136739484,0.04679763600846226,0.034960624052537206,0.0006219781849498038,9.649042680643842e-05,0.09344364978812597
6579,0.0003471372460321652,0.08159625095596595,0.012701447318461349,0.00011326257592130786,0.0004707559836847219,0.0007379921766407788,0.27756221458402236,0.041629121654924765,8.331463081899923e-05
6580,6.213093937195008e-05,0.004259291184337406,0.001953386254606921,0.00021655757328735913,0.9949883210873773,0.001624366586390342,3.1890284395457952e-06,0.02463855173817968,0.004886335704231888
6581,0.31688522869269903,0.00033289408541550304,0.00190663713167742,1.7510946103830895e-06,0.00030860655176931097,0.00034377430481593284,0.3025815636388257,0.22160766812176075,0.0025683744234787256
6582,2.4975479672143396e-05,0.830352236046268,0.1277553940175529,0.12013720218220585,0.001799743801711892,1.4114726041045809e-05,0.0025955360809858104,0.00046770233304210476,7.951098786188255e-05
6583,0.006932282020846832,0.000280302194991876,2.1777543408842635e-05,5.308895590622174e-07,0.034724877353901576,0.0010530418669986448,0.0028864061021147093,0.9983406861024825,0.0010988255761591051
6584,0.5043212798368361,0.0007225879701946636,0.00010432214903662586,1.8970835449857766e-07,0.0009410285925930116,0.017925056801938104,0.004518077177751603,0.025595000622674047,0.4930937308153693
6585,2.0252064455701598e-05,0.8852510997782004,0.10966259858406005,0.0009856776702710146,0.012961084610441282,9.041200471816463e-06,0.005301491867579626,0.0032148283419037266,0.0002751104698290341
6586,0.1078578742282873,2.2935498998539988e-05,0.0007322440550000426,4.5521673840633316e-08,0.0018091534682807924,0.010883653469681951,0.012521844055100272,0.45990448272152096,0.3599102605393169
6587,8.526212918134234e-06,0.36535287759211815,0.6549054363207479,0.01716160360194416,6.902152577105601e-05,1.3368614457929373e-05,0.007950458910906911,0.0002453860502252147,0.005886274090338903
6588,0.0017516928087506305,4.2930891234507534e-07,4.4659073697516264e-05,0.007128201705790687,0.00023756049971052526,0.9986301252904127,0.0014372313930104109,0.0019729529358312216,0.00026759789290932683
6589,0.0029233990384227647,6.266246209920334e-08,4.907891379895314e-05,0.007926396496288625,8.88121582744272e-05,0.9826199670170166,0.013075913760827156,0.0085720627677496,0.001691339683311308
6590,0.001099022154991837,2.0167146808418688e-07,3.373769241481565e-05,0.018749356102180013,0.00018046022680717205,0.9979354242546005,0.0007568164710762346,0.003049784216646966,0.00013980448312972532
6591,1.5659950588633945e-05,0.8736909557054727,0.07523598133432255,0.0969159725927288,0.0012729746016288577,9.30765779138342e-06,0.003192078384863867,0.0005311321299398141,0.00016374995964771414
6592,0.005017868359334702,0.000953673879758312,0.0054231841230876435,2.066234973518191e-05,0.010151119811842581,0.004184948271405886,5.546046926871192e-05,0.0030537054814082226,0.9869574291156085
6593,0.0911654757158751,0.00046505384854901317,6.570504767793295e-06,1.098587490180514e-06,0.003615725959868306,0.00619590162219703,0.017097835485277834,0.9177531208717056,0.020262456085105456
6594,0.030783011064683445,0.0009471593298626414,0.0016094243915612768,5.136758608903003e-06,0.004782738958349836,0.01604519955355675,0.00014607718988872504,0.001481872280703234,0.970033366870065
6595,2.757154710671757e-06,0.547481617305975,0.2024792051321523,0.0044802996972163585,0.08509852049678442,4.072456332897585e-06,0.0037217021290685422,0.006803363333334487,0.00018551761000369063
6596,9.657890361640738e-05,0.65597133354347,0.2303254506780702,0.02884009462427643,0.003776438404599728,1.1720178797939177e-05,0.022529971621382504,0.00023028630630163855,0.00023686855991254907
6597,3.949517524338815e-05,0.01828593395778741,0.001644816210047086,0.00044300202910316114,0.9833644035558705,0.0009911593011668867,4.062141976910344e-06,0.021737518054468333,0.003406739636283988
6598,5.5426941112203414e-05,0.7814781228887112,0.20167322790767908,0.00855431005127118,0.000471116351439563,2.214916116259193e-05,0.1201854023537111,0.00014626873199687963,0.00048297754937606595
6599,2.7415991216076365e-05,0.8946925124117255,0.060225785838639447,0.06811693327124865,0.0001365107884681397,8.438588863885269e-05,0.0026007999608369044,3.5269140125449944e-05,0.00479183067487111
6600,1.0669595070363588e-05,0.8807764794388174,0.0658941565178256,0.07675316973162698,0.000929103597192622,8.529477641815295e-06,0.0051526959212889285,0.0003889578242552886,0.0002628817638415992
6601,4.3537748915517485e-05,0.009082818495048852,0.002103476323047962,0.0002515990665828252,0.9890582858866933,0.0013391122499540919,5.714996803244471e-06,0.02459363792155727,0.004038147006383484
6602,0.3311338702658621,0.004762291896971469,5.189029999265973e-06,2.528105988464433e-06,0.0016583688809791188,0.17428333053454617,0.002750188038773054,0.033723211257953974,0.4136049203242959
6603,0.010104941348414144,7.692011320831389e-05,0.0002246435613073029,4.128528430182923e-05,0.001071873891578407,0.9234838625458832,0.0030816854246472195,0.013070155202064329,0.001270718553097165
6604,2.990734732462621e-06,0.927249269293227,0.09816427467253494,0.004253863304074225,0.002471110477917186,8.533253205905786e-06,0.0026307746662588873,0.0008597145407930945,0.0014691759465654693
6605,0.0017831989040954942,6.668737863935037e-06,3.7859049730303676e-06,0.006670279763520781,0.0008697294932863257,0.9986897750729843,0.0005145129501605649,0.000830057451203125,0.0006225364303790739
6606,8.273801326531045e-05,0.9922070328750802,0.017348305054025393,0.009080177302773487,0.00044965437347827637,0.0001291148157019662,0.0011786023150074196,2.126945604026476e-05,0.011162772321625406
6607,0.0021951570742114483,0.0010037927647355111,1.3835033408518106e-05,4.64311456642557e-07,0.1890635388013088,0.007999943612657061,0.00034512635796039604,0.9954131970590987,5.116921401630696e-05
6608,2.558040764703013e-05,0.004266637467869597,0.005089541450964666,0.000412458016772117,0.9878390714580454,0.0010443750847439308,1.0006632713915058e-05,0.024632395533888626,0.002856675214357317
6609,0.0067715441671462725,7.155643664276377e-07,6.1086116856706716e-06,0.006198860702048408,0.00015411964573133565,0.9845488555846508,0.005514713306550561,0.021620902727920815,0.003567491654523111
6610,0.0301831627470057,0.0001271187050624675,4.3274784765777704e-05,2.3921008239785573e-06,0.0038217955201899417,0.0006879307407400321,0.00988977487483202,0.9702965195718477,0.00748158744307904
6611,3.42639278140659e-05,0.029345705953334796,0.9547078843092351,0.02459629650261783,5.859607736551739e-06,0.0001079183475810471,0.22735221158655658,8.828780012754107e-06,0.020351587962712053
6612,2.8374924134423377e-05,0.9076905678448938,0.07266209121794465,0.020087777135249552,0.00011008819864105588,0.0003151434202175573,0.005455247724676179,1.662988434931281e-05,0.018651040290304278
6613,1.2338933180894045e-05,0.8704578669402888,0.06628294603151695,0.07737179598722292,0.0006395736508617685,2.503951058258046e-05,0.005790484709069231,0.00040636368145397037,0.00010651006599057811
6614,0.10827698699587077,0.04508989368142599,3.137772706215027e-06,1.826328204408057e-05,0.0023283074726255246,0.0010011661591370295,0.002773389221027918,0.5862044090865267,0.011392725739982039
6615,1.920021751705589e-05,0.09137596279411155,0.009608400778311888,0.0004184118922783495,0.8879908397148372,0.000111606860570949,0.00010215753371965275,0.011314062474375093,0.002207830789491955
6616,0.024740832252068506,1.8742671947573376e-05,0.0001684074568647218,4.889634696881788e-07,0.005266390256971593,0.006801662295245037,0.02519203302283372,0.9488957173259343,0.019677583275118343
6617,0.0014246060992497186,4.4663989578965824e-07,3.220329285077429e-05,0.007434916163235858,0.00010488314393274733,0.9945876862264628,0.005424881894988887,0.0014723271911245483,0.000822277117113049
6618,2.2386517163899415e-05,0.5961194650711269,0.34003753423960403,0.04691115061142606,0.000994287993599064,8.173816498007915e-06,0.016466581212374883,0.000372982019699543,0.00015529273069332005
6619,1.6103361024923743e-06,0.029146176973366262,0.18783009313009597,0.8787496644882282,9.44843028486112e-05,0.00010174352559379562,0.001159552581367416,5.92862820099861e-05,0.00028785339797310317
6620,8.235421641005881e-05,0.29960463157572526,0.42620685998322433,0.00024225607454217099,0.00489619838386802,1.700145307335731e-05,0.024258873649407663,0.004125139855886009,0.002369610668580752
6621,3.966102087443189e-06,0.9487420124131467,0.05412462166863063,0.008111131493108022,0.0011437897708603294,1.4010747428140135e-05,0.001819071522128334,0.00040619389503587506,0.0012693701334177765
6622,0.019362200748172104,0.0011315962721024277,0.02166621706866889,3.20769999474356e-06,0.009267312460451739,0.004103276330833591,0.00031980645075006575,0.0005076688992085679,0.9977356293666446
6623,5.53645761389967e-06,0.40192352521869457,0.7390045791565134,0.011471920907926671,6.772169531505806e-05,1.2485126280770388e-05,0.03323290710865509,0.0003091124657109112,0.0006066206362702487
6624,2.7867560613095225e-05,0.4243440606703844,0.4341536768314621,0.07820956961382669,0.0006386791779449468,5.313653138621308e-06,0.01210073783959132,0.0005220950790383351,0.0003012830276969001
6625,0.16131490400954288,0.0001822754830484787,4.652978075198038e-05,9.911478467792546e-08,0.0013647821722935032,0.049442793812773174,0.00383723674666944,0.22928139532225483,0.7650535009917623
6626,0.43862654163731063,0.0006988176811973403,0.0011164603439284037,9.491862529033682e-07,0.003745781338568883,0.007184448203973253,0.0005677409513262958,0.0019286273160441095,0.5990694335371689
6627,4.006595637646615e-06,0.8110682231247294,0.006965204938915738,0.2103188837018572,0.00013068546108624851,0.002125630276943178,0.0009217102535846893,2.2129870738338543e-05,0.0017701323433341907
6628,0.006430778782720064,6.868098150780488e-07,0.015614775423369776,1.7043803779551128e-07,0.002736779729633815,0.005806737368802589,0.012059565212310516,0.9649405023155206,0.01908773228418323
6629,3.900293925099497e-06,0.07297247577661473,0.8716382512866112,0.2060583892742802,0.00010613023621359288,6.373299150640587e-06,0.003769248883985772,0.0004492501108989899,0.000270316318885475
6630,0.0012325528583094839,0.0007721991678875092,0.0018216461237822617,0.00015137294654522852,0.010125415429077484,0.20729122674985398,0.0001622692541922489,0.020721260161239607,0.0017607841588184099
6631,0.0012783332106181345,5.453104481806329e-06,0.001602532537772209,9.696135511242198e-08,0.018342759281154246,0.00051171500540105,0.0011840130536649599,0.9993299234210065,0.002668932139550816
6632,6.189779258817737e-05,0.005200657799016373,0.001848425075713684,0.00025533136338891144,0.9943068740404254,0.0015129524527288261,3.2277829749533984e-06,0.024061307610836944,0.004562057545482781
6633,0.1175331836278489,0.6558957953241458,1.757399261462442e-05,2.8514424007249946e-05,0.3384138713980117,0.003409704709764098,0.00031506734301059664,0.00024928077475451006,0.907221498164214
6634,0.08506632681407111,0.0010252802734131785,1.4117517429816474e-05,9.096891329089166e-05,0.0023814959010023677,0.2715530450018614,0.001977237908854816,0.0020433313188327864,0.48184815586506397
6635,0.0006813631071791133,6.378654555844983e-05,4.862169542379601e-07,0.00023613177893386732,0.020713405128686375,0.32669621292729845,0.001019569119520459,0.9623924014849347,3.575603873626918e-05
6636,5.190116321530449e-05,0.7522275795473257,0.08862527068038095,0.05497190114690207,5.842703699211127e-05,0.001153167818758303,0.005151499047140986,3.3606819552488944e-06,0.03639182437549938
6637,0.014371696833876967,0.003091588333950286,0.005792489362518365,5.142070793025555e-06,0.012063579675914487,0.007106596869015849,5.435051876373263e-05,0.0008322828642956672,0.9966428628610003
6638,0.0016043106149032703,1.783393760431891e-06,3.652337992960911e-06,0.006574928908181001,0.0001856335031743296,0.9966758605776466,0.0017555115771235549,0.002296976333312086,0.0017482724773971573
6639,0.11320118478499558,4.1382983211452885e-05,0.0077931905368596845,3.7195123784293255e-07,0.00027315681520745095,0.00032784289708206343,0.07817497472078425,0.43153197413799926,0.042581518176647196
6640,8.293986822876509e-05,0.8850744277054261,0.1279870035572369,0.017524852094661994,7.537568902618644e-05,0.0003737628412152051,0.010253748812076496,5.376775404900117e-06,0.04760798602589705
6641,0.001368469514344238,3.004738894042911e-07,4.114041833391104e-05,0.00841409055154736,0.0002317795666453261,0.9958051812527172,0.0016691414281024253,0.009072979274399534,0.00019754603732984844
6642,0.0014743550450449197,0.0006942116547201965,0.003098348958069834,0.0029301900982815097,2.932207806885791e-07,0.0029996353169002474,0.9892744911123061,0.0012998575836230357,0.0012313245074064246
6643,2.2240495186945836e-06,0.13330452795622624,0.7198971074309038,0.019325429889428956,0.015280056038970225,2.1137984755812925e-06,0.005973022379046986,0.009806857490322268,4.266579178170227e-05
6644,4.655117376413169e-05,0.7351199488963348,0.12072792423613371,0.006800218108394417,0.00023061361008600107,3.303243916405975e-05,0.08365561534051212,0.0008788888433089569,9.507507357446841e-05
6645,2.9106697785680598e-05,0.018093450423185456,0.008906476659104118,0.0004624997363825268,0.9726705139050585,0.0002768283514979018,2.903788497751401e-05,0.01457827404924669,0.002302008966992592
6646,4.44230498129945e-06,0.9448788824644151,0.05020254397248213,0.01780756403761132,0.0014934441354644329,9.22090019390051e-06,0.002390954868454905,0.00054291613636096,0.00139811254790477
6647,0.0019827231654437703,2.0459963885738953e-06,7.866771952434672e-06,0.0057739861312516095,0.00048746516465697764,0.9990224895342433,0.0006635008024804017,0.0009815633574911892,0.0008068037883942459
6648,3.832302379966922e-05,0.24445811533809117,0.7312967756898482,0.0013282530912464374,0.00025787935140712516,0.00022844413269304965,0.10201284347697981,9.072679701769986e-05,0.005668743595125803
6649,0.00014369423356285285,0.11761533581881949,0.19018201398829115,5.107933924044286e-05,0.0016102596093951953,2.8377042652521173e-05,0.19041662335430154,0.015441321138232388,0.0008039714758410134
6650,0.002312690747528936,0.00010934615570038372,0.00021977808712481535,6.81501975760757e-08,0.0978625927343719,0.0030289739455970715,0.0006497887434427809,0.9975178513828902,0.00026843124450903505
6651,0.0010915776080263708,0.05013779945884295,0.05359804478298448,3.871430523851431e-05,4.7828750778261904e-05,0.00028880534882553405,0.9679238261380843,0.005674268037553961,0.00021697846344653
6652,0.00019804559579351402,0.8336083076128934,0.19525167571044771,0.01684841266297012,7.944588804796769e-05,0.0004685306367271189,0.010506357788584178,2.624813850855265e-06,0.03702119574219205
6653,4.780103582231353e-06,0.7697367983380349,0.341844072099784,9.673873586081063e-05,0.04700758948914722,3.4091116040172124e-06,0.0016435777030996122,0.0030818784742293664,0.0031938077518361466
6654,2.3830361761684925e-06,0.06868691247875357,0.05319325748196352,0.7724804527731949,2.6101484988317616e-05,0.0018776849301558802,0.003300509565323415,3.5954808663161405e-05,0.00013960545087046027
6655,0.001983428399435714,3.871220246008308e-06,3.2674213812081145e-06,0.0037502294254743093,0.00043911328357420257,0.9987102953231348,0.0011459734740318739,0.00080735200126868,0.001805845301150547
6656,2.5902392649367718e-06,0.20237821780855114,0.7580448355978788,0.04525968819563532,0.00016677382347361826,6.966037810990041e-06,0.0023746733617476833,0.0005013240379783097,0.0006810106388501011
6657,0.04162388841779474,3.6173072078484776e-05,9.758823916823607e-07,0.0009968463534734044,0.0005220021897313689,0.6317717111604478,0.0018199291282185155,0.025224882041789666,0.10171903413403302
6658,0.0010873072040814967,5.0946700648909215e-05,0.15386558356822796,1.2082041597491954e-06,0.02419534357168589,0.0010428580335607967,0.0002592895023793113,0.03054687866759072,0.9752317736093377
6659,0.0005754306189683995,5.474553577860042e-06,0.0063421709303548264,1.682306571789767e-07,0.021427353896918425,0.0026701287751370504,0.0008880801311176135,0.9929938689606297,0.00033286866368622035
6660,2.377320034392655e-05,0.8410627013459717,0.15753775646526408,0.0010498361939148086,0.010084782189166372,7.528490313167707e-06,0.0077149178598974215,0.00502442416040019,0.0004228522009378475
6661,0.012150163290075879,4.830854987773327e-05,4.830559943500653e-05,0.00011796436554949897,0.0008089123280158675,0.915819099417317,0.006075324124076441,0.012861744964890252,0.0015949820754609593
6662,1.0808857542930213e-05,0.7222565456783511,0.2973814820739572,0.0008045421376547182,0.010831052023855687,3.8833910429079264e-06,0.015859475347558737,0.012519457768698186,0.00019043990538991377
6663,0.002060546269457693,1.4296946910538239e-05,6.464502714716663e-07,0.0052772698547300274,0.0007953899933684605,0.9989997096324553,0.000414578910025245,0.0012251999776017528,0.0005838171213191965
6664,4.144636704097116e-05,0.05660879473515975,0.00202114353361736,0.00016368931745214534,0.94761612625685,0.0011340053203729287,2.4110537681791788e-05,0.015679762583504377,0.0047818026468798985
6665,5.772915307970742e-06,0.8150555648885801,0.010458868374222694,0.39404044531543464,0.0002293941846968749,0.0001376164342085885,0.0006906265351675317,8.915721461326268e-05,0.0015398314122037908
6666,0.005287645598378694,8.136040046993515e-05,0.00017003620663249425,0.00019799105678341408,0.0011390875397719507,0.9538991624884641,0.0015788167307778918,0.001354381686858192,0.008246421174043214
6667,3.285988793776516e-05,0.4090528131792467,0.33382613414127654,0.10949140442612888,7.405550742463314e-05,7.994884315569519e-05,0.007495486248317819,2.7955685545670676e-05,0.004890604492957825
6668,5.025282549556374e-06,0.4912319799924378,0.4776853353747844,0.036648207936200126,0.00045792399023227395,8.291877605538846e-06,0.002979332958419957,0.0006835572453652424,0.0003050081334679037
6669,0.002433915431412452,3.5224750852397627e-06,5.230251870318578e-06,0.0040448953001563075,0.0005477978860914306,0.9983381158146393,0.000706113643946508,0.0015681574795933433,0.0012730510476898944
6670,9.983085736296876e-06,0.10155537102789712,0.774791889092619,0.25376493982756837,0.00026245026435023296,1.467612002895266e-05,0.0036152001546971434,0.00023653627283404895,0.000248906830854016
6671,0.03765727619702557,2.0327755769881753e-05,0.00010867554816261434,1.1818420642489531e-06,0.0010983953971095233,0.02241586772029088,0.013449099599154439,0.8758720512545161,0.0386632222755127
6672,0.022189305972902498,0.013635910990832457,0.00013374732664548413,0.00016267464732761322,0.010944988648207895,0.025298445505203847,0.00020310241370720752,0.0007736297037873743,0.9726281970294886
6673,0.006238054923598227,0.0013464298239948221,0.002492481290915282,2.12726149292678e-05,0.006403142551643712,0.018283638028127755,6.87082831688831e-05,0.001456170102723269,0.9764177395352404
6674,4.498481640259794e-05,0.9059640766095134,0.07350955417355796,0.03039685498445243,0.00012850399895026897,8.676766297539027e-06,0.008982653657990829,0.000687405610434061,0.004470762483299405
6675,2.9750754844889985e-05,0.04348412296110967,0.013089979181257733,0.8688452954510447,5.904948191860134e-05,0.0007325910001386934,0.0011483233286674777,1.8774326853202304e-05,0.003582318404898922
6676,0.0012666571367648868,9.946141753709169e-08,3.5496210412958365e-05,0.014627940700527921,8.457227571208934e-05,0.9916924072829822,0.002915091571227349,0.006559068988453561,0.0006046244200726702
6677,8.584425731500064e-06,0.0021470750283790283,0.06487792500593093,0.8474160596923551,8.635954419163035e-06,0.04048808364096105,0.008211144373480452,2.6929723617454994e-06,0.001913943260887031
6678,0.050376005475108177,1.2409497881572426e-06,0.050235278660310426,3.89112849355179e-06,0.0017610287495933943,0.005139648774561125,0.0029850286802962727,0.05369329727118123,0.8061499429402402
6679,0.37186826342598395,0.0208140564422697,0.0020657750353217635,2.58878545645685e-06,3.09949549347429e-05,2.4095240534126605e-05,0.871803366413459,0.02080185525126705,0.002717609015692497
6680,4.240452166707313e-05,0.002513264307147131,0.004254955418989496,0.00029472844369295853,0.993549282882587,0.0013900737651662686,5.7548925521034615e-06,0.027177494668983723,0.003678907244654899
6681,0.00020298867211708345,0.010097814213212916,0.0002273354816096692,0.08402290862458721,5.3428480909831e-05,0.2973407744173478,0.015025806683437318,1.891897982377376e-05,0.007315222226568725
6682,1.1285840390074737e-06,0.08693180877816803,0.48551325920527644,0.0848468850033967,0.00014345128835443002,4.3639699935325336e-05,0.0005710622829477096,0.000102902821613128,0.003511006666059042
6683,2.8104582234620574e-05,0.0037389978210686826,0.003135455024038022,0.00042264573513515764,0.9874832289245945,0.0022948150179130213,5.927361587072458e-06,0.035112381991293996,0.00237990344553728
6684,0.008747584884788146,6.506467999174143e-06,0.0008883471378423843,1.4452375753577716e-07,0.0066430456108953735,0.0027666845102482097,0.005789805460940479,0.991491128709457,0.018502003951699857
6685,0.012252396506278301,7.806576602316488e-05,0.00012768510562615205,4.572264214867184e-05,0.0009606625764789356,0.9233736364517794,0.0037703856844961367,0.008266042865944616,0.003407163189136725
6686,0.08846761114199843,0.07825626765477156,2.645924256166123e-08,1.9187115932949914e-05,0.016686074549096777,0.008985737227684665,0.000312885389715513,0.581746305943956,0.04132601280938412
6687,0.0015868141682457177,8.557694293886907e-06,0.0025225866575577563,1.598439982751633e-07,0.012758751215745436,0.0035431527220219595,0.006379940551081413,0.9901221810033152,0.0010825117487966555
6688,0.0035911407239115085,6.254224182365391e-07,7.035174945671737e-06,0.003564656129456478,0.00019990022125535205,0.9851650494372108,0.007949565408636707,0.034738190376268095,0.0012225880529360827
6689,0.0019608443085493516,3.7546608634173815e-07,1.8985861529508312e-05,0.011205195787361334,0.0003379950473230822,0.9978317555592698,0.0007425674850566859,0.002656758083192089,0.0005843783441946255
6690,0.012866494672826795,0.00041068949005930954,0.010452318214702964,3.101457497751885e-06,0.015177157254676828,0.004419399227621542,0.0001196548353692212,0.0029744459043817956,0.994503421741546
6691,0.0022029751623693886,1.3055418235619374e-06,6.061220771859114e-06,0.009691197429116963,0.0004905594647708007,0.9983246097445991,0.0007650195129616547,0.002791986070042655,0.00015210719209142514
6692,4.2372922469163515e-05,0.7401216804574415,0.3125311032320976,0.005191680333663102,0.00024324764033547527,3.424572024110511e-05,0.0045963989303358125,5.060491340946065e-05,0.037258997749156614
6693,0.08816850881313233,0.0005331062441096135,6.613167479271963e-06,1.6429816526824637e-06,0.013228863884071624,0.002608814009187614,0.007018972434013,0.9534041895330865,0.009218194731119527
6694,3.7448189872337855e-05,0.24695970780841653,0.5513851031493134,0.058529690345647666,0.003720696395137012,1.0901305121668848e-05,0.005744048419744295,0.00032360562244046097,0.00016170508019195694
6695,7.934822514020888e-06,0.5438641529180746,0.39811181352271396,0.0011345157691456682,0.010393021359823767,1.3767413722385844e-05,0.01096186937528949,0.0049365553686270295,0.00022864856294780908
6696,1.0119279950555943e-05,0.9918767968220364,0.009976494063020418,0.0028514509858105523,0.004976468230786753,7.267036173421601e-05,0.00324261764087432,0.0005026016390228199,0.0018044580600324136
6697,3.7094367391301166e-05,0.29970839213561423,0.47568330112571977,0.1171901649580253,5.756630794917647e-05,7.772554350430084e-05,0.007187870591079347,3.875421908683481e-05,0.0024282946106333496
6698,5.903723686438657e-06,0.41822763979740146,0.3803990392532267,0.07274472785298847,0.0018709587381500652,4.30604781050499e-06,0.0025129121093713405,0.0028198246137447333,0.00012391896626009599
6699,0.00034342477798454316,0.019445485337429333,0.7117843167691611,1.879957219674153e-05,7.031283775403392e-05,6.987868757824631e-06,0.06591224565607672,0.006498746070007968,0.012374103930090708
6700,5.643740564707457e-05,0.016670702311306372,0.0018399961870741713,0.00017843823232864593,0.9804323681206256,0.0007984603835998369,1.129241101635687e-05,0.027333345223841884,0.004131966739383733
6701,5.433819508002783e-05,0.9282695921463343,0.05474241241240836,0.03598205928567263,0.00010238196495577684,0.00024167190117255552,0.005909227404215923,9.528251631636108e-06,0.018760191143251517
6702,5.010947895921636e-05,0.05168200564038075,0.9483486980244443,0.01916599615151452,1.208858503652763e-05,6.712862823700459e-05,0.17860306511326812,1.1396794458430719e-05,0.015865907605115092
6703,0.006588832341337175,0.001057132635612816,1.8945384263964746e-05,2.869620173090096e-07,0.04342264285042907,0.0008268757680792657,0.003836751710799564,0.997286040579412,0.0009006902468057271
6704,3.8377655444991084e-05,0.0019804891620759423,0.0043265634356743354,0.00029927943372457617,0.9932672716234224,0.0016991165962771866,6.070293107774618e-06,0.029273589227479673,0.003536090653894629
6705,0.0067420003356444495,0.001050158257456388,5.347321385251368e-05,6.136676112729125e-05,0.003263319299786236,0.9298718914054571,0.0007657947081172332,0.002769284143253325,0.006530948472651314
6706,3.055135117937928e-05,0.5546922176487775,0.3334924810728566,0.0014852062862638757,0.0015975758264088972,4.7682184549201945e-05,0.038637935649915384,0.001042757730475112,0.0009085953574886572
6707,0.0012395183845974598,2.8750770368557263e-07,1.369647143008115e-05,0.012498536724739504,0.00010734097026935099,0.9954086900851992,0.0016936231097888904,0.006686501353398837,0.00046386138493818255
6708,2.002867782922701e-06,0.08826342552039286,0.9369038107272323,0.01529381954395238,2.9093734807048925e-05,1.2553185556948902e-05,0.01076450545393321,0.00034894842530188694,0.0008339966005325541
6709,6.340027522646639e-07,0.7967991248291387,0.14397441567924238,0.0018301174945901536,0.02281419974513599,3.235991084234042e-06,0.0013752883682569337,0.007503314366576356,0.0005797563106304519
6710,2.921069596042258e-06,0.8056728450146899,0.14949865905202075,0.0040441170251110685,0.014057657254071782,6.014203208363606e-06,0.010133602958331956,0.0039563769167399315,0.00019827866599796706
6711,0.0022764114440573338,4.941542769688672e-06,1.817292657138154e-06,0.007237238602203925,0.0006837443099642276,0.9988017917168056,0.000541604710179846,0.0019706644581353834,0.00020937885836990096
6712,0.0026421854908592803,2.7106197383356806e-06,3.30699295959708e-06,0.004828595645813782,0.0006744004652891058,0.9981415888535472,0.0016892062686289851,0.003594026852971857,8.914329451954426e-05
6713,1.278200515692525e-06,0.9485332996256641,0.05137560643711191,0.0027489548293420283,0.005321687923863604,1.1056860322372564e-05,0.002421650708285274,0.00229059800087473,0.0012226488653544927
6714,0.008843653300037991,8.588627551361108e-05,5.3622828661734096e-05,8.25120902897509e-05,0.0010558435651295303,0.9712230520830671,0.0019272435917264074,0.003635374607589459,0.004701664334293559
6715,0.04215097671260551,0.00441355340821536,0.03912627112829215,2.850124267203323e-05,2.984140082314855e-07,3.531873122274682e-05,0.9995693684070726,0.008485507825649876,0.0034285042249677395
6716,0.014766250242427234,0.00028887524112566963,1.9547426948985183e-05,9.854515355765423e-07,0.014118580894947455,0.0010878740163807565,0.007284094992135442,0.9936804586292431,0.002366730005141344
6717,4.192269244372295e-06,0.9754256448223826,0.004329884667974385,0.10312538851857775,0.00041641019433046305,0.0001315474792421249,0.0007635080334463308,7.854871276474243e-05,0.0015256495869554521
6718,0.004855371626588298,1.0747233325681259e-05,0.00011589278942249613,0.00034568161226355965,0.0006183074683618359,0.9803267636936066,0.0016885927417898503,0.008032844378923218,0.0006768092021492215
6719,1.5745861533152696e-05,0.5600603783187025,0.017831617645012957,0.00045327564701797544,0.3972058213876205,7.03045576487813e-05,0.0010761098486543532,0.005116989694831995,0.0013890664049768045
6720,1.6304434045207174e-05,0.3830836873944759,0.34755858276849205,0.0006303703020244762,0.010206176377155861,2.8859247738702687e-05,0.007382214184295612,0.0031894154469898324,0.0007399982478680056
6721,1.4186085571668754e-05,0.3458167819112202,0.5767876269423559,0.14006038332889628,0.00012014089437698772,1.3401720510747874e-05,0.005104778399457445,0.00026545914076616474,0.0008402570619662446
6722,2.059790927862923e-05,0.3194740326055742,0.7675032787194324,0.0012023275884000615,0.00020619083386582958,2.1407309891698843e-05,0.003082600417620335,0.000129063528221437,0.0720904795847709
6723,0.19466803963156895,0.4568363284549426,8.046276757913856e-05,6.9072767067698275e-06,1.3331007186445744e-05,0.0001611063662917438,0.9926714753062106,0.039603390375605695,0.003965100962193038
6724,0.3228705245360849,0.0007011481868330367,1.0000797727122902e-05,2.472155398734484e-06,0.006540688292281048,0.0018878108778113741,0.006269313227987294,0.9097530429692209,0.0009774482818015972
6725,0.0032951757913661167,2.479520411609072e-06,2.750546071426713e-05,0.0017715754184357338,0.00042931723794455183,0.9966679355283193,0.0027619049663797457,0.0010631631731955363,0.0014596385785265126
6726,1.2151399505991336e-05,0.27206920505530013,0.7018767371998551,0.000738474781560599,0.0076030866983944935,1.241422286151606e-05,0.02992981366974176,0.003386178083755422,0.0004938410773537598
6727,6.735955433108732e-06,0.9151115446057436,0.028252037632745215,0.1657781610485814,0.0004953672682898188,2.6467772773712187e-05,0.0012765863025920644,0.00018235176769016274,0.0005454475929521532
6728,3.450757439432424e-05,0.5934488802487666,0.2929130918768366,0.07996945886027314,0.0024695707562372425,1.0180712643721072e-05,0.005607598431922162,0.0003742999656129448,0.00011481793275064221
6729,5.964653950684035e-05,0.7207540064458817,0.1736670632998889,0.05479322696752117,0.00033240926403949137,5.3664027856837405e-06,0.007585381075946359,0.00030684078088627574,0.005427560318966356
6730,0.03366237529694255,2.6087917037382347e-05,0.00019761436938247958,4.657461525355558e-07,0.0006983916187266476,0.004750253321402527,0.016047506616785327,0.9090862180670323,0.05612205490327073
6731,2.1294314659535986e-05,0.792479563752976,0.14926180064553413,0.07638617931833216,0.001975980453774117,8.305109105496679e-06,0.005182593721619122,0.0005777749213991458,8.922258362485018e-05
6732,2.0191495826562747e-06,0.012374397121254382,0.9542911668169632,0.0014945495153292983,0.00031248855764782796,2.7419177318547377e-05,0.0013045408086375069,0.0033993554050853482,0.003324763565643826
6733,1.0582118194458233e-05,0.7498901587397012,0.12675727465774858,0.14990765845544857,0.0004897168870592966,1.0958973898681023e-05,0.0027324128931842753,0.00027206307116003177,0.0004711854803995995
6734,0.004579476876389281,0.00032667034129358274,2.9833658439515642e-05,2.0038027880494828e-07,0.047865469808102835,0.0022845006354207495,0.006058231213216225,0.9972884704581925,0.0006391795599199608
6735,4.7352876639690205e-05,0.5268794929120463,0.021215982262104797,0.0003195698287461897,0.03523507450534829,0.0020647866074430666,0.001488785927577615,0.00039532131970031,0.01801231966279889
6736,1.778173185700704e-05,0.9449248792029545,0.04237521499950396,0.05091330747781888,0.001686052772066002,1.4215786092305726e-05,0.0037391520515573074,0.0005772114488873236,0.00010141428480104816
6737,0.0014557559238459004,1.8652244947082826e-07,9.377880358982967e-05,0.008497294231003854,0.00013997605116292412,0.9980878397569588,0.0022349160956274465,0.0020387885779583207,0.0002464716597367562
6738,8.535997391708578e-06,0.07487171739331826,0.8688808279017968,0.16440593236276604,0.00014777866571375823,5.611739682800898e-06,0.011422360670868895,0.00031647064542083165,0.0004042081553190365
6739,5.3731716952002904e-05,0.034409388506110965,0.9633955795712121,0.047443222510601256,2.6116840778899257e-05,8.95689621992912e-05,0.03935632787425294,2.0633341886449995e-05,0.005963692248448966
6740,0.0017881844166784979,4.037428542286519e-06,3.133980172832502e-06,0.0062564854169599345,0.0006482738357979073,0.9991533223275106,0.0003614872358460679,0.0008931797274214753,0.0009332402261621991
6741,0.005830145810328359,3.418963646538663e-07,0.00012369799513372676,0.005832780650797105,0.00030025751837597735,0.910451778347965,0.004544158075827963,0.01067705946984646,0.0199031040499475
6742,3.251888636012431e-05,0.8327068838924535,0.22071706934010252,0.0005691888739613101,0.01527663939608179,5.3835713951850844e-06,0.004905625877044353,0.0042844795436242904,0.00036929637256711883
6743,1.6527384539048098e-05,0.827008360832579,0.12904666948720198,0.05490069757540692,0.001966555251196697,9.359438700225784e-06,0.0059814730548215615,0.000695131651923143,8.093881211959486e-05
6744,0.004396836821003503,0.004922191144481707,0.07131397015750882,3.7894907005288414e-05,9.053410804993665e-07,0.0002826085167842494,0.9936426608423454,0.0071685617039663925,0.0012453793454465368
6745,4.792927352380791e-06,0.19948792652351482,0.6865598251419517,0.0250350773326699,0.01147959126340604,2.8978947589908236e-06,0.0071153979444415335,0.005498163963520819,4.228295682050405e-05
6746,5.990235233675786e-05,0.004481681133722684,0.001830947561719903,0.00021640116396513484,0.9951752299558952,0.0019722432441878373,2.8829915970535834e-06,0.025213321241265758,0.00467057855980414
6747,0.0058610066271346985,0.0020424715406350768,0.08500992435750904,6.542660715746857e-05,5.340721908865911e-07,0.00020829463332584612,0.9962962995654653,0.010398911802630797,0.002726683182545673
6748,1.5659568704979482e-05,0.34152929766364876,0.012552375754194678,0.7059962587126579,8.560887365191408e-05,6.021613261287421e-05,0.0016410293654749448,0.00012015632728923482,0.0014299103753743119
6749,3.22419251559589e-06,0.9171558612947691,0.033031134389886835,0.0006951792092723229,0.049238375304694784,2.9218896530259327e-05,0.0028444678517599046,0.0050770269488369475,0.0007993640300646208
6750,0.0036082599102517645,0.0023959437008419715,5.641590706024228e-06,5.41550066994962e-07,0.16933891668540887,0.007299758987771039,0.0003585979705722535,0.9950288682593009,7.279818975917512e-05
6751,4.366672317179844e-05,0.8675821416342476,0.08124425082975814,0.06480641979711385,0.002495450508025286,1.0982643116589032e-05,0.004437482055409865,0.00033932669964433957,0.00033818934491771513
6752,0.0004064864731145275,6.919563425415019e-07,0.00034895507786912664,0.033079544770129886,1.7419008907668698e-05,0.9732459480947198,0.009988367248253234,0.0011230306982469764,0.00011302957829044785
6753,2.7485809877405687e-05,0.04995340307213838,0.006909178810817954,0.00040022587334606,0.9519236138618893,0.00025698692198432093,3.964461466062598e-05,0.014885374052273779,0.0020042595043589647
6754,0.002794834301857223,2.2496908158341064e-06,3.1051427579046152e-06,0.007166512250110713,0.0002808369545127323,0.9969441738857476,0.0010883184658055448,0.004878801237211319,0.0014543505170765603
6755,0.6639908286457732,0.03462688954936431,0.004566497120002853,4.944058640417788e-06,2.538473331340696e-06,2.414384042106602e-05,0.9581946251797694,0.0035510703789535243,0.002100294741180309
6756,5.721425798767049e-05,0.005805526492829109,0.0027495957432470525,0.00024287300334651122,0.9914994256284144,0.0009591012938701219,5.326956417552457e-06,0.02365102177940874,0.004087709897451042
6757,0.001919489316110333,7.672717959098744e-06,3.1217194064512983e-06,0.0030941800074922744,0.0007696925102500672,0.9988796626629199,0.0003922130036563944,0.0011227914356919221,0.0014584231834050081
6758,0.00022467883035682577,0.9507791780289089,0.032273364382885424,0.0009326699024994154,0.005340839095866908,1.5943412175551542e-05,0.0033468081670344255,0.0007765427605990263,0.0022242297920431566
6759,0.0008640567309240513,3.520851682201536e-07,7.665060636431288e-05,0.020295635311985916,4.764364528400726e-05,0.9858714512260591,0.004944761097281386,0.0026943001751998964,0.00023695960855791922
6760,0.13738700220882974,1.6201212215219074e-06,0.0033371476267198366,1.456915548449855e-06,0.000828076478139128,0.01235449390447579,0.004728455979224497,0.2372098549784867,0.45997796343870245
6761,1.9567879847148493e-06,0.5322887812421161,0.3984396255192577,0.017843913582507413,0.00013491012591671544,1.669427505033155e-05,0.0015717131339442565,0.0001897030109196552,0.004849117123115003
6762,2.062493202819969e-05,0.1403145090549734,0.8035638003978096,0.07802017115866758,0.00042684601062076684,7.702176428288893e-06,0.023124851272550217,0.0002530730898976842,0.0002614889097194542
6763,0.1852509547864888,8.907546954348867e-05,5.508308073757202e-05,1.3005284714885573e-06,0.0013753989219157188,0.015271406521309183,0.008165603783324784,0.7582980256669934,0.061446062525597256
6764,0.0016636688023829772,0.0010997721063264318,1.7744654534191683e-05,3.354915229526927e-07,0.17587620435862264,0.012221792198944295,0.0005715501057856585,0.9938227293120149,3.393852966780103e-05
6765,0.001117310822970679,9.556824942826731e-06,1.8229687001726894e-06,0.004978445611851851,0.0002548667961507751,0.9980560236846117,0.0012525100711355732,0.0005337299699537037,0.0016254880512779222
6766,5.00274321987212e-05,0.645955493209867,0.49385202482600055,0.00014118289455554406,0.01243426486426948,8.489658292551762e-06,0.014346609971398644,0.00021973276996399435,0.00673727651905682
6767,3.733149063284102e-05,0.005849095017139494,0.9658855123797842,0.06466620348801466,1.8408790895465453e-05,5.396880109379611e-06,0.21270690943525736,0.00010689559596919851,0.013445272319454936
6768,3.42339447546165e-06,0.4398358768292467,0.3621724302883937,0.005026307659572976,0.015881231658408535,3.8929951023241934e-06,0.010350975766499102,0.00937374722229388,0.00011907167443056025
6769,0.004036190064568357,9.60259122641436e-06,0.0026876486966626438,1.1300816406805349e-07,0.010820919094798345,0.0016901404485167545,0.008750143366856731,0.991730381199285,0.0035590774985533257
6770,1.4205825408556477e-06,0.011725980771970677,0.9884740187173633,0.019605832086512755,7.452068468436754e-05,3.4740653363663506e-06,0.003914602610247455,0.0006214910456512655,0.0010456273532137399
6771,7.31945975694306e-06,0.4817632851467851,0.4001472823447349,0.005780007500726836,0.008627294747838332,1.2882166269147379e-05,0.011148872302802655,0.002448139110343104,0.00017426935580015646
6772,8.031808535865574e-06,0.6286130096159075,0.4587269641325489,0.053133400057528854,7.353668496706276e-05,1.7097375540846957e-05,0.021840440682900517,0.00026405113621070283,0.0003233916733199604
6773,1.803316332326443e-05,0.6753519991137548,0.23011373037725275,0.09926183710674229,0.0008382260738028661,8.528899593238249e-06,0.004354235644081561,0.00042275752231551474,0.0003003045560343257
6774,3.24334418224392e-05,0.6180942189677173,0.3428482785205852,0.03189197920485718,0.0019338350152992786,7.080485596980438e-06,0.024949473444485153,0.0004859889782915188,0.0001252617815096067
6775,0.9341102675276657,0.0001280359411613855,6.632176730523739e-05,2.0942829653979377e-06,0.0009526880694533994,0.00758613141306796,0.0551150911195034,0.12721482839472664,0.0040564658211104596
6776,0.0033608518112731352,0.000599542293719838,0.011889560923869266,2.6608255220191193e-06,0.021140059685469975,0.005271303821421607,0.00010740350420608163,0.006118312977404924,0.9905542619419914
6777,0.00015815420753685213,0.9640734228207121,0.023095653135958613,0.019462136113392793,0.0001218792969739692,1.338780586270709e-05,0.003626756381632586,0.0001269329401475239,0.018856848544434198
6778,0.002099356469596805,1.68667551106306e-06,4.2100564926506575e-06,0.008248101366156408,0.0005575799221257384,0.9984188251448054,0.0009015387666627854,0.002888703756808817,0.00010108387379122947
6779,0.00217932934254471,0.0007318471784926073,0.14102972611867692,0.0001054641860956715,2.1472894786644024e-06,0.002618968927076615,0.9476229817162312,0.003354993567916827,0.0002844323534010013
6780,0.0011882647675067082,9.381610588295618e-07,1.0225978015772116e-05,0.007459715492863949,0.00018746789058827207,0.9976526039196675,0.0016221328048712325,0.0011602161152435096,0.0007135959392023048
6781,0.28772611918607566,0.006513422489136911,0.001450454267338939,4.9076650650255815e-06,1.1002595700716274e-05,0.00014377490756371192,0.9065208560925191,0.055896815051406736,0.011446444725394168
6782,1.03776961140773e-05,0.5701057351177201,0.28949928232440697,0.11011244271891445,0.000957642215629375,6.097603629159155e-06,0.004195249245362319,0.0008874074173705347,0.0001343114860541682
6783,0.00490644184324434,0.7708326057632525,0.005335201004927221,0.0003303288788061278,0.00013357021341472823,0.00012281637012817197,0.034505655693409666,9.348576676600436e-05,0.8664891859462854
6784,0.0005565701898955565,0.9600685808559255,0.024509797021855153,0.008193643696584353,6.760134805738889e-05,2.2527954974784295e-06,0.015775885758547173,0.00031552912651028624,0.03329564880931389
6785,1.607812796658321e-05,0.4872000464098031,0.5297245051535308,0.0010239288455781048,0.004700197692050685,1.3040141349103375e-05,0.032397781271764244,0.0016363231352381576,0.0005406723006911583
6786,4.498306546991141e-05,0.9176658043293875,0.07926334105465858,0.0376162107387482,0.0001743211244222065,1.2368711964247014e-05,0.007479442781384262,0.00017928156609019362,0.006709210642228061
6787,5.377302310644791e-05,0.006086791569467139,0.004070851447446624,0.0002817893201896803,0.9900813067835875,0.000682606437173963,6.82575390641683e-06,0.021450739422309854,0.0035494053487065873
6788,2.609892046937657e-05,0.9723207297678256,0.03508461254153241,0.043488610371586446,0.00030713600663759364,4.1867647936798464e-05,0.002932039692497255,4.208026634230434e-05,0.005325208000228581
6789,6.107188822440833e-05,0.007133311924076257,0.0026955218569962858,0.0002408745583388996,0.9913212207291927,0.0009034808574138027,5.6012965600369555e-06,0.022725671720319182,0.00408893072052261
6790,0.0011969550314505518,2.518327362929975e-07,2.0364237933947322e-05,0.015396249699217207,0.00014543633005976468,0.9973716977045171,0.0008512329664914333,0.004597121890511579,0.00030271370619864104
6791,0.002708966730191239,5.2575969315822965e-06,1.0132104280858684e-06,0.004352042653770798,0.00029648952708807565,0.9957267957582774,0.0018725830372488756,0.0029215815299573717,0.0037682379363938273
6792,0.05694023545617797,1.0126130886704193e-06,0.026294808414969645,2.6430080146913555e-06,0.001775517695452447,0.007278301211009084,0.003490705475455471,0.09673768837071972,0.7304002342114717
6793,2.8045643184705587e-06,0.7000509809493068,0.14246091025358332,0.11121255519696514,0.00025197255014647936,1.4419661433906068e-05,0.0014986315347365017,0.00034437022162308657,0.000857064433394943
6794,2.017996857740881e-05,0.292103977172255,0.8051471114834042,0.021558076939600303,4.1554839298011084e-05,6.1957370112903e-05,0.052255629185140845,6.39764556762011e-05,0.0025416431137056847
6795,5.035268835541128e-05,0.009018974658414182,0.003634888733199287,0.0002904377077037474,0.9872549901714965,0.0006374462192009615,8.175533254773779e-06,0.021396970826029333,0.0033067267634095043
6796,0.00013377684197005154,0.9374784722429553,0.002594407319845169,0.004637232830943735,0.0004554502915895635,2.7107600422089892e-05,0.07165799171285996,0.006859108171961918,4.142158012053977e-05
6797,6.0681539629499143e-05,0.5056634705670638,0.6196981651810547,0.0017552837223269854,4.8669425256067256e-05,5.1184735363216056e-05,0.009688324455044237,2.7334897628965728e-05,0.1863145120158648
6798,1.648134018328598e-05,0.5628816401934558,0.4145010540252854,0.0004903967568124654,0.007665019906656322,5.217133397362663e-06,0.02816842186959875,0.005377841937865617,0.0005970607771224364
6799,0.0031816264980394178,6.065327614106656e-06,1.1896773574492819e-06,0.006845225274495372,0.0014866968777268032,0.9985334253982893,0.0006130713571836442,0.0015898956249435936,0.00016224717258101837
6800,2.4008612192103524e-05,0.7528229184535127,0.1765660612632428,0.06667382029883646,0.002139743827303348,6.889652265834432e-06,0.00805816392750207,0.0005555652352082386,0.00010406294566627231
6801,1.602865070195317e-05,0.45467143743671207,0.014983626683144268,0.5502104489790736,7.489120428486216e-05,0.00025910005805676156,0.0022157691653963826,2.9956580694275935e-05,0.0034169917664032155
6802,0.00488993345268528,0.00034186392150958194,0.005349825281440306,0.00043615929073682495,0.020720237195699993,0.003906535372752351,0.0001471515852294701,0.0012693793423023717,0.9807976182548913
6803,1.6925766932092318e-05,0.9215765844186361,0.05407858247089199,0.075798463405298,0.001396749727466135,1.2916984473842988e-05,0.002461343152031709,0.00017457270803905554,0.0009371739783557636
6804,4.807163102150016e-05,0.5916125405701096,0.2977504576729108,0.022472945076565155,0.0037731336206316525,9.66676424473698e-06,0.021960916797084326,0.0003959252389962871,0.00012198048509509297
6805,0.008910297948953778,1.6872854913738923e-06,3.0640437675383304e-06,0.0029993800065769645,0.0002413445645633631,0.9840019213844924,0.010163412902653483,0.04272148917422223,0.0013906979439656736
6806,3.20510606396043e-05,0.0008015366682533895,0.010752821755998196,0.00044951118058475455,0.9918851191356715,0.0014575824040972494,5.819707633592769e-06,0.03813390371007558,0.0020208242714039233
6807,2.1976079604822128e-05,0.6960308362207139,0.16281052900720486,0.07003761808380861,0.0022091281972562208,2.5488964658976347e-05,0.0023077497344721662,0.0006090123247143606,8.933518208157432e-05
6808,6.445247156249105e-06,0.46365718765265646,0.3969136647172384,0.1721421368312028,0.0002912130560173581,7.2796246197826095e-06,0.0028324017023711187,0.00045634802896168567,0.00045968280215671756
6809,1.1340125633200445e-05,0.9037704280346284,0.0706887188643724,0.038719672936371005,0.0013166509625384343,1.0161876657970827e-05,0.0021152905250192353,0.00028029429236248096,0.0014090607702043315
6810,3.9560430218205615e-06,0.6425086652092795,0.2810599829958951,0.04331959745209217,0.0010045220097021457,6.8093048801780185e-06,0.004160461697725785,0.0012090809837823136,0.00019298889317462045
6811,0.00038797220114856053,0.9116276761980086,0.10865306437258322,0.0019454072760125474,0.0005865695539257304,0.0004112300311695528,0.05341000301392925,3.296573661643517e-05,0.010843207782701555
6812,0.0026461785333104135,0.0011401187171791243,2.6501914942685475e-06,6.449437447019212e-07,0.08049384993833421,0.0032299276920209384,0.0006161558701070652,0.9989301413149917,0.00030506173122719536
6813,0.00019210973124146613,0.001372507759459246,0.13215773811122625,0.00026418996911391554,0.001974577048982192,0.0257823466733098,0.00036639885501222794,0.00011899522376133088,0.7269510066347725
6814,0.005005733869183049,7.556573532613554e-07,6.338520426333952e-06,0.008605943022583103,0.00015727995539239256,0.9892649473326214,0.0033606162350284315,0.017183639727646496,0.0017866862844871725
6815,2.7909171421264184e-05,0.3223444107537512,0.5530403534572587,0.020880428641673398,0.0006284732915418808,9.157932066483943e-06,0.05997904971871983,0.0001945251734220832,0.0005297624822084335
6816,6.527033258158242e-05,0.16874074884237733,0.16507110548971513,0.0001071490167648476,0.0015828904199832712,1.1930341225506192e-06,0.000405615547944812,0.1083573665685193,0.11226467519515193
6817,0.002727757204968982,0.002584815814460019,0.013736141439785538,4.4095093804570764e-05,0.004570870539285138,0.007948649826170547,0.00011639316400007237,0.0006012202298602446,0.9727081368590614
6818,1.3273255058619007e-05,0.9798134910660741,0.033031423746713494,0.00839354638994443,0.00035859581247855114,6.917250079610509e-05,0.007465629838374078,7.092473918590731e-05,0.006113810613321922
6819,1.299315637750732e-05,0.5631267509868031,0.32376808245344296,0.07247702230740563,0.0005143701584223006,8.560408822230981e-06,0.006416350449277093,0.00029268854048409713,0.0004383082598780912
6820,2.470313003690759e-05,0.7904576831320645,0.22004172911205283,0.0005339581020895978,0.013050835325992861,4.6948538141226005e-06,0.006827596582532257,0.003912382419318212,0.0005403442500316017
6821,3.2424077853913346e-06,0.1060250374171985,0.3671431792233542,0.6448604034536506,0.00010301980602624837,1.8197511130521455e-05,0.0017001167853546975,0.00020261028388501216,0.00032794304707785656
6822,1.9614474534001895e-05,0.941732866955395,0.053991820303839595,0.01368598688154496,0.00010018862667807457,0.0002599069385428644,0.007740000617422406,1.3260847773419696e-05,0.025749258449745297
6823,2.934693973998453e-05,0.7043091418779461,0.19888483056804468,0.036229828569398936,0.003825150403849076,9.529981370963597e-06,0.010658050215273768,0.0004625288406388183,9.650245615371116e-05
6824,0.003163096610397346,1.8677502296549698e-05,0.0005131421649707893,1.5746035187938888e-07,0.01860495484063723,0.000753609871491789,0.0023300876775906865,0.9989268644894717,0.0023351669711127983
6825,0.0024392836374152573,1.3399366413913728e-05,9.201389822474092e-07,0.0053466799022350965,0.0009705408926730665,0.9990769108606945,0.00034408645022398126,0.0007915456071846484,0.001077409240005241
6826,1.4215249488376942e-05,0.6434725301694063,0.012832553100601045,0.000582061069285453,0.6144202837714056,1.3883961729684091e-05,0.0002878776447112925,0.007300710777266275,0.0013262376006351248
6827,0.0011778286430745419,6.439671649184368e-06,1.5091682243241005e-06,0.004716619682614499,0.0003521212469247219,0.9987801674995799,0.0007526014328514272,0.0006641409858314956,0.0014189004831088082
6828,3.389729517444965e-06,0.6488847115868163,0.020552714724333124,0.45904409506361193,0.00038221504531499995,6.749994020074985e-05,0.001087488938602293,0.00010057816756176953,0.0005073566836916145
6829,0.0024807162876725694,0.008000721929982172,0.05808841592138888,0.0001137992922155484,1.807070657564063e-06,0.0016930551352084269,0.8963804724721934,0.005143824954281282,0.0002155141731059089
6830,0.0010953674521739722,1.8483801397761287e-07,2.6276529675407654e-05,0.01742606862753887,0.00011587076370590383,0.9966304821772868,0.001047742167028257,0.0039253593896422575,0.0003542892439187744
6831,2.442687862873797e-05,0.8877112608815381,0.1668825028487964,0.0047631704457369185,0.0032388811196377917,1.293640401904827e-05,0.036462408996412385,0.001319690837689421,8.524646001124064e-05
6832,0.0335932584120737,1.3020083774932065e-06,1.372391282542187e-05,0.0007980455975024188,0.0002942086103816198,0.8100550686593508,0.009975601191067213,0.04477958827937534,0.01996696299451899
6833,2.841321574129089e-06,0.0036676916836999303,0.18050206765843418,0.9603925245663181,1.7635187007920027e-05,0.003995882394174549,0.0033934928179901016,3.1657435965535278e-06,0.0008006044596697565
6834,0.007224245644175229,2.799693165207836e-05,0.00015697007164152966,2.7746300246422174e-07,0.007764940689134638,0.002127309029575788,0.003317445239171207,0.9947723857079135,0.00870562983968162
6835,8.21691704589263e-06,0.9621744111525897,0.046963151604646584,0.002552642290538465,0.001355366640950394,7.966007530617702e-05,0.0059927218390371205,0.00021676358024244933,0.006020740568894266
6836,0.000591578184690636,8.551056649220679e-07,0.02218123539966115,3.360211780380785e-05,0.00019676293179053995,0.08464204901968572,0.0840333061487077,0.23151256891466732,0.0016426529446898752
6837,0.003012371811610571,1.0644303299614234e-06,0.0001212393512317109,0.0020473734123858814,0.00024537900713717507,0.9949455494121281,0.0030835206530079257,0.0022882261317875383,0.0004802596673367478
6838,0.00020141434969944092,0.7642623418287442,0.22928216112735939,0.002313235352256903,0.00011051781339412348,0.0003888584925790437,0.007317639072584058,1.278591403459122e-05,0.14391604004106145
6839,4.0350777877120585e-05,0.03561458836598798,0.9537682605842285,0.029321718953797937,7.415790548324638e-06,0.00011451690795057184,0.18358187309357885,8.436544208713048e-06,0.015187318599864674
6840,0.004812449024947931,7.327339940820727e-06,0.00014424208443456776,0.0003768788443681744,0.000591083769889076,0.9811080991699983,0.001919262642857387,0.00977019185361608,0.0004749982545819167
6841,9.974411038874339e-05,0.9389692397275142,0.046957007436476836,0.0002578998906584715,0.016891874843380977,2.3346516992459923e-05,0.003773940833561309,0.0007536488873273279,0.009838530026630758
6842,9.739614638766547e-06,0.582124019559179,0.27330176005400764,0.09886446665234314,0.0007095187619946378,7.485539516713061e-06,0.005228613605660655,0.0005290939354803502,0.00013028933525085625
6843,6.162070820227558e-06,0.6797549627970435,0.2815178204607209,0.020801952041625906,0.0005242698181205964,6.0245981755589635e-06,0.0021335829852314804,0.00038924409442755536,0.004260137950330845
6844,4.25441643796589e-05,0.6951494556242837,0.3181910332167653,0.0005390144703440266,0.008195916681058733,5.355927829778779e-06,0.009310456884892189,0.0024572151228098075,0.001096076599571487
6845,1.3205920886941912e-05,0.013663920277922766,0.943534824154442,0.04927727311599556,7.897967496013943e-06,8.751491864774242e-05,0.08333814490123664,1.1872914928604086e-05,0.0194116061227887
6846,1.4442302876997049e-05,0.059399034462797755,0.8063130605051425,0.0005995509751137848,0.0004283088477751436,4.757939091787498e-05,0.32300136976659005,0.001664638560404419,0.0006013437508877287
6847,0.05036553171502885,0.011369168518253743,0.0023365326686517894,2.0135665638143034e-05,2.298841262501884e-06,0.00023340859307150542,0.9741438663515813,0.021697427557574322,0.009257134622529034
6848,0.005868389185495855,2.7621482734339285e-06,0.00047725111447932515,0.00033953306498296556,0.0004497280821636232,0.976698862250247,0.002937662058412555,0.009039999653050999,0.0005184288749685768
6849,2.126584264724827e-05,0.6511916808613897,0.3265894568120904,0.05266001529589143,0.0007852596981101806,1.0934481677842608e-05,0.012046392201754843,0.000440400503479957,0.00011657089252155161
6850,0.020718097037531788,0.0008745902259252626,0.02182881150794692,3.00483416626411e-06,0.011117039771139368,0.004231736953288146,0.0003071824738461587,0.0005092402343914639,0.998050038907831
6851,0.04521856825025906,0.0011627011041583308,0.001435507696058543,2.3845307717944315e-06,0.005584831764220018,0.014625129355444232,0.00020775856498805197,0.0023025663525724437,0.9790454909665819
6852,2.1377267795211986e-05,0.1729823457851465,0.6678727936418144,0.07047110344561283,0.0014409300254473421,1.0097996175224e-05,0.006775184948449151,0.00033767171998316673,0.00018516189061964816
6853,0.00446570259369214,0.00017736047027597446,4.306833784344193e-05,2.5833739014945487e-07,0.034433818936346824,0.0009349265242577948,0.002103012300060982,0.9989952381994714,0.0011749303677171118
6854,0.0026360335008194197,0.0026715377315425235,5.30410664875832e-06,3.9472345371237865e-07,0.17124116706129644,0.008598769081911754,0.0006037917528444283,0.9964484332728097,5.662988633446346e-05
6855,0.013516622329014539,0.0025797722820521353,0.0002690798805008367,7.916932046670199e-06,0.0001280824851163837,0.0005753487343174451,0.03139803223371958,0.7658796376596959,0.003752177449856023
6856,1.23878774269724e-05,0.2301612420352199,0.5476482185220249,0.20514200502553362,0.0001519334724704313,6.353724848153354e-06,0.0051616718121214825,0.00038562656739077724,0.0010275268746028348
6857,0.00028487578927416797,0.9744989844941356,0.02394213577126016,0.0021050362635415347,0.0016896690540936937,5.8073880986817756e-05,0.004526281528008748,0.00023292419424906155,0.0022227285214977215
6858,9.891331846740895e-06,0.4591161367217078,0.4218326455826552,0.13899112779476228,0.0004712681208594719,7.5880952390931e-06,0.004731964718644569,0.00046710323192677067,0.00013868691788465268
6859,0.3561619166751766,0.34621218078750776,0.00045989455063381326,1.4828566783381331e-05,4.202822558815415e-06,9.920423461136244e-05,0.9421009536692039,0.0024498274887098347,0.001463431985888619
6860,0.006753989234860685,2.680378594735211e-07,8.140111680191296e-06,0.0055877322327637004,9.131322533948836e-05,0.960595977433792,0.018398900041247924,0.03722202124508625,0.006405668922552652
6861,0.0003935711187485468,0.9104890816973779,0.0044382356728082245,0.0005581296905099574,0.0006040472691014777,5.787258048603738e-05,0.22989842478737016,0.012012218230583682,9.988290749385392e-05
6862,1.5567486024442394e-05,0.4592032923497268,0.4067147854242178,0.13024792242800984,0.00048004708323689263,7.221094561351863e-06,0.005768825621856589,0.00047085597457746935,0.000280656222045151
6863,2.391262514603136e-06,0.3809278978970863,0.6471170593242531,0.014570668368513943,0.00027368057956629,7.2546304670477875e-06,0.0025473263181911847,0.0005850890623426276,0.0014095859974337206
6864,2.5717296827896187e-05,0.01848586917048925,0.009164201352897595,0.0005401208450716324,0.9626298501186737,0.00023912245519414071,2.59609616153184e-05,0.021168315583588587,0.0018292398620635903
6865,8.581149535497069e-06,0.7557571035938117,0.23670080109498884,0.0009473107579951118,0.0136293046452028,7.126709705298716e-06,0.008043764608686223,0.007944563297389963,0.00018585104958000875
6866,6.88653145355895e-05,0.005973217967352437,0.0013171115761540283,0.00024231496633807364,0.9948692252184876,0.0014751951544173568,2.532284903516412e-06,0.023476930955991786,0.005380046529733065
6867,3.298389781587427e-05,0.8615447581661994,0.11350496504270342,0.0172492079985615,0.003365690229980139,1.4018275839357244e-05,0.015247874504189435,0.0005990461166654537,0.0001590006509404405
6868,0.012198404392343815,0.00029698779500162613,0.018518106837015543,6.777492273730271e-06,0.016161959303221483,0.005660480113187505,0.00010442600400502861,0.0018788086874091034,0.9935641337698142
6869,0.001488253957381952,6.79686113012798e-07,9.125239325572992e-06,0.008727690897629311,0.0002829828781913738,0.9980112257566544,0.0012040079514684528,0.002774302985763061,0.00018208590946220622
6870,0.16176679497985366,0.20263179405141976,0.00026957933880532574,2.363307448931478e-05,2.0909867110393063e-06,0.00021870674402056726,0.9922172459569094,0.0014527873897255189,0.003738029070909934
6871,1.8078367725925138e-06,0.265577785119636,0.2721948982760073,0.0036963683147527137,0.08227783764538849,6.6786078405828615e-06,0.0025385288986564222,0.01671952737945939,0.0001319190225757166
6872,0.003574808531904626,1.393388872799791e-05,4.549788410020534e-07,0.004719340568546709,0.00047189572994888596,0.9968581479719204,0.0008617210300140884,0.0036962837660291905,0.0031709278678309395
6873,4.4753706854065145e-05,0.004310651728183664,0.001705251934928438,0.00033212995903584257,0.9927711038224881,0.002129420951308413,3.6828926858239085e-06,0.025173182973908456,0.004287189294389171
6874,2.8834604450251975e-05,0.8883141776250855,0.09997051560432667,0.0005985892774559736,0.010704169383722643,5.151526725575901e-06,0.004890088618257532,0.004786992065128133,0.000726608036370335
6875,2.12177429350571e-05,0.029873362793669454,0.016117713584666155,7.602654316670139e-05,0.9285549327355986,0.00036697728742518483,2.696476376094324e-05,0.02159985829312451,0.004198856115829963
6876,0.0008702398820761221,0.018873108093496904,0.053413475103967545,0.00033879841322153974,1.3132433596218798e-06,0.001053121681197026,0.865859030902766,0.003416153232858203,0.000322402527307437
6877,5.023804504487388e-05,0.005645117381914218,0.002828696550363725,0.0002763231023048258,0.9917851527026729,0.0011201899359263249,6.0444547201293576e-06,0.022457325185896087,0.004067047194422271
6878,0.00867454768372249,0.000525952702146304,8.525508706008699e-06,4.879659159085769e-07,0.026274558931866147,0.0012612971722890875,0.0028931839390478535,0.9976670080423342,0.001841987946623566
6879,5.494890219008754e-05,0.13189147452129693,0.4377483522119529,0.00502198453555716,5.391905551033139e-05,3.072881355619535e-05,0.26185932694092756,0.0006835259221112234,0.0003344321569118383
6880,0.10708390838806174,0.00029649825009596143,7.05901745894664e-05,5.947520707250864e-06,0.0008337811960333875,0.5385532869844671,0.006695163537477997,0.07347661386723248,0.008068681519939988
6881,1.9418080433208504e-05,0.392152522947595,0.5056612960199764,0.0901325279820687,0.0009024513817102276,7.943223043348475e-06,0.006497273705203303,0.0004554415474071332,0.00016790253040639783
6882,0.0008512742068937884,3.4535880914480457e-06,0.0020625975348155193,1.4646211921569216e-07,0.01107246441524155,0.00039628895088461027,0.0008746400595478014,0.9994663310809577,0.003021205728128049
6883,0.0126642664968325,0.001016566300661348,0.014401395733968177,3.35836297639108e-06,0.012863661571317842,0.0038468863741026515,0.000152980730373432,0.000869585872517069,0.9977976487745162
6884,0.0018096742547786702,1.4234213644575174e-06,4.814627351022126e-06,0.011255475152356285,0.0005082310872268021,0.9986367088343824,0.0005187275795488869,0.0029871141225529412,0.00010192675238095933
6885,2.3277849566589737e-05,0.004509510412987986,0.004404766562871721,0.00024360691384292706,0.9802980465460844,0.001341649541084894,7.441432005135758e-06,0.029234298673210514,0.004795654139652086
6886,0.042435299098028886,0.006522392601760514,0.025704258670132023,3.3318561398416885e-05,3.078424928144945e-07,4.6013882633490406e-05,0.9993340757702812,0.00841082572465919,0.002583665492865883
6887,0.0028406960285811086,5.862059616628838e-07,3.924235694843654e-06,0.011455644649923205,0.00015504981115604737,0.9873161722837058,0.0019425366516491473,0.012637546729837489,0.002800330255195225
6888,0.0005551938648460796,0.9962494824035861,0.00494513426262898,0.0057119610858616145,0.0002104912005527296,3.0531450750191434e-05,0.0026765163921728184,2.2194294679835002e-05,0.08098223816119658
6889,0.004284466222199357,8.385253392028009e-07,0.00014115063244960404,0.0013473077912757353,0.00028653458565879817,0.9926711194301933,0.003311802230351606,0.003894902827789906,0.0006908941036501189
6890,7.388210735793001e-06,0.6056653915900447,0.1410669806806015,0.0014364710762970452,0.0013657661358043634,1.2326742317966192e-05,0.04914600214862754,0.032513699226596554,2.0488938469756938e-05
6891,1.333943729289864e-05,0.32158014072287094,0.6438226343157821,0.0007069398987350216,0.006028577425118494,1.3847204316274167e-05,0.026065480199134995,0.003401537442273208,0.0006177463264528407
6892,1.2577574838246868e-05,0.9802110352975644,0.01534215489517475,0.01092659164605926,0.007772434336948749,1.1447770616133326e-05,0.005631250460764447,0.0004681728427739335,0.000632337763064239
6893,7.038088065313137e-05,0.00043800455194298484,0.02888015886383168,7.543282203655525e-05,0.03305347753804519,0.0026665868376590284,6.939147866337544e-05,0.042617221278174584,0.6092991105345759
6894,0.0016806671882715664,2.2362818679101474e-05,1.0999954145620425e-06,0.004212868073714345,0.0008280072412397774,0.9987596994641842,0.000677489008884441,0.0004014729507846453,0.0016853019669306566
6895,0.0062277600443884865,9.300617273759587e-06,0.0010761590855780181,3.7331381387768253e-07,0.0029924302369659455,0.0023070972099679737,0.0021587087075641102,0.9913596275605241,0.005968749659527017
6896,2.1274804420014895e-06,0.2905425536448346,0.24766375041841665,0.3712490585545095,4.992721701374719e-05,6.186569887257328e-05,0.0030381926154214225,0.00018633083392657242,0.000198615071270414
6897,1.5661169686284288e-06,0.06193827880452848,0.33504580214028723,0.7637164728631786,8.872280317202045e-05,5.425265916315236e-05,0.0009784457597919567,0.0001672544637239022,0.00012808501665966722
6898,0.010550854689038646,3.2576813619936952e-06,0.002157958594096263,1.6338562207942422e-07,0.0012955953270505833,0.002902770230345945,0.004495768771569568,0.9753389533351088,0.046199108367997455
6899,0.004474788730693399,1.6265042721011124e-05,8.037240782731473e-07,0.006895701912707453,0.0018246661487478343,0.9985327867240279,0.0006510321732864316,0.002341735356190544,6.24703813476295e-05
6900,0.05992820380265106,0.00011643460753635687,6.371935236552843e-05,2.2001038988685928e-07,0.0034419104310585984,0.027422796189736386,0.0025302381891514247,0.7782191214785384,0.1330904740868017
6901,7.349094837356966e-06,0.819661501744793,0.09820236180993307,0.008670184805044055,0.018310393626810206,8.568818444318001e-06,0.005096433226725322,0.0020149249234861057,0.00018781831470385255
6902,2.570734952987031e-05,0.7149552417198433,0.16984363539053,0.07301692403297609,0.0013681688443121834,5.639482663995545e-06,0.007253528625319161,0.0007990216603281788,0.0002245042420574365
6903,7.033068510863968e-06,0.9925998849062484,0.011911685195657763,0.0061940771297757475,0.0008084737534741676,3.398963581330928e-05,0.0033800226915101823,0.00018281986951713573,0.0031756593297568225
6904,2.172613350697707e-06,0.13278136581047026,0.6311871934765159,0.1811554239116303,0.00011162414879913007,1.528394777056581e-05,0.00207804497982175,0.00034254753107102826,0.000335825706167358
6905,0.00017315257749306282,0.994457688338535,0.0058902889581118984,0.002100866484696335,0.004666409730591698,0.0002211398418528944,0.015345428756816904,2.5176095668811636e-05,0.007292698971269666
6906,0.0011198200590584937,8.283308277501852e-06,2.324508523902281e-06,0.004961114516075916,0.00023120573622317683,0.9978877768059262,0.0015223889288837388,0.0005526312749769398,0.0014949637767973233
6907,9.479179854141088e-06,0.12220964451679724,0.5078176464567512,0.245036096422,1.8639144212394463e-05,0.00017312493434407247,0.0199185035812269,2.2710354054410997e-05,0.0014695017058272064
6908,2.595163669889298e-06,0.7616227396904071,0.017905181415856404,0.3717715182182962,0.00018701660661602128,0.0001115527580550796,0.00083677836884932,5.550941546884514e-05,0.001216714627806113
6909,0.0018112045964053726,1.4262902922468062e-05,0.0007377722453745633,2.1065783050006043e-07,0.0201921070434908,0.0024135580656348384,0.0008783260583524173,0.9973420813899228,0.0014451351232720895
6910,0.0015213966806646455,0.00016188134616040392,0.00011532881972298466,4.407464806497301e-07,0.0530385922619006,0.00830715692976295,0.0005030010080239557,0.9942131196115996,0.00012350026932434166
6911,9.779192266179557e-06,0.44050202032826047,0.5447426411907714,0.08330865906773492,5.305564339158586e-05,3.466262427431117e-05,0.010997173257982688,0.00020089466732541142,0.0003861546947618758
6912,0.0010415162389275023,0.00047204961951845525,1.6529546087734745e-05,0.013142101538610583,0.00025957186008301056,0.8669229146491315,0.008175017293713331,0.00015801426952158178,0.005779879054697102
6913,3.168977921807e-06,0.7393716913371415,0.1809750711823153,0.021122167910922165,0.002671007167904721,6.652641370210934e-06,0.0045560540147118736,0.0023438953041840017,9.144525004669818e-05
6914,1.3474601203606435e-05,0.944067631579713,0.05090321547254397,0.032062453741472874,0.002490554118718047,1.2052847462160842e-05,0.0041990901735749694,0.0006055986215723157,0.00019477791982850832
6915,0.012235077889351857,0.0024675541966949445,0.003636782172577462,3.903689872176154e-06,0.015160741111620456,0.00829589788929776,0.00016160154938793452,0.001294676082316829,0.993837767147564
6916,4.375450804795581e-05,0.9170406854464862,0.09814846990725604,0.02394396935240091,7.803433169838975e-05,0.00023154463810666284,0.010104230413272861,7.400199992785784e-06,0.021836230586561492
6917,0.04997907413348324,0.00021681308224059622,1.885907794005518e-05,1.5892871378779043e-06,0.005585490343005481,0.007917874694426867,0.007577245530025867,0.9344944669051855,0.008939476823018412
6918,0.0022664125895113033,1.1489501905397206e-06,9.14180153930255e-06,0.004240825187030533,0.00045619517234979514,0.9979389608952949,0.003253464593060793,0.0014966441290615723,0.00025093227916711194
6919,0.0010437411750782535,7.03778320255503e-08,9.585037252810138e-05,0.020470410191524322,0.00015668232344310577,0.9978717735608881,0.0007986080914847959,0.0028111076895442435,0.00016936751649278644
6920,0.00589556771664582,0.40557598417015867,0.0048343201080733285,0.0002868914120239745,0.0005632400821576202,0.0003973034053159119,0.0076307820353128195,0.00012202214765980121,0.9365322906904283
6921,5.51660223130085e-05,0.9078435970783753,0.06002238530744756,0.0029982561203421255,0.0004675835125892964,2.1789962274885237e-05,0.09523883175518959,0.0010228884045786672,0.00011903144103232642
6922,0.007377599138961921,0.00039133503654625873,0.015432895416746516,2.7561284936749907e-05,0.02701990050912245,0.0038206618796932843,2.375888332152214e-05,0.0011800005321993409,0.99373406451405
6923,0.010076401186655584,0.008733796916990522,0.0004281194397997444,0.00018575742466859718,0.04217238043889144,0.0008709974208684187,2.1464164044111025e-05,0.005092771503085876,0.9293681193188892
6924,0.0080515613917995,0.00021812353451895544,2.3727036665886834e-05,6.455518012428491e-07,0.013378410340950681,0.002446160413632432,0.002817058318264072,0.9952136592680864,0.0024507380065199335
6925,0.07381916983604822,0.0014457767548368757,7.942762006469615e-06,3.2704134455320223e-06,0.003715106840924419,0.0035399224173101613,0.009280294345379601,0.9088167084770934,0.003569408802342633
6926,0.002845992732674407,6.8727992829977364e-06,5.370219735105592e-06,0.002984467361674129,0.0010117594907430728,0.9984200440144021,0.0006043514897891231,0.0007960373958060331,0.0014187589520207806
6927,1.0086311055239632e-05,0.055900215601447416,0.8947595811802538,0.1885423008485801,0.00016938892763190467,5.233988288281086e-06,0.011079482781847083,0.00030661383405205866,0.00035146349644103926
6928,6.362989147758688e-06,0.5921298521889939,0.2616219226908901,0.13938324030658347,0.00024962543688831644,1.218936280574044e-05,0.003015876626059839,0.0002645557390132194,0.0005187097477530914
6929,6.0842820803591644e-05,0.5498115790192046,0.09979721719431428,0.12167404512449455,6.312583052945205e-05,0.00045158060662508245,0.005010044584332093,6.260959206788001e-06,0.016290201310819007
6930,7.084157926986083e-05,0.421022216341552,0.17661158793089202,0.08432683734343073,4.851759710879482e-05,0.0014057135108225581,0.008670388592560705,1.9333785988042786e-06,0.03088257347006502
6931,0.0010823088959558771,1.7630658481227138e-05,0.0004379184583287287,1.0368093608427465e-07,0.021864207561681396,0.0006440091757512309,0.000636554300418803,0.9995053089799056,0.0019116857161085535
6932,0.008758099848844259,0.00850136723675558,0.04138818689672749,7.283529743671315e-05,9.702813025152198e-07,0.0002654061600005692,0.99346274270183,0.004661991797855288,0.0003939802481192691
6933,0.001976963792397992,7.8624609081518e-07,2.2119228516695437e-05,0.006256227661653815,0.0002968390847102643,0.9984977130190631,0.0014035129751585255,0.0012693887257961515,0.0005670656354855756
6934,0.0022846110744426077,0.0001474364034958084,6.132666753581773e-05,3.130156580262916e-06,0.0798936387930271,0.005814785153258339,0.00030292265638511126,0.9888743273683367,9.424325007059093e-05
6935,0.008770062312498798,0.007087977301845729,0.01179256373778192,3.947180349266785e-05,2.9490691605021674e-07,0.00012381210477073,0.9983398173891994,0.020755841006865748,0.008410287964661143
6936,0.005610982670466028,0.0007360898112137392,2.551994473640973e-05,2.611266069071997e-07,0.03837259887133349,0.0009868784610708359,0.0028216248696397825,0.9976438382660096,0.0009704056306767938
6937,0.003875824547803834,9.39050274454937e-06,0.0018647340677985537,4.1824412721156824e-07,0.017942449981844088,0.0006268971257600784,0.0007486398364971537,0.9947470612279256,0.007343527726757151
6938,2.233609179948427e-05,0.9538370165411564,0.04085262106061028,0.04124441548251906,0.002304807529757563,1.831209190632816e-05,0.003505022547855166,0.00024400074917427017,0.0004371755670914001
6939,8.330975091805835e-05,0.012901071906289299,0.9209038978272365,0.021873656947656278,4.407575189100722e-06,9.024534174237176e-05,0.5080435725125312,1.2549748636246685e-05,0.025388172531418233
6940,5.619246993196864e-05,0.003949049755741102,0.0029683700457332697,0.00026163104685556036,0.9934054461672791,0.0012302152266236905,4.842172821915734e-06,0.024211239383748865,0.004105981286227066
6941,1.242962177015622e-05,0.9753969845755733,0.013819250642987327,0.00010399234297230137,0.20526380069941427,8.454551020131191e-06,0.0008905358727371471,0.004398110096202647,0.002005897814241855
6942,0.015477529067471567,8.107387606134506e-05,4.290709465213933e-05,1.5287681437285242e-06,0.01974219768743102,0.0011798352656546098,0.0031612608750938164,0.9950505174955687,0.003460189136455631
6943,0.051425105721444736,1.6851172122422581e-06,0.003282402669055084,2.734745112166221e-07,0.0014287435467622166,0.003342082424745949,0.06272557927501518,0.8583904479739262,0.1366870645329478
6944,1.8787779124349155e-05,0.08612331709543078,0.9541972917307306,0.00028547347163118464,0.0003531163685869398,1.7283828331574173e-05,0.011447041417700867,6.764913712422879e-05,0.08456077090916411
6945,0.0034439521088095227,0.0005817412448992311,0.02049873047140664,1.9843467799351966e-05,0.005474386526571323,0.012666157154743205,0.00018199305525350398,0.0008556407081699919,0.9910190520040065
6946,0.05718883247588958,0.001142109961938531,0.00027347237780868253,1.9005974936614997e-06,0.0033328390610797174,0.02042660416015156,0.000170035997124727,0.008551299718596743,0.9475350456443935
6947,0.005485347687016447,2.4571230993360652e-05,1.7378315937084705e-07,0.0024951661640838945,0.0006209402728522558,0.9943967778697864,0.002316337851199129,0.0047157291594061455,0.005414736882879359
6948,0.0827744920601177,0.0002652165700643483,1.8464446626054016e-05,3.022052353109928e-06,0.0031123630071036804,0.003622708552212507,0.0067254022478646265,0.9243896805778875,0.014260581336379934
6949,1.344456471284386e-05,0.45220032335343585,0.39688924948953247,0.10227141776054931,0.0005408312521327639,5.945023581248421e-06,0.009878053481336257,0.0003546706110433199,0.0001741210088161716
6950,0.0006107573781928481,0.0020199180308024325,1.4423514103105761e-05,0.013201128306318411,3.696509778150342e-06,0.3767519783891674,0.41105863957364874,0.0001568893541428077,0.0015308973404476955
6951,0.006881118818763319,0.00018871887173484763,0.0033264879081084356,2.6453304714365587e-06,0.00022843028148122977,0.09804655180418684,0.008188778061134312,0.014598353783791342,0.16790431059645552
6952,0.0007284979601897858,3.952924754472909e-07,2.202103805372542e-05,0.01691024016411973,0.00010534764367118267,0.9972479017722982,0.0009499164377855146,0.0022004051611984213,0.00023678979538848354
6953,1.1598602774818349e-05,0.3702766076763046,0.5400608814102361,0.060844197767036784,2.3698018728254166e-05,8.964598719109534e-05,0.02180611112410822,6.984075163101552e-05,0.0010149014193898665
6954,0.04553160374096654,8.459438061559172e-07,0.03835300688852947,2.288969256803126e-06,0.0011292257282132204,0.011021903323636463,0.0027786910716895573,0.10673474492599011,0.6711357933130964
6955,8.124755609575554e-06,0.965440691810521,0.032522346619458575,0.0001063770281719779,0.09830831945845966,4.166176067002793e-06,0.0020447116973197773,0.0031251204956159874,0.0027740848341964177
6956,1.2770691809493043e-05,0.00995669448041688,0.9919417557396338,2.6947924513084257e-05,0.001057381844596063,6.6346563016041225e-06,0.006960845016234498,0.00041269512774849974,0.17050223250958882
6957,1.9624999468665036e-06,0.7246784337865964,0.19112115863005394,0.004626838587058955,0.025488077225104912,3.3804996347635475e-06,0.0053695116457643625,0.006196484280909431,0.00020230515305650352
6958,0.080961481061744,8.847750558945292e-06,0.0005657645970712955,5.224306683124105e-07,0.004267179767563679,0.00584452291098743,0.04201468252991864,0.9307485056067496,0.025196312244500793
6959,0.0038726141899537766,8.562383887785696e-06,1.2017207357416898e-06,0.007045397965278601,0.0015505637064277063,0.9977986897319411,0.001086486752529295,0.002113689955257564,7.269209927700784e-05
6960,0.0017297191289928774,0.0011752643504537113,0.004393538717795803,9.995002373670726e-05,4.968853248571172e-05,0.022327790647571316,0.09218048427809777,0.0595993792150162,0.00021780444785343727
6961,0.0021533027022575257,1.7787042085071775e-06,3.711202501834356e-06,0.007779736226159682,0.0006576658102979267,0.998463119208476,0.0008870930363052547,0.0025226200033609987,9.286804978699612e-05
6962,0.0030770835989351337,2.0371320895659484e-07,9.975783943279002e-05,0.005791486534071289,0.00017861369461649702,0.9939296020953979,0.003476092373791504,0.004065814699975743,0.0006678375128550239
6963,7.299053682045457e-06,0.2573950611794405,0.2638234360448834,1.584725183600736e-05,0.2116843940643889,3.499211374789296e-05,0.00042701859973315825,0.006544756569176225,0.009790323017183517
6964,7.5846578499526125e-06,0.8584685657515907,0.19988589687987438,0.01231992540987493,0.0003460395962546476,2.8253768459700064e-05,0.004155691535581846,0.00019188740448016433,0.002643941221875432
6965,0.07431233883590249,8.938123120455208e-06,0.0005556242807039436,3.848394047028205e-07,0.0007545597976519437,0.008344193280076791,0.006326943938491423,0.726766287029744,0.21479523853866248
6966,1.929314335165232e-05,0.7548132211065752,0.22001799289955007,0.05171991162445876,0.0011981566462293573,1.2944199580957528e-05,0.007391265177924857,0.0004884168886755265,0.0001049290905379776
6967,2.0416858380719913e-05,0.5990913717189053,0.39978067301636416,0.0018178871207510268,0.0028887147592580775,3.231978518881465e-05,0.024800421192103097,0.0012975814558589377,0.0005598542563166194
6968,8.124393526643222e-06,0.2496923476336742,0.6679642864963553,0.0789470484186847,0.0003896114897498046,6.262437034777569e-06,0.007069387961691233,0.0004969133964463304,0.00019909007236283406
6969,2.1892332146527848e-05,0.6005287633911346,0.013434575130103424,0.37730034385833044,0.00014844367095363762,0.0002119071627913906,0.0019439024465530532,2.7122936989275945e-05,0.00921390112538715
6970,0.0018073640030989474,3.7270358361320626e-06,2.2146136988044313e-06,0.008895328674739121,0.0007515832158651655,0.9989876648918066,0.0002969823618232975,0.0013003987164390159,0.000352045569456181
6971,0.0015273100724846952,1.064884055567279e-06,7.091029775839365e-06,0.010199964172427104,0.00033349730077221576,0.997929525437932,0.0010743316553894471,0.0026857065505858876,0.00010230890447322025
6972,0.0011624359961023782,2.736307938842811e-07,4.281305834184623e-05,0.01297321084068545,0.00020560958695720684,0.9986582836682897,0.0007715618870775431,0.002188807713708962,0.000173087389063089
6973,9.600663094639221e-06,0.6530949868112365,0.3121647136349834,0.0008896559402544443,0.012990492448770546,8.984375905898296e-06,0.010226568980934854,0.005346717602897491,0.00023390133617642362
6974,1.2402121634913722e-05,0.7771964658091266,0.2254031250899776,0.0008262588146380829,0.010720325333059224,7.277504821123813e-06,0.009035324078317218,0.005609037376614338,0.0003093429512871047
6975,3.72725587073234e-05,0.6882458222661392,0.23921447093241366,0.0006567529508009307,0.007924682994715779,1.0957781981143074e-05,0.00979274223460601,0.0034973375084554354,0.001332024916824655
6976,0.021397512555904656,0.00046188966706345444,0.0064735016653861485,2.2467285429751975e-06,0.010018736024281221,0.006130216331445323,0.00020163306612962947,0.0041904244671035545,0.9902050311067362
6977,1.4733364655703361e-05,0.17301193816934568,0.7530020033081154,0.06705225024304794,1.486416394684408e-05,9.827850088058826e-05,0.04441951934081924,2.7750374143020412e-05,0.002917197102406436
6978,0.010060687098869439,9.625864925057545e-05,0.00020597884512393887,2.16285770032471e-05,0.0023635335751618575,0.13319447258311454,0.0002524462137835243,0.0029704481873595472,0.9399296858278001
6979,1.3365711407884977e-05,0.48698946100773133,0.40957314730576716,0.12229354703306361,0.0006864030632303711,6.964660578057592e-06,0.005484738097064239,0.0005065088251538743,0.00012765418738164516
6980,5.918930615105289e-05,0.4420540654820888,0.5079553017845564,0.042146830424983926,3.8753454884102784e-05,8.338854315893732e-05,0.012937637609308241,1.8505692135834804e-05,0.007212910366497398
6981,2.5538315132576592e-06,0.04541540891886789,0.895382625939931,3.827556880626237e-05,0.005959143520965478,4.210207677779004e-06,0.00022540263633047573,0.01361307325514883,0.013727104441744806
6982,0.044585917101440366,0.0009931076362262952,0.002139078771826834,3.4422154334713508e-06,0.00557550417866403,0.01729677695492668,0.00022903027772280162,0.001989237832817644,0.953852434197555
6983,0.028548453558737433,5.227932522843314e-05,0.00011810931882599505,4.1934026829617535e-07,0.0015439981111249337,0.001907323491353721,0.004898191177481191,0.962719847154192,0.023393041932487712
6984,3.43197130411771e-06,0.15295467041132008,0.709144563284873,0.13588582808619995,0.0001269346105309288,6.537407250964248e-06,0.0064784949204242165,0.0003813719575049171,0.0002549587032384457
6985,0.00220579867358811,6.31041496150064e-06,1.4616068856038974e-06,0.006273314981200636,0.0005496396626107954,0.9987320949584082,0.0005879517087898416,0.0022588709971662524,0.00044002771290655465
6986,0.0007431598171512735,8.75386658097368e-06,0.007075692593714733,2.009350575096387e-07,0.008275992778540176,0.0007894225000191743,0.001279785614359855,0.9881127022608955,0.004844052716930797
6987,1.5131821178000124e-05,0.9794291467365833,0.010159316598541981,0.0003037711479632314,0.2472873184480726,5.923426187387287e-06,0.0014165093163807383,0.003552951722061142,0.0011108615894700829
6988,0.009056332367632664,0.005006625709879997,2.6598143754386293e-06,4.2161807684953825e-07,0.10571841971288694,0.0014565337086182412,0.01015407335286666,0.996714524498009,0.0002622993546743422
6989,2.1922953637353256e-05,0.8643625996164358,0.06727620465621668,0.07519548560641245,0.0005963022237378162,1.2954981691957396e-05,0.005963953107393193,0.0007780486136725336,0.00016347545490094938
6990,0.00941837691997933,3.396725405423969e-05,0.013395331319212453,1.4546924408907126e-07,0.03511924180502774,0.001633818565671063,0.0017565956915211772,0.10279650007942112,0.9509637535339661
6991,1.801929995324752e-05,0.33925803666612564,0.008101342722006475,0.00047259188672210526,0.8170042926361729,8.357852303931335e-05,0.00016224554940685846,0.008405936209068559,0.001546980625094985
6992,5.715341354723095e-06,0.09474200153096735,0.8402898653528899,0.16116646867416806,0.0001227311003992373,5.135641978879142e-06,0.010048143107031513,0.00031432680090648536,0.000320021999301337
6993,1.4854240382907368e-05,0.3952357762880793,0.5979167476794672,0.0006093034782682409,0.006593817183969336,1.1564186605061318e-05,0.022235344135015732,0.0025747989890127186,0.0007811464878443282
6994,0.0014346302933502197,1.5322252192910721e-07,3.141887117694386e-05,0.013881802243436292,9.669747630086545e-05,0.994159576413346,0.002333597167812202,0.006607740085310797,0.0004796546455170592
6995,0.11025553979958841,0.015269549867433087,0.0026883793966787748,6.252198602562994e-05,1.1279788060381263e-06,6.850417830611374e-05,0.9926502004951773,0.007036872249182154,0.004606830313576365
6996,0.0017887916227297465,7.032055713696235e-07,6.393650806219177e-06,0.012746309023801753,0.00017506377104542728,0.9959748130558519,0.0008993350599340868,0.0054062417204630816,0.0009313418973886851
6997,0.0003244154741267256,9.819055562472704e-06,0.0004063452584702332,0.04214539977290556,5.621822143855431e-06,0.7911291894545932,0.08564523518273873,0.0003974338531742463,0.00017379813170682602
6998,0.0008007897891256145,3.385661692336857e-07,1.666758868248484e-05,0.01832333958601123,0.00015643722881748028,0.9981234666645001,0.0005459299535396834,0.002120514244728253,0.0002252416938946211
6999,0.0007167852674743036,0.9791271044545593,0.01925464116136845,0.007073675896847859,0.00012567984456277634,6.588992826438805e-05,0.005559119066805471,7.6983768135581e-06,0.08227368107451657
7000,4.229940920991214e-06,0.825172141012823,0.05543870125484616,0.17309242654791085,0.0002636885147319257,2.54902890750872e-05,0.0015111136063574613,0.000152928570842008,0.0008989095568960034
7001,3.096511416799916e-06,0.2947298970192371,0.4905455255710622,0.10392225345168482,0.00018590736126896968,1.097854950480747e-05,0.002890328190553938,0.0005551292448447281,0.00029878959380275506
7002,0.007951429277231454,0.00040781725851033655,2.2602968543526422e-05,3.2198488629457034e-07,0.059331818043582514,0.006470422151624991,0.007390689025082031,0.9941668286613053,0.000557287662628055
7003,0.0014638266313537166,0.0020749428728153692,0.0011421926294880964,2.399697927281978e-06,0.012988785864088533,5.495613194504249e-05,0.02099304832168168,0.9410467610543142,0.0032090168012341947
7004,0.005729029584563499,3.0147002702834218e-05,2.20011288732261e-05,0.0002721769749054346,0.0010353695854761,0.9901772385543485,0.0013396055618515627,0.0035020903160652658,0.0018489323490660096
7005,0.1615236582351729,9.924037613257423e-05,3.973182523201348e-05,1.8803298889873817e-06,0.001820292157294945,0.003707829406338547,0.027806857817259535,0.8127486536303504,0.03669802176776056
7006,0.0018599158368700613,3.2776550556621636e-07,6.851046851111794e-05,0.007498945225609261,0.00014640443965533266,0.9974952427478064,0.002990085152003053,0.001929494824965913,0.0003518423102387262
7007,0.0023498072254130417,5.516474554318289e-07,2.7305521118341445e-05,0.007166850643924235,0.00040288210396474883,0.9985712272067441,0.0011216083585304604,0.0012594133039018614,0.00047791593643580193
7008,1.0744267669107764e-05,0.49356679850944124,0.28250742093152786,0.009244394403690745,0.005526911962929578,5.371875720151101e-06,0.02343809814440949,0.0028452122167814333,0.0001488168205769769
7009,0.020936749399303768,4.505233774748867e-06,0.0013596315840035023,5.14292427346688e-07,0.000806047837973531,0.0031516492568688867,0.038091216172390356,0.9389175449808275,0.03767556346607774
7010,0.0001483674989533498,0.9421646482841866,0.07018805390316149,0.004332428912918445,0.0006063079723518236,0.00012662155476472333,0.01735905569673404,9.027217482969425e-05,0.0015641474533373298
7011,3.7500518076214377e-06,0.9828953019327181,0.023355223989620706,0.006156716403739951,0.0013974001206566874,1.971231199507091e-05,0.0022105352604116285,0.00051997580079552,0.0010538161085226184
7012,1.0130518540468335e-05,0.9801606854353936,0.01575082511477506,0.032638294667015275,0.0009115769481878885,1.8156194315036897e-05,0.0036451556311216334,0.00020178915066214163,0.0007933445477966661
7013,2.9470331913035248e-05,0.06514722055651101,0.6068481096048314,0.07907600740553491,3.6975481145911766e-05,2.992781295740448e-05,0.02953661978548748,8.818542014157067e-05,0.01429867396510735
7014,0.028007439433585257,7.036327678313244e-05,6.10457136508797e-05,6.604436505810652e-07,0.03785727330436612,0.0007006767799724458,0.013456362132413816,0.9953324584944658,0.002575399023306113
7015,5.819896980715019e-05,0.03150030332517048,0.0025962179644114813,0.00025665663005613944,0.9802816867253346,0.00043099126438287863,1.0683330991231125e-05,0.017588005365008087,0.003559966737182022
7016,0.025170252367002755,7.546623832768218e-07,1.1274284153696601e-05,0.0012290827555687894,0.00018451988582120457,0.851717991157717,0.027005648186370263,0.09262356116807752,0.011302412207154392
7017,0.0003616392053253863,0.005391767270674535,0.013021328412007772,0.006671040952006557,0.10527847132152968,0.012803066749881917,0.00010710530902420511,0.0008434032054652472,0.0009402660642587193
7018,4.130685154433067e-05,0.0042764767880619555,0.003358985630467556,0.00043178649176149256,0.99235025913403,0.0013494577362026699,4.913897074013998e-06,0.02293301973483376,0.003162573116500503
7019,0.01743666609770157,4.5405738138454856e-05,0.00016010570034829372,1.8162823704963937e-05,0.00016612586782613716,0.029446547580492803,0.1536041719307002,0.6928097501458926,0.008968470366781415
7020,5.720184673188878e-06,0.5312538501371075,0.5290076807574734,0.024339264085013475,0.00016527249291148482,1.63404728495822e-05,0.0036912174720764687,0.0001170242783480333,0.003793721001023766
7021,5.8589052059634596e-05,0.005404539918036712,0.002836775092309739,0.0002487748962022843,0.9922709246397079,0.0010607018321016706,5.30379579563949e-06,0.023465456933138003,0.004081870116188869
7022,0.003977626510417225,5.2187884837047464e-05,1.6297437813225502e-07,0.003212693871905055,0.0020323071289223447,0.9989151834032124,0.0005079543598256429,0.0013657476286399006,0.0005429044058852264
7023,0.029335597117984395,0.0020323427982879986,0.0022900570099207264,4.204577097713694e-06,0.0057973019366782345,0.008601930924654186,0.00012765073317196656,0.0009859631138332248,0.9891665608568612
7024,2.5113855830989165e-05,0.33984633307163936,0.5929350738916456,0.0005111861432178856,0.004881907622278145,8.824613707436001e-06,0.03712865880600514,0.0026896726795693966,0.0014100065488536783
7025,3.034210432252273e-05,0.6068975752737961,0.3738466191684147,0.00042821825652951677,0.00704970925446504,7.491948415301362e-06,0.013006635161135623,0.0022890785646737873,0.0012569062307833403
7026,0.003686001692445926,5.900216419294278e-07,9.628882008104741e-06,0.007292723306646933,0.0003155194167011464,0.9949263685488362,0.0030568487632109363,0.00811654693176268,0.0003602374123753298
7027,4.959764251691253e-06,0.05423261809336385,0.9152145700682557,0.16760134523081896,8.838251531806717e-05,4.604296558679258e-06,0.010130206472621207,0.00034143144674984535,0.00034758498367437233
7028,4.0799273692979025e-06,0.9792416263035749,0.04033971081818083,0.0007531838563024285,0.004893641859091737,1.8052984416729196e-05,0.0013686968447973447,0.0007570221658461964,0.002032954243706355
7029,0.0002221005159466019,0.9936423337620125,0.006208741910816881,0.012799423273097332,0.0003402507264487521,9.352891003190597e-06,0.0019496765203348583,0.00013976548428777503,0.02637566001039688
7030,0.0025293590817869805,4.4481988038602204e-06,5.345348528780901e-06,0.0036944237244362793,0.0005706547315000779,0.9986431413670472,0.001088978658015497,0.0005661229778190067,0.0018921655801551124
7031,1.64121608670198e-05,0.6575587726662012,0.3669251880823661,0.0007135763176230666,0.007163707963707562,6.81405330392229e-06,0.014662635898250618,0.0037701620812091953,0.0005471879688202292
7032,0.0030005229479198475,3.5579097051963497e-06,0.0009512963624689386,2.051306910116149e-07,0.006386157490131242,0.002052123503626371,0.0036814401269244994,0.9963381669239848,0.01027193235974713
7033,0.0017624938232096462,0.00011895076058590233,0.00013012514581782519,6.520463356340522e-08,0.08499098109465565,0.0018712784765464383,0.0005359109713227423,0.9990070846413023,0.00041974435785459947
7034,0.002267831104177708,4.627119433546001e-06,5.68148608138217e-06,0.004094185788092327,0.0007992690563770206,0.998847426135214,0.0006173942774364191,0.0006334638582198803,0.0015003916751586699
7035,0.005319000130839735,4.165949014771146e-06,1.910870015760715e-06,0.004272149722369071,0.0015161254854354795,0.9976822728543036,0.0017881980309694123,0.003685037061561654,0.00010026299796336136
7036,0.001441412293778852,2.2278248188198505e-06,2.9402194315954643e-06,0.009911488465185168,0.00034007936649593307,0.9983741389205503,0.00045242035740563057,0.0019821440712259448,0.0005509443111736716
7037,0.0001851932199478498,0.004061793468350194,1.259609214881716e-05,0.1394059930279924,0.01080897020855287,0.9544838000196003,4.65017112521886e-05,5.301134787533437e-06,0.0182457309099999
7038,1.1551985761318572e-05,0.7252843898978445,0.18700359109059514,0.07883233946206418,0.001668343948108221,6.7737837166688545e-06,0.004679669628190151,0.0008780842054940005,8.33750684427313e-05
7039,4.947571423604641e-06,0.626707243513976,0.26554160668717336,0.08555219277549378,0.0002924322628956512,7.077600634054211e-06,0.00675620609766212,0.0007948281169722813,0.0002721670885097562
7040,0.9619199345248585,0.0004989113723868822,3.172406511751767e-05,1.915565904853399e-07,0.0011271735768257616,0.01415513052601341,0.03338584907371738,0.013288620691076152,0.06222968911691707
7041,5.362062597404698e-05,0.9502312138695304,0.07283908159471257,0.02046570918512116,0.00012917494065951878,0.0002130615339938812,0.00608932514588245,1.144127965277979e-05,0.018894107807129017
7042,0.020663691855160298,1.282062262007352e-06,0.005101277524224947,2.1236683676902243e-07,0.002531346474408598,0.00149428724350324,0.021322355718075493,0.9734272849867285,0.046059745898523366
7043,4.361100715832751e-05,0.9453777591018419,0.08794029112839195,0.01673440179268333,9.944760479865702e-05,0.0001547262157253363,0.008282037026571152,1.683906879863481e-05,0.02379831323912314
7044,0.0013102942781189988,5.3610779016069314e-05,1.9040386402720584e-06,0.009767985608495594,0.001716599680241478,0.9973377916159314,0.0003362411076517515,0.00015978542262917473,0.003913594574620539
7045,3.4393635423202934e-05,0.7553906652607892,0.12626708689026486,0.046843903743243584,0.004885947237586081,7.158741227213186e-06,0.007879518803539973,0.0006643680456006121,0.00011763215002340001
7046,5.32807363604394e-05,0.006258458728583844,0.002878719071221229,0.00030411452891869836,0.9919805249730719,0.000887808287825364,5.241944031560571e-06,0.020869171632862286,0.003979594225060998
7047,1.0468911042027927e-05,0.2570669785522367,0.5468995206870207,0.014574003154928086,0.004726623722159308,1.632120195084773e-06,0.04715285380291971,0.0026943885683368813,0.00015395590740496827
7048,1.3911741689074782e-05,0.9493232024795308,0.03645881395714999,0.07534043184895439,0.0009163512136121885,1.276350462978918e-05,0.0015914597322959586,0.00013505960766469456,0.0019802548850177135
7049,2.6248658943072074e-05,0.9430422115335556,0.009443005220931125,0.04382522764685478,0.00019461597677964236,0.00048747050777289724,0.0026358892757022685,6.327304431666415e-05,0.005524565155623428
7050,0.05478471550096754,1.6163971949130403e-05,0.001812902603116748,1.2017375925120004e-07,0.004353205944985789,0.003919585277425974,0.016672176898934844,0.7478442379567194,0.036798943899399625
7051,1.7512629189023637e-05,0.9162065001622853,0.1320705197584583,0.034279227096523694,0.00021216113605007945,5.0812038198575475e-05,0.0034770820293566944,0.00034870386468501815,0.0003507559889656712
7052,3.3983435822484704e-06,0.32330373354508685,0.40414143463518004,0.12939356353837503,0.00012151297671311219,2.4415737196716065e-05,0.00209794489329519,0.00015531744612926374,0.0010416456102792023
7053,2.654697218401593e-05,0.0030106818145594514,0.003631906667330715,0.0004887636094052771,0.988903354607466,0.0018050065126088489,5.974722628059109e-06,0.03563755233868832,0.0025480332295400405
7054,2.8183005992025225e-06,0.9893078705372721,0.009682535980814094,0.003291062240712161,0.011751321330248065,9.656178312933728e-06,0.0040470806664789525,0.001759579400688297,0.0005440100112572698
7055,0.001402917406603993,3.264327547602515e-07,5.363814756878714e-05,0.008438937115206593,0.0001446739609034944,0.9980585850566119,0.0022701495998615514,0.0015531201663697954,0.00035337068826009463
7056,1.2052599006255377e-05,0.09129301389433334,0.9366358041904754,0.00011410885288734861,0.0036889531721682007,3.49707293190157e-05,0.028744259749754673,0.00023581284057793388,0.0182592351664104
7057,0.0003067553944049805,0.9439650479249375,0.07258992053451226,0.005776945325798759,8.807538104362614e-05,0.0004553835438540977,0.007745426499777791,5.8060758147077095e-06,0.10529878751365082
7058,0.0019276289338029013,0.037773827785190756,0.014730262924158435,0.00010879753454110406,9.22992469544234e-06,0.0003205085106412598,0.9551663209918406,0.00904889262155157,4.586543080836836e-05
7059,0.0015787740202509728,1.8094150871355834e-07,3.866060723165526e-05,0.015069609365993018,0.00014654198071426685,0.9972305813037642,0.0011904953099232073,0.004059505382913399,0.0003766618099906935
7060,0.1287553804852937,0.0005919584036935775,6.459424608715498e-06,2.9151082536899448e-06,0.00290858581052834,0.005546294068932033,0.007027327175779009,0.8719292730490331,0.017067240364392146
7061,2.4147587340293186e-05,0.01918120236495278,0.8036171104191999,0.28398242202480023,4.3860505404958976e-05,0.0004742930592673765,0.007795411487186346,1.4504803606066746e-05,0.002221177809780652
7062,0.04860033530505046,0.00015813987869578956,2.0356797012321747e-05,1.5276327723854052e-06,0.0044309197578428425,0.030000828704462964,0.008563306235528695,0.8576536381940194,0.04681249800744963
7063,8.382323229200049e-06,0.3247368705730701,0.5435205717373719,0.20268238775228145,0.00030555095698841356,7.233297099553205e-06,0.0035636104067737224,0.00046423881200153536,0.00019800421021690825
7064,0.9142580086410037,0.0005934434559992698,2.0832275853991044e-05,2.650604227336404e-07,0.0018936993100979445,0.012014975466354803,0.03286318334179966,0.032715922814995434,0.03637680062067472
7065,0.012889357430698746,3.595650528761409e-06,0.0023098237367389766,1.9147756955894012e-07,0.0010913544966789058,0.0025124492968154034,0.006550297732119404,0.972517165070801,0.03899551821580966
7066,7.58851985544658e-06,0.9896905587263023,0.00810416743388782,0.015468199472215829,0.0030495386808898502,1.4435395675101898e-05,0.002374080455743957,0.000493319600844493,0.00046712791181456484
7067,0.0011051994988046645,1.3711588669099085e-07,5.328803419379272e-05,0.024147286940430442,7.564615565294858e-05,0.9924086365500595,0.0016922347206346476,0.005187100193492331,0.00031470874978140837
7068,5.9565574342797735e-06,0.22496506745333927,0.03495134655492518,0.36742449682842887,9.54841893890354e-05,0.0006879836914918147,0.010883881162674237,4.083728229463109e-05,0.00023348543731264263
7069,0.0023216720760927878,2.9323511885599043e-05,4.5948170844984547e-07,0.0033964513045477295,0.0009499792737596924,0.9985297783347619,0.0006210207520686571,0.0010387480083698575,0.0012298330066415624
7070,2.6760252058963716e-05,0.5622091937195393,0.3576347523216014,0.03538579613236538,0.0006973546663214279,6.383541461082586e-06,0.04118818294695855,0.0002573509618684591,0.00023837852691132924
7071,0.004006521357714912,1.5625587099549488e-05,1.5417251535816246e-05,0.0007352114192747353,0.0009581417405264285,0.9851355112798248,0.0009327501204257296,0.009705904335578126,0.0008373200333281054
7072,0.00652605020683898,1.329139720869618e-05,0.00014722589289435612,1.6958081208183148e-07,0.0072195132020322515,0.030894070485284447,0.024478091621232604,0.7253183190599041,0.33121419058996665
7073,0.001970264169864432,0.04137932401659026,0.0086055981558534,1.0263571238101924e-05,0.00010485941651707221,8.141296143147671e-05,0.9604169247965261,0.2541402452761431,0.00012811739235670425
7074,1.5532155745786784e-05,0.9240451404269927,0.0780993082242039,0.05417316146194324,0.00034376196820936353,2.8134080381817225e-05,0.003176837294090812,7.751526509249741e-05,0.0027514212408839907
7075,9.486762617964024e-05,0.9614167231667287,0.03118364147213678,0.02033754496079507,0.0017481225813906329,1.0115981356949612e-05,0.004317656736165524,0.00013666798642780235,0.0032588976333168956
7076,0.00020662860888548157,0.11205274852027867,0.010420613749774169,2.706884839734573e-05,0.0005878215695938441,0.000114494964318064,0.5594108650393437,0.38056946691861554,1.0449988538932843e-05
7077,1.115388528833875e-05,0.6609706063192838,0.24832710662433602,0.1315206275120634,0.0006918512598749796,9.524436857417527e-06,0.0029458033915888476,0.0005372097314571313,0.00010770969665589359
7078,0.494093561443301,0.0017822688946797637,5.329265224363338e-06,3.347211100141926e-06,0.006709860616594754,0.0017075560117215667,0.004815264738107551,0.8738497599465519,0.00034111878101784535
7079,0.003235495834490255,0.00013565513713254565,0.000269496527044651,1.6147494679645225e-05,0.0023384221650652364,0.8452709267024662,0.0003453144397671206,0.010816627352859865,0.014244289769165714
7080,1.4513613560940773e-05,0.48480705593770923,0.3705673290542734,0.0018162438390982045,0.005396564014825628,1.422437753069163e-05,0.030349677241495097,0.006582444618179397,0.00035267014374987525
7081,0.0015799493538817234,3.985476903818173e-06,3.2912031874035953e-06,0.006122274762297699,0.0005175776618487861,0.9990808829508524,0.00046972600294716243,0.0007651325542597647,0.0010032351797187565
7082,0.8907137853691895,0.00021874926608681422,6.886263452710477e-05,1.1279944269625603e-06,0.0012296655008198613,0.007294918556141805,0.05079442210176811,0.10886678493541799,0.006672998422192988
7083,0.0017464126392230895,0.9583565627662981,0.012719390786960695,0.0003356342704542042,0.0010658290265361794,0.0001495733695044537,0.07072502011077948,0.00010651003026160283,0.16535940332778748
7084,4.543603634714352e-06,0.9886610453089335,0.013249200510550846,0.015274754324945001,0.0006767910751151806,2.6768739906183515e-05,0.0033933252177665513,0.0002350344339235283,0.002399524177321143
7085,0.002654300924724198,4.389156807907366e-06,4.9769597576052715e-06,0.004077833771001284,0.0006697677830507782,0.9988350279820053,0.0008151299599904021,0.0007058348142903476,0.0012594164266626316
7086,1.1058617918406536e-05,0.5582177405101186,0.3553484721415843,0.09275337172695285,3.23855253570241e-05,6.196592991592381e-05,0.01708653831087398,6.301133207155063e-05,0.0011181712870999355
7087,0.10498652164645267,4.1806687188292915e-05,0.00016834203658033496,5.626134334008504e-06,0.0003273968273492057,0.15284084006923365,0.07162500219573341,0.3368972866616628,0.03051728023400892
7088,5.009233925990868e-05,0.7479385346246292,0.004784132709086079,0.4117939889134962,0.00011005433214093495,3.1375538897549805e-05,0.0012700490165079273,0.00014956706550737,0.0032422246826338515
7089,7.6939216885786e-06,0.8962428178938169,0.020550173534434682,0.24475754903058042,0.000593377701579972,2.806876178698666e-05,0.0011228342517600029,8.375375968324205e-05,0.0012945424602031574
7090,0.00204692178411188,3.0502575695572642e-06,5.676430215705071e-06,0.005356497620505553,0.000634790596525777,0.9989427279778421,0.0005046547216572069,0.0012141503071228846,0.0007847002191447302
7091,0.0007159871801491952,1.552171523303687e-05,0.0008748839182676667,4.5441111649248526e-07,0.025018005940592905,0.006164819334241282,0.0007047716049871419,0.9949175169689142,0.000249934484997549
7092,7.60782997399182e-06,0.5291648628102792,0.511409981706816,0.007596756198681222,0.00013823394406659885,3.620874512829355e-06,0.0020646585772429063,0.0007812659634792805,0.009899442128138335
7093,1.3246099273720341e-05,0.22348202977723003,0.06421460376076324,0.45070835141867316,4.23953116040357e-05,0.0021348596704041326,0.00504913706766539,2.2925887572923327e-06,0.008282225057739526
7094,4.063154016592371e-05,0.010571732579033656,0.0021254616224193287,0.00027606036608338595,0.98546980827202,0.0011200063643235442,7.81420927477263e-06,0.02738284695589781,0.0033267841165825684
7095,0.0010037493033027583,1.1488472000101145e-07,5.071756606706698e-05,0.021036660689661472,0.000247172503877108,0.9974017024404858,0.0007262626312707624,0.0015941730011004229,0.0003014983644986019
7096,6.777453245803096e-05,0.957810055309576,0.09274966217720176,0.015241511148547174,0.00011989810675716539,0.0002445487795309978,0.007385154500693764,1.0064218431841832e-05,0.015180545013566377
7097,2.4525000846492232e-05,0.8503095423790636,0.09642664957303423,0.05305137995692736,0.0024081527432134693,8.145434048817361e-06,0.005988906943696305,0.0008492129563943306,9.866088965607728e-05
7098,1.861706857232658e-05,0.23924323005071732,0.7134858529286638,0.0016383365771260256,0.0019178630290234114,7.69628686610636e-05,0.036187852643475855,0.0006266862895370331,0.0010264600031555367
7099,2.6485474792277944e-05,0.90079189397408,0.023853990618204556,0.03434627312249652,7.646629461165636e-05,0.0004646371947635409,0.0045760578157648946,3.316380213829112e-05,0.012132109993225308
7100,4.9209257779992647e-05,0.0032757518118776852,0.0026849766736926667,0.0002865784728574612,0.9940726318484758,0.0016777899149929463,4.194561798714715e-06,0.024886465013208355,0.004084016508685968
7101,4.633997943806315e-05,0.9468203837380924,0.011754245735605255,0.050815445344919614,0.0003845751167702412,1.8701437662778006e-06,0.00820642757980551,0.0018848512174883857,0.015886406067661632
7102,2.7886422201727288e-05,0.011250387289151497,0.01458751246954085,0.0003435513964593702,0.9261193291538804,0.0002552326545230708,6.64988220981636e-05,0.029964923824834455,0.0013125140473232912
7103,9.394217557693994e-06,0.23106480152465786,0.7070170145549255,0.1687847590300257,0.00031506133321334905,6.435411101221626e-06,0.005328119094571414,0.0004522716039882942,0.0001614509285543932
7104,0.13503488779690112,0.00012158374767152948,0.0002359969635825739,3.491844441857084e-06,0.0019568376936748727,0.005687329837657334,0.003047802902205143,0.37541313807723364,0.1421626144152567
7105,3.121933773725502e-05,0.8905751777887362,0.07902640410234447,0.004987725458969816,0.003171646200977705,8.753786686329802e-06,0.028771997774075266,0.003099747028442355,0.0002540142781343078
7106,7.354146233491011e-06,0.6175007216561919,0.2500165313576275,0.14350268146503165,0.00021867087464941075,7.268877190466188e-06,0.0031128232595585333,0.0003154436011182794,0.001073802381303558
7107,4.943053930772107e-06,0.9755362406382363,0.020059831320513047,0.004654012216383606,0.012533656008081233,1.1965610554972872e-05,0.003969808212341903,0.0012068125828083385,0.0007857380233324615
7108,0.004961427301136636,2.139258657886481e-05,0.0032768114617070833,0.00043989589842466647,0.00022859472722078556,0.6692746432165937,0.004785310549363106,0.004381020263026104,0.0025899228728107388
7109,0.012826597905868577,9.901597438948278e-05,3.347242188099662e-05,1.0154238578735263e-06,0.008922189646458136,0.0015535757807407596,0.004778136700948047,0.9931356040631295,0.005467627902322931
7110,0.0017884839697050936,5.705052859273197e-07,2.3115279778817672e-05,0.008151235570572374,0.00024821129702282417,0.9983543441578246,0.0013092873750943773,0.0017195829013941953,0.0004411609841541698
7111,6.386005666458662e-06,0.29086112594920954,0.578927715343726,0.02676409433050412,0.007508847875756612,3.3575517451438508e-06,0.008791617495820575,0.003307332255219134,5.4012173642432556e-05
7112,0.026055151313999787,0.013980996766394546,0.003601781464189675,2.1280609295783464e-05,5.780738748308774e-06,0.00025198129414187744,0.8568927502258102,0.06244406819070329,0.004225967494949628
7113,0.15464350550451644,0.00026850051219254247,6.885170009065747e-05,1.8864327766901712e-07,0.0008933166789237127,0.052128499196329364,0.0045868787449338385,0.06963907110627661,0.7831298951788317
7114,0.01594718614837291,3.436982926801104e-05,0.002297442044346284,3.8389614863269506e-05,0.00035141624226625573,0.712245242133701,0.011133127276530277,0.013696913452287334,0.0015520794046958541
7115,0.002482399895920764,7.576354520946819e-07,2.74605040751682e-05,0.004845035068232193,0.0004269232215179873,0.9985578527068234,0.0012226358888307583,0.0013223130246499488,0.0005778654327320889
7116,2.3331156396714868e-05,0.45255219742523334,0.010149005535977694,0.603071463762664,0.00016392354360248156,8.178508490472526e-05,0.0009818328777054667,6.054485633485205e-05,0.0028929361607024718
7117,0.006773054315798999,1.5602371874146485e-06,0.0010513762811430454,0.0003335346559050364,0.0002886209231490485,0.9683229753032652,0.00582554883319327,0.00660807146606918,0.0007901890243157954
7118,0.0020904363602218994,1.700515390540761e-06,2.9873504601457393e-05,0.005042844589570164,0.00020290995471594536,0.9964253142166535,0.0029893509025343728,0.0013231244232209936,0.0005789880632038934
7119,4.986117549873159e-05,0.007016845772969615,0.003140871998077001,0.0003060052851666825,0.990647896787424,0.0007787464374179266,6.629057309489858e-06,0.020934828970015473,0.0038140925523835307
7120,3.520686727603114e-05,0.11627028802585462,0.32057078373779974,0.00023718177655905498,0.019291836964372082,6.507281798117565e-05,0.005089412696092027,0.006539563400103311,0.001536186479765933
7121,2.964283504175362e-06,0.9111439683206298,0.10872821088596295,0.00721245097180126,0.00065086791208943,1.710626090950119e-05,0.0016232374920586935,0.00032805026095232055,0.0034523271249932903
7122,0.001766162856280657,3.2470901918401863e-06,2.2920691587973292e-06,0.007910058407882378,0.000414128646888056,0.9984862125383476,0.0005703128572048954,0.002085203262710249,0.0004769317557043398
7123,5.816477867636265e-05,0.8805593837443574,0.044708788459435156,0.04487874676092264,6.860412155654832e-05,0.0006816782082311872,0.005570334350320612,4.639865411523041e-06,0.03786037086275393
7124,2.9558784898469767e-05,0.8305993783007352,0.025755067479250326,0.11833950994782055,7.337758559532474e-05,0.0002691286486438017,0.0046480277424317306,1.3810659741824079e-05,0.011912714996350698
7125,0.016431677931689898,7.676249712082506e-07,2.628677063083855e-06,0.003785860150549567,0.000244939917927359,0.9603502110066616,0.014850662269230288,0.045129520286162614,0.007937734500583984
7126,9.765698601320922e-06,0.20241910148001346,0.02373760350422627,0.6893247676653182,5.826733332206931e-05,0.002772398596039208,0.002685955084531892,2.571349277360415e-06,0.005164945482665292
7127,0.0016786734749661709,8.240774744393828e-08,7.028804327764822e-05,0.013767024851226889,0.00011787355295846529,0.9905683599697723,0.0032453317752693385,0.005791795588086834,0.0004987710876261066
7128,2.6017194319328452e-05,0.002728227748179443,0.0038567666572333873,0.0004293321919334273,0.9886130563042359,0.0018069800312588682,5.955631609447148e-06,0.03708695233429113,0.0024988417226190973
7129,0.002219132296118438,2.627383567971716e-05,3.6438070273373466e-07,0.004506415643836364,0.0014945988878889282,0.9992916464159018,0.00022433248218875913,0.0008162261458572339,0.0008606886384952453
7130,4.950160892457245e-06,0.9465723006217636,0.032184106203326734,0.08243944373362362,0.0003519587623957199,3.248201713830305e-05,0.0012061781383255756,0.00022823868565794873,0.000781496319427564
7131,1.8564936230895917e-06,0.4655181149391678,0.4118127772368639,0.004830739660020719,0.024692619088075796,3.012964671382165e-06,0.008560465906542117,0.010722581055274452,9.449321072839501e-05
7132,8.130939469995787e-06,0.3439356907607325,0.4291231716151895,0.05170034071480346,0.0005491104117316163,2.8408686096858707e-06,0.004443725083133786,0.001755036686933981,0.0011856882523157842
7133,0.0002078047132316959,0.914451341185161,0.010470027634203844,0.07138147438439509,9.70839975324989e-05,8.697389479371011e-06,0.0027914257534512247,0.000228629923103561,0.011763178193034607
7134,3.7714425781499696e-05,0.3358833377249655,0.5592788397272319,0.018524006455800247,0.00013246046579097493,2.7622455731549775e-05,0.10863056106084251,5.6943158498289566e-05,0.0016386749179757563
7135,4.21087922414282e-06,0.4711310282275174,0.43769557785322216,0.07629987070628551,0.00023369981692982178,8.843316351216216e-06,0.00299527991222409,0.0004784466827176443,0.00036455397964952664
7136,0.0006924146149729063,0.24886322728483845,0.0015274155196264426,3.808139543139425e-05,0.005520838808137489,0.00014845589103183659,8.537650980021186e-05,0.0075999525266821615,0.8884159944495078
7137,5.227326983881651e-06,0.8217763767147248,0.01628479070525515,0.13294542195314477,0.00021117120249995345,0.0001987131547993649,0.002631787361882415,2.8356116250969237e-05,0.002733333210932851
7138,5.173418918191878e-05,0.883580436906759,0.2746296287968466,0.019772871905636046,0.0001417141056951097,1.2230799480001027e-05,0.007037600417561612,0.00020612690605170735,0.0007154529947031058
7139,1.2223516815690947e-05,0.30143279292755903,0.53691062153922,0.08675149508065608,3.0166338944309162e-05,0.00010847086571544316,0.01871178880327694,6.10479132658262e-05,0.00093769871059342
7140,4.706779184216122e-06,0.9421824269135696,0.03875908889112254,0.017623885036910158,0.0056365290245632815,7.569382638121974e-06,0.0036707986365999987,0.0017282411351166667,0.00015125193291099613
7141,3.925660478558741e-06,0.641237902915997,0.2949000246984388,0.04346108218062714,0.0003587993332432904,7.759896030300002e-06,0.0014077486158429393,0.0003801703430481374,0.002136575678141344
7142,0.00753147851137948,0.0030122763293575047,0.01743381516744794,0.0001409226304444645,2.6016684847412186e-07,0.00023990302493427965,0.9983577077392907,0.004464875914718224,0.0018195970884359893
7143,2.2653169158994844e-05,0.5105004745748486,0.5280170271300078,8.078664130978903e-05,0.028125036110686914,1.8690211683331612e-05,0.012511633438162579,0.0004631838605219407,0.011480100882607794
7144,1.5381508070863642e-06,0.5093079442054428,0.30188688905232725,0.02510862371244949,0.00012567688571986886,3.083766068778616e-05,0.001254776988443988,0.00014919216938684958,0.0038040104560641426
7145,0.5256675869328589,0.00033154246879890615,0.00010890755830167711,4.3841056288361566e-07,0.0013089134835915024,0.03677794355946885,0.001839798931626352,0.011519931061762217,0.3561025933704843
7146,5.69766894071515e-05,0.0173441014906486,0.3018633263600951,4.793113125782235e-05,0.0004050301531344325,6.108365642976014e-05,0.8376912867679303,0.04204635169279421,5.422517582398383e-05
7147,1.727842513224999e-05,0.1517782383368354,0.8198887585724278,0.081285870387048,0.0004854686224266081,7.69775454493184e-06,0.01128926932877201,0.00039954022570108145,0.0001986747297885092
7148,0.0007646633104276522,6.825631724788186e-08,5.629701933617373e-05,0.01779775468707322,7.972236426648456e-05,0.9944191222368737,0.0021591656286636804,0.002930953980477875,0.0003757519906684955
7149,4.741948624383454e-05,0.004430057496305638,0.0035077718926999828,0.0002933916746510375,0.9916283402576284,0.0010135416792364466,5.908787301471946e-06,0.02439723397985947,0.003673335543133055
7150,0.019272486422924492,0.00046610123994053555,0.030970751879101092,8.703778500344e-06,0.012533260817212111,0.008852695003275204,0.00022744403277511827,0.000557444696066942,0.9781994453897267
7151,0.018896084997325726,0.409505626691401,0.0021846075841271944,0.00021454533569716412,0.0008654921753443642,0.000499439969964768,0.0071268762651684955,0.00010574403859695355,0.9198341542225243
7152,0.0001681251701430846,0.3197294547944217,0.009936006986195053,0.1909470851201508,4.584860568550459e-05,0.0010693850658350288,0.00821811722507127,1.2264671036095994e-05,0.11139371995250445
7153,2.2741074461092415e-06,0.3994884163451427,0.5493130845330767,0.0009174894727149284,0.04022162977014139,4.697718871537583e-06,0.006424623719881332,0.006339831149025651,0.00043118771560732966
7154,0.009045011417119936,0.0009111617065681428,0.008846940958301895,3.8081772318847855e-06,0.006795096607418718,0.010661382488433659,0.00021790109061226682,0.0014709491300816337,0.9944509054746081
7155,0.0050039996312784855,2.8723446511604294e-07,8.835079246698438e-06,0.016888104716023717,0.000568726842610235,0.9384130716745315,0.001702329496703961,0.07925782177973703,0.0009003689449495793
7156,0.01041936455264979,0.00023698866966328274,1.8536401794837314e-05,2.773934197607396e-07,0.07296438487049994,0.0006998362399651987,0.0028700672490250987,0.9984013962614826,0.001745288375995254
7157,1.2478101055440855e-05,0.9374911261953717,0.038785515917614415,0.03157888501083709,0.0006061561400717077,2.627042764897532e-05,0.003496399195297903,9.21686577501743e-05,0.002032422290728327
7158,0.00011109798058979653,0.967597130962734,0.01297270688991965,0.019960497684976437,0.0002250522474960053,2.913104109116025e-06,0.01877787919745032,0.0005222943186037385,0.06375226317384769
7159,0.22736199902423979,0.0002317941600400852,2.4629923753591348e-05,9.356918230705806e-07,0.0012940018626255046,0.04018641434638629,0.016995831935924022,0.5948617223747185,0.08502288379188161
7160,0.0029399720965147783,0.9211481180443969,0.008202564206709183,0.006022911894352916,0.0008403652521689072,5.731093695802904e-06,0.028366187332572047,0.00014730776692017535,0.0306431489617028
7161,0.0020970148584962232,4.684677079718992e-06,4.343304526002048e-06,0.0038681590291339617,0.00046150736701944023,0.9990070352572555,0.0008880854305158217,0.0010398711905435785,0.001027152153808134
7162,4.862679055955982e-05,0.003569437189069334,0.004015082206702185,0.0002699412779325944,0.991344947247163,0.0010260216379040419,6.361892493535749e-06,0.027080206204145918,0.0035710566564199674
7163,2.3506098080504352e-05,0.01464495883083255,0.9768127750187677,0.057263165701964096,1.4267758086140097e-05,2.9125116474932133e-05,0.12669527998348676,2.0850045238643986e-05,0.006429112698344779
7164,0.013379120478649597,7.623930074649835e-06,0.015318284016903942,6.643038094426485e-07,0.0006450115568441522,0.0011148578874186539,0.08042504595034623,0.916820653303991,0.00913961296755438
7165,0.002199212763452599,9.655797683152999e-06,8.658060395210626e-07,0.006355464142475253,0.0008701582913933793,0.9989609853776202,0.00038904666666293144,0.001553810126822154,0.0003194455770958726
7166,0.010428483211237922,2.2300697168819773e-07,0.019008114913927635,7.943787803573964e-08,0.0013701758458828737,0.00224922845650107,0.023982341581505084,0.9697958386019776,0.12803573354286818
7167,0.00010459756441060743,0.1756801113197556,0.22396133421181408,0.00012663442130311054,0.013561792858673156,2.7300568578738734e-05,0.009456726174754616,0.005576677165624687,0.005527270303399079
7168,3.6302106641514454e-06,0.22371992215088823,0.05206117082362935,0.0029129108190492784,0.5140934244974418,1.4160508754590061e-05,0.00038899415947173436,0.014288925142512073,0.00044576073936016534
7169,0.030337736438855904,0.016376636923440782,0.008583150391765186,5.929330126462696e-06,0.0012558341866105314,0.0007092683364854402,0.0015204052175579147,0.00045097193686368265,0.9772587891484104
7170,8.849948977968324e-05,0.5544663274554636,0.0013970847854384287,0.5796662971423509,9.27898351860397e-05,0.00020952858408918506,0.0009525194490999208,5.0833767201693355e-05,0.009460696419929155
7171,5.303368765950913e-05,0.005671410428838332,0.003139548471989626,0.00027706901392951684,0.991726219991927,0.0008890785963692256,5.8212170797009e-06,0.022637464930056847,0.003978845872279853
7172,4.8051918145088086e-05,0.9084873306938803,0.009283905215126502,0.0005595630604143196,0.26207342359318975,5.302677646293071e-06,0.0012481645827733326,0.004084283633380759,0.00042642693290179
7173,0.011046726684580519,0.00021718485570381132,3.432698491201752e-05,2.411736011703235e-07,0.0446271740719803,0.0017849337954716122,0.007352389170400646,0.9967011372566641,0.00140270304029224
7174,0.0003046175728714742,0.9299363874593567,0.039860287652546636,0.02220243181217056,5.5879954342093915e-05,2.8798722734390307e-05,0.005128874219014711,5.848052727786901e-05,0.02242561533613951
7175,0.23944802265742698,0.0024830020803491607,2.6272522967482854e-06,2.657409154983385e-06,0.0016783561329622432,0.057236330313004694,0.020160010769567194,0.229429387320774,0.15122296445593628
7176,0.0009349848279530141,0.0001181314851950077,8.323083426927421e-06,0.0073258424388340584,9.359919985003737e-06,0.6902571478111801,0.20850713598073942,0.0009328615576226375,0.003665058422890642
7177,0.002883111678743471,2.7808597635864845e-06,0.00013689537200032198,0.0015479526108347211,0.0006231729513185441,0.9908272420905899,0.001125497167291306,0.0017749601578954423,0.0016419500787713862
7178,2.533869684637942e-05,0.7967376778915546,0.18922755067484825,0.07786983533577538,0.00011136705519337218,2.9057132169969315e-05,0.002765477984597901,0.00016477009456831063,0.0005339366276897715
7179,4.997555654431463e-06,0.9092024801258803,0.06283698980551893,0.05872904847972486,0.0004666539648709873,1.5604943774002947e-05,0.0012565292790813088,0.000180728095605129,0.002072926934337494
7180,0.020319153333259114,0.0014299959746632905,0.013121544708550618,3.910505297171862e-06,0.013224546096725251,0.0053723102110518825,0.00012824956264503217,0.0006140349023534456,0.9974705785566601
7181,6.438512054547664e-06,0.9836073365218153,0.014260759923582849,0.006822863357490281,0.006615001544656447,1.3571731690506179e-05,0.005072365660567022,0.0009394107611189131,0.00036188182481449376
7182,0.02359626643278317,0.0004493937528269294,1.427429531148938e-05,2.2319177384478163e-05,0.001063783074738224,0.013699318194591158,0.007561681420041517,0.8899730644512954,0.001577977217929292
7183,0.00014966016880857777,0.9118956219678688,0.07991132820650605,0.019680047017021644,6.171891749388841e-05,8.58325262646753e-05,0.006867476717628098,1.931120189773241e-05,0.02278367467911841
7184,6.313550033999766e-06,0.053842223588913,0.9228011587951023,0.1648301545133288,0.00017573561870777436,6.071390411061841e-06,0.006586693244636655,0.0004683540447645096,0.0002422883990838587
7185,3.3847419855103904e-06,0.04281839899483813,0.978009235634445,0.0038312406251865497,2.7740524725954255e-05,1.6594072240779975e-05,0.012637430175661029,0.00013789463302991097,0.00813020957072556
7186,5.618106800976445e-06,0.28407739732654314,0.5505355605154446,0.02668349948659064,0.008949778689449503,2.953428849085037e-06,0.008142155694495523,0.004238184638256894,5.6368760978646186e-05
7187,1.839321723626033e-05,0.8832019369257372,0.1254119968531543,0.0014497050173137727,0.008399412856742804,1.242421182100085e-05,0.008496991607747043,0.003659580955745875,0.00024068096852008413
7188,3.390667147547665e-05,0.06737312793395156,0.9479843149544319,0.008611193735350636,1.4003731819137793e-05,0.0001241190963803002,0.14512269349576426,2.7341043309072364e-05,0.009087152648951366
7189,9.244468595478782e-06,0.4280032168774592,0.2537587340817946,0.061017218822945016,3.6490773028898805e-05,8.579218394060585e-05,0.02010624667360507,0.00017164020513969357,0.0003586202768198338
7190,0.0002799000710395849,0.26232479370409173,0.111447383763737,0.00026760546804971495,0.012415097431075493,8.074503290692516e-05,0.002368441894715849,0.0017075013046979222,0.012615453390541374
7191,0.004199320067099938,0.0003075119090615311,0.004021056788634063,6.187084261965796e-07,0.0012454329091444775,0.0010681302477042259,0.08224404934845324,0.5096483213985319,0.014293424216851102
7192,3.235890148295124e-05,0.0022278346104089787,0.004483255260406944,0.0003268977757105239,0.9919669443879028,0.0015353178601508705,7.460892897607574e-06,0.027473769306657316,0.0034074332433523336
7193,0.0016255967790682418,8.259120335910826e-07,8.51584790395746e-06,0.007736051442923523,0.0002149081443782043,0.9972874775068175,0.001746070266425683,0.0027330545913280533,0.00044246904850567546
7194,4.899975476606284e-06,0.8458124228185888,0.02292767802559428,0.002715451998841963,0.2134234078122355,2.067317689253173e-05,0.0008087967322057512,0.004609986283736317,0.000444456812328394
7195,1.7702059375952696e-05,0.7933104396013821,0.1360907295707055,0.0009311012086518419,0.01282494837990431,1.514321472469381e-05,0.00446596618062995,0.0038796206031910395,0.000363353971390068
7196,0.001576195847050955,6.380888197757658e-05,0.0001534777932789836,8.404518778771042e-08,0.037010450012378494,0.0008637737482276209,0.000685386171249288,0.9995149357569879,0.0011966354682866574
7197,0.024246795650596408,0.0012643215125882016,0.0015529091811359774,2.7376033457781734e-06,0.004854146009976225,0.012870148340654518,0.00019255229576494123,0.0028727752314459433,0.9859410671520513
7198,0.06924235429020877,0.0035394884359199394,5.040193512813683e-07,4.55498855077939e-05,0.004396166964788737,0.01822842976986786,0.0007827310804118679,0.8809687783954467,0.002307898912933088
7199,0.0032728464405575104,6.461870204308251e-06,1.326249015743884e-05,0.0015070692245065997,0.0007186628416597309,0.9968308337243482,0.0010993879191873144,0.0012289468942512623,0.0018184290987270006
7200,9.697339400046892e-05,9.325707370702715e-07,0.019598122552678027,0.00848268777076703,0.0026242162607665715,0.892691033260158,4.6566263256178813e-05,3.94522588555953e-05,0.5049237637103199
7201,1.1678997181074261e-06,0.8799392888478533,0.1146877893020523,0.0008908837413397619,0.0373775333558976,3.8113316256078813e-06,0.004786194210592197,0.006838597118859172,0.0006241137926878087
7202,3.305506362271701e-06,0.7890921855520373,0.22972834777538823,0.013812098008181785,0.0005972537401215122,8.755757372972712e-06,0.0022771630491601807,0.0005134850434165531,0.0012295576622617503
7203,0.00899575331496392,0.0001940654506504429,6.223368845079758e-05,7.180089578060368e-05,0.0017293995754450043,0.9458254444890888,0.0014391667973994305,0.005135697826640033,0.0031193778589147085
7204,0.0015459617772106684,0.00027127485571481433,0.027891479469551044,1.038771565974268e-05,0.007557059204138039,0.00476722678194733,0.00023403048562522654,0.0022871537474159096,0.9935949420000358
7205,0.011438594534048378,0.000251624834557815,0.006996027606206983,3.065358142379633e-07,0.0025186419697813484,0.0004463590333155266,0.01323098082189639,0.3213000991288642,0.13272343193852956
7206,3.298970515243308e-05,0.26099879679338717,0.6868130689428311,0.0566531553244845,2.4326267548197488e-05,9.143804922188949e-05,0.028370379190349165,2.7340184569035757e-05,0.0033379911694542087
7207,0.12761134230936774,0.0025472483569850225,2.9630438405395816e-06,1.4108420736503747e-05,0.0019098163380827096,0.12913796486869794,0.004296258724162933,0.07209484672529827,0.3454883936416941
7208,9.585844354371298e-06,0.9892944495216803,0.01059658647233801,0.015667918741018878,0.0010569098988462155,3.9290013524547806e-05,0.0020127092142625995,0.00015198814955318988,0.0020938004383639825
7209,0.0003965328973118468,0.9963622710396779,0.0024880347037658165,0.010905746256572006,0.00019240714704445985,3.0464086113875015e-05,0.0021037344022815717,4.08999112224961e-05,0.07383838693439886
7210,5.596682340963225e-06,0.2583739720681071,0.5883841166278029,0.23319036294546608,0.0002116622144699244,7.823499044041857e-06,0.0026532488515508576,0.0005285965200046637,0.0002189600796315633
7211,0.005339883106004845,0.0011031900112868393,1.0343109533283326e-05,1.2695134582299414e-07,0.1454281276053926,0.0017996670749094617,0.004805781974821419,0.9981342876661595,0.00028528726819912465
7212,0.00010471451652006225,0.043154515628559896,0.010027363073083405,0.0006758423912195634,0.016121554075478915,0.02185593946705968,0.00011475975481340978,0.0005495054779094201,0.07906336638047337
7213,0.001663338590104122,4.097541367800057e-06,3.2902876325898806e-06,0.005447058024481082,0.00046213065318040077,0.9990651812272585,0.0005789947874097437,0.0007978280535557525,0.001025530793011358
7214,0.0011131609177302045,2.896402545836044e-07,2.8884765347885304e-05,0.015900849325746313,0.00020306997058420928,0.9986534462415843,0.0005233585037859427,0.002189729228088953,0.0002464074647454813
7215,0.017629155856143764,4.820509325305791e-05,6.468783960153944e-05,6.737649415168266e-07,0.020090688938904373,0.0007561108662836697,0.012345202926100493,0.9940816796352001,0.00500116139123557
7216,0.0015170706678231717,3.75388242184986e-07,4.557746224398789e-05,0.0070058857931834554,0.00013425892368266145,0.9971515848934586,0.0035675122291200555,0.0013411965428850945,0.0005050528857423385
7217,0.002280176004438045,6.851665686568052e-06,2.97288601707047e-06,0.0048104182295145344,0.0006451563138416687,0.99873830902305,0.0006408788113600224,0.0005630470964910487,0.002220368819309608
7218,4.227835573876736e-05,0.5613468862960311,0.2881732267511846,0.050540385760153565,0.002762932927542747,7.1936097053057314e-06,0.014520404250051293,0.00032661027393412844,0.00016955058257148625
7219,0.013115324661688512,0.0004311724229615248,0.001028726280782532,0.0005114077788660952,0.021456304047141828,0.0014473933793086914,0.00012072503392634744,0.023404149149503495,0.5900241468868567
7220,0.00038557044521958815,0.022181353806044284,0.025343757941383133,0.00039316236237434685,0.004392913776133653,0.0006253442454669975,0.0019856905084564445,0.0006767151799453975,0.6616481364327153
7221,5.9967893613514115e-05,0.0036230591504633276,0.0021868711622768655,0.0002126689996424385,0.9944889703189796,0.0018679414987927815,2.937058164978724e-06,0.030682680205592006,0.004251107305548561
7222,3.0327598398084084e-06,0.04088656290309366,0.9374713453690593,0.07229378314822917,0.0001015150552760661,4.779839136392178e-06,0.006023670946221097,0.00042790877682782506,0.00042858707834725953
7223,0.011680703592683556,3.140280130143611e-07,6.879824387859446e-05,0.0004246482996368349,8.74188401021776e-05,0.6395879416397703,0.17063666062610228,0.08881976216809649,0.014465649209927618
7224,0.0036078986777668587,0.11917489748806592,0.003582196488494744,0.0004701956282198502,0.0005970178776725026,0.0017923167839794737,0.007776114473142822,0.00013729536895633308,0.9066880878159369
7225,0.00018034954896621323,0.9479052378129396,0.023688774620343488,0.019167670238716596,0.00012826869377357604,0.0003699815616479974,0.00261427265136275,5.825002373847333e-06,0.06333221564321155
7226,0.0029955054704283524,1.4192353424429059e-06,5.3712053744285826e-05,0.002022006633793859,0.0005790574544415577,0.9960309749130561,0.0012725568575186641,0.002654408571701675,0.0005482806747072468
7227,0.08366043321590008,0.031311335294750386,2.0209770583437044e-07,1.0807124439351288e-05,0.00459996962350031,0.031056019372328002,0.0006126097642618743,0.8889510510935938,0.002621872925616474
7228,0.00022644860379418446,0.02194682991248833,0.006505542776579507,0.003974926033747904,0.004082095958792897,0.16897526613791475,0.00021996987445280653,2.3146682960624003e-05,0.12597560268157088
7229,0.004714559988223983,4.726558731565078e-05,1.8377238869941246e-05,0.0003373382801928572,0.0011522688555077386,0.9906244159937185,0.0012920732914910467,0.0016940067785698304,0.0031708910580096135
7230,6.348960018669841e-05,0.5409558118821856,0.5305905402014883,0.0007889001891349263,0.0005844402581856636,4.8423133228349665e-05,0.034898443915734954,3.57866752863471e-05,0.030352920611416534
7231,5.610045025102631e-05,0.005615311525164844,0.0016793729914303,0.00023181561580024079,0.9934895737375895,0.0016359339754150614,3.17413130572084e-06,0.027090635279250434,0.004440477444287236
7232,1.8053867788482428e-05,0.5205376806983346,0.37255000678300854,0.10735648667570856,0.0008289217770891673,7.941550671305217e-06,0.006701355930073571,0.0003993902540111649,0.00013122966785518341
7233,0.0003875984768506678,0.00010976816863502928,0.00017466132148823317,0.03458028585604875,6.345826791295673e-06,0.5516856259595266,0.2223129402738256,0.0004276167054437484,4.012097205792081e-05
7234,3.8762612528677484e-05,0.21263235488062399,0.6883561715188413,0.0006599954423436332,0.0029240630381089923,1.566017329203932e-05,0.06759588257376174,0.002096743757132655,0.0020975196721050625
7235,0.9509392547219795,0.0464623776793558,5.2197181222469555e-05,1.927250886212262e-06,8.03662149325231e-05,0.0004197486748926015,0.5061047225606754,0.0037870058993911136,0.005674081532113757
7236,0.027104531016983235,0.0007990029396641892,0.0018595184008403632,1.3878826719332076e-06,0.003915082159359853,0.00785934836543,0.0009211246587390859,0.004481406757898758,0.9858279372607269
7237,5.2554149922317405e-06,0.980861071449985,0.01345538122996625,0.009070232184804582,0.013331911752166106,9.625524369621333e-06,0.0021630757756565975,0.0012098773745932191,0.00040746604993039493
7238,3.318877865410931e-06,0.7555446216151354,0.30444132100497995,0.01115952587070238,0.00026200157058297425,1.04390297533347e-05,0.0027002481909743554,0.0004558574079226749,0.002018040489455211
7239,0.05394723649499318,0.03879202969871053,3.928778013080318e-05,4.031122791953118e-05,0.012664130718758566,0.0435879486670563,0.000608431614965188,0.0013416042741411613,0.9284624686492274
7240,5.317427580182911e-05,0.668062930380099,0.30024384405343035,0.05072531640964285,0.00014371265401192106,0.00012952816416427677,0.004948173075197795,1.3853732813890188e-05,0.007837508625551423
7241,6.822063701599231e-06,0.451894148412315,0.49564071497855827,0.0010871971838112076,0.007071441308514165,1.4352782553401341e-05,0.018551042167706568,0.004248656209325365,0.00028125109845466125
7242,0.8217908781079782,0.0030350187243134937,5.999961911422326e-05,1.187624415512299e-06,0.0026400397892200195,0.01627233760606021,0.0037509473918537154,0.0037346977011464408,0.16001528410292154
7243,8.001476172270974e-06,0.1467817786313692,0.7672862866971639,0.17080919549188417,0.00017545521454713427,5.643168530184932e-06,0.00878755322894116,0.0004012546248910692,0.00028275644709601814
7244,2.2757512280713017e-05,0.7249542234039429,0.022115984720786304,0.31379811437447225,0.0001332358237896965,2.814985829211137e-05,0.002029132703027999,0.00015501588291408718,0.0023102615876887888
7245,4.810201486787637e-05,0.011105696274277047,0.00322433834902686,0.0002606280791567636,0.988400119849957,0.0009600439039289438,9.068482089896532e-06,0.019095649762726413,0.0035466871168256847
7246,8.946113893645224e-06,0.9942711982390148,0.0030556707107030883,0.02326339526870371,0.0012407772844004257,5.842666978912807e-05,0.0022487449625558952,0.00011247940799289287,0.0021798248920768914
7247,0.0029642990614922914,1.1645484679907655e-07,1.9738929479030204e-05,0.0038291840118275704,5.227196860703568e-05,0.946301607734023,0.03945063514251572,0.02749297199127523,0.004283293398536901
7248,8.043854130967794e-07,0.8685452316959674,0.16494999629025445,0.0007231092769048323,0.01818413118103883,4.877221659045017e-06,0.0022536516509808475,0.006392799228350455,0.0009133282744419721
7249,1.9932737211357866e-05,0.9910659196689441,0.007515499011496232,0.00707321845900316,0.009887600086989889,2.0343939930654832e-05,0.004161328182476078,0.00028156289921768416,0.0012464296508285177
7250,0.014628422015644807,0.003032224079408735,0.0032429741165980117,4.555215576948703e-06,0.008578336797912893,0.008306518544916206,5.6945588113929326e-05,0.0011640664532642107,0.9952653503075556
7251,4.9583551293933264e-05,0.06914213582387832,0.5227676301292873,0.03895659213122745,0.006960290077757097,2.962873379692266e-05,0.003159292020795998,0.0004676632247180803,0.00024979739674925867
7252,0.0011572717189694813,1.6877486644542162e-06,3.635057442873177e-06,0.012276588034857336,0.0004008025173020953,0.998634236792354,0.00030342821967292347,0.0013392409385129596,0.0004955522610323911
7253,4.560792282732996e-05,0.00859511104060406,0.0026768523330438104,0.0002639906096002731,0.989168951229766,0.0009834824544464151,8.052011626675885e-06,0.02028627049970284,0.004146865035708789
7254,2.399366690230658e-06,0.9615846844163501,0.05774352456165483,0.0027297294504185984,0.000865461064527265,2.7604365727013333e-05,0.0013994673918551995,0.00041458378591387884,0.003194331877781164
7255,0.5333854660004668,0.0008208853371114959,1.0853511968749292e-05,4.208972479773501e-07,0.0021070313067089235,0.03881606093236456,0.014927263800401987,0.2335571030029794,0.19418694244765977
7256,0.0018162127130643365,1.3106258879803775e-06,1.060307212257515e-05,0.006909712732099523,0.00038947578350543124,0.9989978774750942,0.0007570367920111285,0.0013919363837958756,0.00046721504316141736
7257,1.29058928702402e-05,0.9258081655164798,0.06428361814311198,0.035168759456637125,0.0022536680275767754,1.1914420415627148e-05,0.004979417706824549,0.0007535464340967179,0.00011350450707801332
7258,0.005654862242557173,0.00019939813303026084,2.6019691905227997e-05,1.3545161396449609e-06,0.019550484892172162,0.0012978468642652434,0.0027499291315185516,0.9980615547372875,0.0009591761725891927
7259,7.780619270320319e-05,4.0584699328950665e-06,0.0001443041591696555,0.00036123917254385693,0.0025962908129982354,0.4662445606175571,0.0006368570550136191,0.7012364429877103,9.735657709464962e-06
7260,1.9320469279992386e-05,0.5931627305028342,0.2911782350858487,0.014224261444206797,4.526129301932202e-05,0.00010097258111880464,0.07882806425616093,0.00011080992178518318,0.0007023622551162184
7261,0.0033148771092241028,0.001272670681449373,5.185831269896221e-05,5.1626509919348e-07,0.016109901640195202,0.0007813766856575513,0.004535721497651512,0.9950559599719343,0.0007165114580546529
7262,0.001262138797108303,0.41513974605048626,0.004385855914283072,0.00011741563244683974,9.075989686424822e-05,0.0011504170755189042,0.5223092951174867,0.013649452010974408,6.241201632718027e-05
7263,0.0026243316867449983,3.858744297569249e-06,1.151124701639787e-05,0.003260376488323843,0.0004323982635905767,0.9976747189433547,0.0017661360163806884,0.0006471098074318595,0.0016397919068041084
7264,0.0017278871521268268,5.091831715931127e-07,1.5041804622518445e-05,0.011432678636432629,0.00036113504661650715,0.9983977758007033,0.0006725496838929637,0.002171932716490801,0.00029515314561084823
7265,5.500206521786256e-05,0.4845433925947035,0.10344545583535393,0.029210945517017983,0.0140752208643869,4.390458876302475e-05,0.0023047109956616484,0.000574719069361624,0.0001128267431900217
7266,0.010447530259876865,0.00038506747681040746,0.01607787647901284,8.231981097520175e-06,0.00412369910007093,0.004423074604423181,0.00019432624191562163,0.0017976690447685188,0.990826271417929
7267,0.003610279319824971,1.9024035585583277e-05,7.560420463789597e-06,0.0009636539311406101,0.000902522524773232,0.9961232067647918,0.0009406184230668799,0.0014860689598851342,0.0022718847200153495
7268,8.44372953125052e-06,0.483072790601581,0.3658750244768828,0.1754409094677764,0.00033108797563798727,9.649978101401427e-06,0.002850619727376239,0.0005461206846552678,0.0001534238429398266
7269,0.02663918099769415,0.0006642056190258002,0.0008064394872778476,1.2352847858330478e-06,0.0037787923467174755,0.014266589707896115,0.00029469086320107454,0.014963205349833893,0.9696628000488505
7270,0.0069270049477014655,5.4235382577383705e-05,0.0010525593756687257,4.1221858374338234e-07,0.00187838013333302,0.0002196405683711012,0.005799342152825788,0.9849291905646012,0.010977204996597384
7271,4.925476529548431e-06,0.28885103484355484,0.5056713524227625,0.24910124187180913,0.00019151307701067543,1.0329416608544668e-05,0.0028759385836651837,0.0003630238134460512,0.0002168915290296837
7272,0.007656127688568006,1.4119695248328184e-06,0.014921633972126536,1.5870814385670758e-07,0.02393341086844548,0.0013350752633329928,0.003606751430408639,0.9220798204379577,0.19993305104856
7273,3.185989821514326e-05,0.6244563253124356,0.3487887020171382,0.02688667111675896,0.0015024865748906496,1.0280474461501837e-05,0.022705564288824864,0.0003729358676946502,0.00014717480975115575
7274,2.690359122756826e-06,0.31502414527368033,0.5130701051418172,0.0002354020460283982,0.06671822281467603,1.5395402562650076e-05,0.0012764838976454505,0.007098743312398267,0.0017598128210894455
7275,5.222401127760172e-05,0.472831912574819,0.32373063768365345,0.0019397152956844967,0.0015726861772144614,8.320408677214603e-05,0.014109726139777777,0.0003891934524197734,0.002533385901944515
7276,0.004740623575349349,3.557894831457685e-06,0.017207863865359052,7.562482736461158e-06,0.0008460567868529901,0.04611436728054571,0.0044219690128539215,0.3724744536077525,0.001258748321846218
7277,6.972461937650786e-06,0.1908347803884936,0.7156390833130633,0.12299108735064866,0.000359287139596612,7.60151212640527e-06,0.0035178732600637847,0.0005212687423092277,0.00016748595450625514
7278,4.2348579432554595e-06,0.9909379540998853,0.015136795829586049,0.001957210878774918,0.002291117055551774,2.239388065503095e-05,0.00533472537042931,0.0005741140394379082,0.001562662103267077
7279,0.0003210876471502477,0.00014916386467310342,1.173175844120386e-05,0.02485129858727196,2.5469426415429384e-05,0.9469184675314346,0.009152552072102662,0.0002485239167365472,0.00048553911612332537
7280,1.0118869779272965e-05,0.7745418781972363,0.10020076088262429,0.14394287115194898,0.0002177688796662389,1.4851246851907244e-05,0.002899666299311734,9.339892242241344e-05,0.003431310032312754
7281,0.019397999229140223,0.0003987081059215191,1.4314465839537325e-05,4.910774620745619e-05,0.0008614598954081786,0.27164515188287647,0.0056575324469686225,0.4882399525839337,0.0009031302089407826
7282,4.917446502201696e-05,0.6992733760121618,0.18093446375022088,0.005518667709679806,0.001661679446465913,6.3242519155421e-05,0.03223953775277204,0.00032911856176220966,0.0004074536735225301
7283,2.4358011687754435e-05,0.0028651592704309354,0.02160751390097005,0.00038315870837476697,0.9508273367182647,0.0005421700143534377,5.127180420325198e-05,0.0412364709430378,0.0011163151362292376
7284,1.088309479427497e-06,0.29187475375852406,0.7373152530673769,0.0007407796301060078,0.001041711341139319,1.2757862309858926e-05,0.0018175607849798038,0.002761197960330888,0.012242731862295618
7285,0.0730163117776594,0.0006053866659073503,3.185444972900808e-05,1.7986002673745506e-06,0.0024852234011918032,0.0020749186735333773,0.030831754888260992,0.9059389339964579,0.007217674551324009
7286,2.701850713959857e-06,0.6425461810806711,0.25266500885274507,0.022327530012668257,0.004957570146599706,4.207035592019076e-06,0.004787121089118261,0.0034242949592315237,0.00010538619167150053
7287,0.004999313685688485,0.0032867046718615457,0.0037084358004172953,0.0003429860323074969,3.0198635403607924e-07,0.0004850825302713853,0.9966714604681433,0.004953699015400752,0.003464755793726317
7288,2.088394983197823e-06,0.1974272164236499,0.711614738278295,0.05889915541450365,0.00012726354478221792,8.081869323118368e-06,0.0018126621109952157,0.0004897843912063186,0.0010850214020197719
7289,0.15925987609696365,0.0010613232891089266,0.0005565741523637503,7.676217519602386e-07,0.0030860532232702418,0.006094578652445087,0.00110015426768481,0.007302467436476323,0.9252694052098497
7290,8.07706756632394e-06,0.010494364290163647,0.11544887090151093,0.8957461337755872,2.2731573637376098e-05,0.014063806532326747,0.0032458240184980703,9.836020046026443e-07,0.0035922092601575087
7291,0.12501011491072656,0.0005740459995361754,1.8807122315527738e-06,8.657416420085804e-06,0.0005502005512098173,0.04359877451876911,0.006175603315921557,0.6001462348348041,0.02626094971748503
7292,1.6406220906023232e-05,0.0985019587606517,0.8164205249661697,0.11912694606860548,6.167687580084025e-05,5.166604502980148e-06,0.02590927621427553,0.00036631015551695896,0.0014761666157864888
7293,0.10326018606132939,0.04235702642704073,0.0009572017212821348,3.181445917779427e-05,2.231004447380956e-06,0.0003001863151229428,0.895981730569542,0.024978615482652233,0.004983587340394967
7294,2.5485060608851437e-06,0.6754462462060207,0.014468704819996556,0.504025769443225,0.0003599286830942514,8.121641255967004e-05,0.0008402064349481466,8.127126483984643e-05,0.0005856194573561804
7295,1.8669251211286396e-05,0.46621639434085443,0.4554408245502172,0.0006984776388177848,0.009808974860715487,1.1636580473812111e-05,0.015394621672291236,0.00350746209974963,0.0005597406286499033
7296,0.01323421211492991,0.0005004525697877377,0.0010163183783984107,3.235232605032111e-05,0.005764634945273959,0.05832332478587352,5.010674569886165e-05,0.0008461774529292547,0.9647158844236288
7297,0.07285659668899742,0.003419220467339022,2.744305482554025e-06,2.3246331087247582e-06,0.0030574508172059632,0.006095041648798047,0.0014884758692883544,0.9605061909500774,0.00422774936070525
7298,1.8978574749211217e-05,0.18466088592381402,0.05341067647292657,0.5791754257729772,6.222734834443203e-05,0.000599674563184923,0.002411942107568574,1.2500487382165448e-05,0.003156088593172928
7299,0.00904895275236271,0.0015281775274961957,9.839201905087533e-06,4.3910706487857143e-07,0.04022722044939821,0.0010813771102498005,0.003946809680443685,0.9969042635276638,0.0009109890150067903
7300,0.0759140290850787,9.277040987976348e-05,9.198966478811955e-05,6.667129348721424e-07,0.0013492106350510584,0.009154760448599957,0.0020729885216156188,0.8852974672454289,0.02811317915398866
7301,0.0009760966138428792,2.6982507472652414e-07,1.9975844881200918e-05,0.01889210919458063,0.00020569937294568513,0.9982508329888379,0.00047893151190778546,0.0029411179784714367,0.00014134271453130286
7302,1.4568851477767205e-06,0.571105679411946,0.5963282675687795,0.0030506677859473918,0.0006123761478698823,1.275438643580205e-05,0.00961177148800017,0.0028707677117938454,0.00025672012177850974
7303,2.049118489028802e-05,0.3701999422164393,0.07350265610276,0.2423834643146599,4.246792797154875e-05,0.001776031273850691,0.006080058346887512,2.9698857757226173e-06,0.016767976785734696
7304,0.0026349676350817357,1.1350898226279319e-05,7.02623760681741e-07,0.004602940730003778,0.0004291391334757876,0.9977677374037763,0.0008552885846301143,0.001478479831046006,0.0033108510341180513
7305,0.0007429439039153163,0.0024305877019177315,0.09833048141615176,0.00451922816019415,7.260896590996607e-07,0.00015475016299293528,0.9718780150972823,0.000555562655401851,0.011255995031685147
7306,1.6177463470678622e-05,0.9098853517518019,0.07622756472142052,0.000991892587014218,0.025261405842408675,4.743539860281746e-06,0.0022267389074111395,0.006355335485892573,0.0002044886660041094
7307,0.0016559983830040468,6.1884091405632265e-06,2.865420639500043e-06,0.004750833337662747,0.0005536503612138107,0.9989518574164656,0.0006569001778056075,0.0005556145967420661,0.0015115399413002226
7308,0.0002716117597193622,0.00011163842709015586,0.002415410287313633,0.020424811244995258,5.658533169823832e-07,0.08748976579317135,0.8866449129454947,0.0002075425112261599,0.00018934351860861123
7309,3.984759994796387e-06,0.809376052141897,0.20781989354791697,0.020303649324326194,0.00029315132989639635,9.910854055640311e-06,0.0024288178443090665,0.00032931315993271797,0.0025717209306089224
7310,0.05767891663574772,0.0006558959577226517,0.0003191619829861036,1.534866966029817e-06,0.0024653620088704695,0.03322098062829905,0.000436165965620807,0.008071609945885478,0.9346485925072854
7311,7.482000828816573e-06,0.1545736655348261,0.7158989881672508,0.19781361442859002,0.00015306392758037158,4.9040570807999256e-06,0.007657553824902945,0.00036883903850706503,0.00043315394265379923
7312,0.8731132476462732,0.0005097087136869577,8.004861017620377e-05,1.495952907857242e-07,0.0007569274067347163,0.012918977276540783,0.02013200482839948,0.01729789044387587,0.10665032344548703
7313,0.006417547117546745,0.004983322741010838,0.004886423150035966,7.235648288896392e-06,0.01543048995184801,0.0019640926086996542,5.4618245229380406e-05,0.002814506005021139,0.9902111267598432
7314,5.3219266224144915e-05,0.7531126502808742,0.23220293423264562,0.0004466661630416693,0.010647986431281216,4.526239254733582e-06,0.010014855541668836,0.004032201450875682,0.0011392923818793756
7315,0.0011831594745731042,1.5516937873552898e-06,6.897436645383889e-06,0.007173673380051374,0.00021989922851120187,0.9982037973713201,0.0010939269643473418,0.0010289134812034749,0.0007890709038363508
7316,0.00012943795259198382,0.765904447029343,0.2414747080838904,0.0006192333822592071,0.003763780536079422,1.3774351080852375e-05,0.022362863325669044,0.0005894528151363256,0.002643558028377973
7317,2.003407228413709e-05,0.4880844168583051,0.3107833850359733,0.1352725156522373,0.00045554603613910633,4.664398127594463e-06,0.005554320073408595,0.0010230633482817806,0.00037348426172305804
7318,5.1560271275545416e-06,0.15664170669840702,0.7379167657377632,0.2319165224733066,0.00014951765665523545,5.414725061812995e-06,0.004843780358836709,0.00045290166649429977,0.00024989061966866556
7319,3.271291919074893e-06,0.9841097667767417,0.009482510252190657,0.008406585558778124,0.017307063555797905,7.978245088165627e-06,0.002090479799505017,0.001832277954219283,0.00036325242628602926
7320,0.0030015589173269385,0.0002753254049477053,0.011323187192557201,4.2587359366279767e-05,0.005302515982482838,0.027896667063031524,0.00013744541219093894,0.0006210286964219498,0.987895700159042
7321,2.0158098809900518e-05,0.5701373782451282,0.05842188281643475,0.0002637769424938014,0.23107809921538255,6.600769450943814e-05,0.0014130033964905827,0.0015835218469024404,0.004023047922411826
7322,0.023355740053610005,0.0017900314128538176,0.0030072253674193043,3.7164614969336726e-06,0.00648115970628455,0.01014272503202851,0.00011691164217908924,0.001378061299151677,0.9884828178424367
7323,0.02695236661634093,0.008422913142709139,0.015470751436691204,5.753914639461846e-05,1.014896427436645e-06,0.00036167968244431444,0.9881143360174138,0.015790900561292037,0.0007540674051565085
7324,1.640896093695431e-06,0.1458698804625257,0.7198456778850183,0.0568344396030446,0.00011613252941582641,1.0103226332105104e-05,0.0013410436349513071,0.00040309730692204674,0.0014993672935058855
7325,0.6672007316850288,0.004056424496607002,2.336273612439248e-06,6.143520115734508e-07,0.0014814813763800372,0.10792318322433318,0.01102519775365728,0.05993955034390602,0.18751321530625936
7326,1.8972483255914087e-05,0.8182839425240814,0.35889567652531773,0.014038508347987998,8.870178704029553e-05,2.793372927765407e-05,0.022304041676173367,0.0002658348859576714,0.0004482675405239017
7327,0.00131446065638009,6.595934590976006e-08,0.00015173234766160777,0.01062099897712806,0.00011913195568777768,0.9959005451068556,0.0034570701707180842,0.002554111629151766,0.00026451173939555795
7328,0.001144193721382705,2.4767613821225195e-06,5.4017841716541005e-05,0.009126933611615486,5.240039910815426e-05,0.9889141155120589,0.00974577139593214,0.001247574644767615,0.00038975613333733916
7329,2.0001261890987016e-05,0.5301225383371622,0.3321663856024926,0.0019005111943966085,0.0009613339636681639,4.442295662552439e-06,0.007465032976519434,0.00485064953986853,0.003979622237363831
7330,0.006904483023495081,0.01085024767907365,0.00039153993461487745,1.4610639038281907e-05,0.1380447192272129,0.014431964436470704,0.00028335378148176214,0.012714922124438297,0.760311206639136
7331,0.0021618943302894804,3.3268839044818863e-06,2.0861907403252525e-06,0.008548591451544255,0.0006751680768344121,0.9983322011253268,0.0005292090695143319,0.0017403461227931702,0.00034028725760315445
7332,0.0016934208722849235,1.812237810408171e-07,0.00015166561230065602,0.014642839246852241,0.0001671765499016553,0.9918603516251283,0.0025949288109211738,0.0020049792827650697,0.0009416425316538942
7333,0.0009250801958216393,2.764619480618382e-06,7.129472058852831e-06,0.007854339289027007,0.00034854741641364586,0.9978110045714834,0.000946273499317818,0.0005160364762291706,0.0012489276056484562
7334,2.186203490278855e-05,0.7948550178155266,0.06808004844508458,0.12170740137222141,0.00011835559762329604,0.00030257320658453745,0.0033253147887220367,1.1478584954755528e-05,0.006716611237104312
7335,4.641868749063937e-06,0.008589926309392787,0.026011466010464352,0.9141041862031681,0.00020287518079209325,0.0006412979384109891,0.0020393141776536344,8.80690789278489e-05,4.2711127448579005e-05
7336,0.0024103219676317182,2.3234206026703273e-07,6.38467865605389e-05,0.006078227886943134,0.0001917947736939737,0.9970353859142862,0.0028172024920620924,0.0023352564907873404,0.0006020154066192683
7337,0.7545301290521814,0.001832912324715283,1.0277836183508541e-05,1.1530386437168333e-06,0.0026594835715448724,0.17659088819660473,0.0186533010726824,0.014132057568153852,0.01947738417794247
7338,0.0013035127660602258,2.879305436877658e-06,6.3733779409574054e-06,0.006518351418924383,0.0004161030727290793,0.9982845537667528,0.0008363985472990143,0.000780454031788619,0.0010593136499552351
7339,0.0017381099633809068,3.818263820205245e-06,0.0031513283988146095,1.6867257169162723e-07,0.009742214596837679,0.0023314963638841144,0.001258471027196072,0.9976620385467238,0.002594347395610943
7340,0.020784985383159104,0.0012037004179570035,0.0012646026473713736,1.749701852558036e-06,0.00631786195412546,0.014688706376662664,0.00034126778061880253,0.00525097636678873,0.9840562146883621
7341,0.0014739492836916012,1.0593242170777316e-07,3.964830637798588e-05,0.0185807333241727,9.143980000556391e-05,0.9928607723391397,0.001879897133107818,0.008017167253901801,0.0005144944279065207
7342,5.115539158633012e-05,0.7038215488841791,0.030689472759866047,0.20713466244265313,7.424500230503347e-05,6.733221939602512e-05,0.0018762320628169017,4.42890818436727e-05,0.002047703521715778
7343,7.272420331301357e-07,0.8336985527682601,0.12870789594750318,0.0009189197316833556,0.020231078095022982,4.821034172449275e-06,0.0025573174823178223,0.005841117083272989,0.0008796322333351191
7344,0.04752609921129365,1.6022276712733653e-05,0.0006374738882901853,2.3066714899559424e-05,0.00031346707535517273,0.37343398555009183,0.027415818471984234,0.11085505656830211,0.007128961167316608
7345,0.004385610819719332,1.7746930570886718e-05,0.0003296960751517906,2.8648466218408126e-07,0.013714518931106262,0.0005748608201059417,0.004945983128506416,0.998410105810499,0.003579246562629394
7346,0.023545219336991937,0.00114408140383742,0.0010641982773199018,1.5898490909332675e-06,0.008933879061022878,0.016634235729972142,0.00037933423102145993,0.00797372039287278,0.9654000850134944
7347,6.745940160799054e-05,0.8011460462503225,0.017342024404214954,0.1669142500100172,0.000102140133838667,0.00023581201570418745,0.0017680391008630112,1.4902455452296746e-05,0.008012092433258292
7348,0.03560047751087423,0.01380411370626292,0.006499828714547843,5.330251347575658e-05,4.21279169918946e-07,2.9549770946623694e-05,0.9976235026120752,0.015221867064719063,0.01181754315159762
7349,0.00012069075045605914,0.9653245604066654,0.019082258131300545,0.0024537168183913637,0.0008938582378387691,3.447890194245988e-05,0.05798875108577057,0.002042982249710721,0.0005376115637170564
7350,0.001677373134490681,5.946450976110148e-07,2.4498017760199288e-05,0.004941984042884663,0.00030508157459880486,0.998070523467071,0.0009315022847457767,0.0018522810623804976,0.0010156111547309137
7351,2.7877579784280913e-05,0.188054185907927,0.68447051097128,0.0021944733165623113,0.00016612557578938266,4.5459849194288763e-07,0.008300164367479107,0.003919184208499912,0.0355358944276984
7352,5.322155153075019e-05,0.3492780661752418,0.761971153284771,0.009415249129117524,6.617595863630397e-05,2.733784041618961e-05,0.021965909648574467,0.00022367011757851052,0.00451508265572928
7353,0.006239781761623375,1.9840777685607134e-06,0.003003681252635156,2.356809222208491e-06,0.0012028685547948404,0.042646860176434674,0.04759108233349492,0.847437760632085,0.00589538276188281
7354,0.0002732516379443142,0.4034775382655892,0.06143497171386132,0.0008103957570423481,0.0014230066114448387,0.0001407677070703227,0.0007704444799134964,0.0006453503132783364,0.1082231877078001
7355,1.197476580111679e-05,0.4871859068820947,0.356534090308707,0.08231586580493644,0.0009486026036052852,5.236825305427642e-06,0.007228688560470836,0.0005290550521779209,0.00024939918628302566
7356,2.3171047703823095e-05,0.49249019360741514,0.45585390417398725,0.0015690108251840739,0.002314503634722208,3.992346820567853e-05,0.031782368104155245,0.001802711210531925,0.0010728392136245433
7357,0.0034114590119155605,1.4238345282836996e-07,2.148144972308641e-05,0.016142836425098284,0.00019731420551050952,0.9876939502140031,0.002141977047908628,0.015868370385651937,0.0009208482582947847
7358,9.8891041323919e-06,0.8506463272596464,0.08424054279111322,0.021460504546656937,0.015728791716922024,4.95534187305087e-06,0.0040460716414821764,0.0017309304543298412,0.00015842494992211102
7359,2.221796374300484e-05,0.796410986371442,0.012870886472311268,0.0005196898752543408,0.4340769859179447,8.18855699148652e-06,0.000841393122425876,0.005959350986408129,0.0008438845412564196
7360,1.0857538877755276e-05,0.17083605727482845,0.7337312591844154,0.18807682936785688,0.0002258138256861068,1.083659808480052e-05,0.004737025342931645,0.000254826843474996,0.0003798032569506397
7361,0.0016993939531098773,1.6648820960082092e-07,0.00012543299728380418,0.006860706431248872,0.0002729329675279545,0.9980677671893137,0.0011678368546401675,0.002162833619752822,0.00034608470984664487
7362,0.0220890994745315,0.0009491593487365222,0.013324062938525632,2.0926910617203075e-06,0.009933255323899586,0.005457023180164539,0.0002476249446880394,0.0013024938595791835,0.995942964756496
7363,0.05918344562831743,0.0017128375136877068,0.00852107406642188,5.665995300474738e-06,0.008393935999007715,0.005132374315701018,0.00012101779529831884,0.0003282819451058652,0.9750215646746319
7364,4.1714758614339005e-06,0.34439445822107123,0.5046926497683497,0.19494748465461464,0.0001741920645391272,1.6349842660782554e-05,0.0023617640821026707,0.000512272092362891,0.00014029693518218537
7365,0.7531838290633369,0.0271157702842243,0.00027884252648767487,3.5875694501245927e-06,4.963462210107329e-05,0.00015248201821178146,0.5730272660210534,0.0174078808815945,0.0021087423161177464
7366,3.833934543899327e-05,0.0032942501339416107,0.005292222928110484,0.00033315016554867475,0.9863873394381651,0.0011969270126308805,9.278408170251484e-06,0.03434597403811819,0.0022681348760098755
7367,0.007445255204128388,1.1351751326627852e-05,0.0003391409902232819,0.0001510845817086175,0.0005087679458355441,0.795407466562915,0.004605212516861118,0.07226631493674156,0.0005295391696441012
7368,4.008452212920294e-05,0.5774724610582537,0.3523546599443014,0.0005978293147568233,0.00548441175588652,7.315560760963042e-06,0.004070127999724456,0.002461949016852152,0.0019235679120921162
7369,0.057773886349358074,5.502689462665477e-05,8.090197409486341e-05,3.3479588276353202e-06,0.0010171142226506912,0.14089873083196539,0.028414356824346072,0.6755872618661849,0.009681983077323451
7370,7.487131171318706e-06,0.7467675670532533,0.17649770128057132,0.052289967600010236,0.0012040049969719835,7.167117427986893e-06,0.004766722429737935,0.0006553112530442044,0.00024512480671401606
7371,2.836013239184807e-05,0.17466873903429128,0.851709828448656,0.013458960706447958,6.799028700865922e-05,1.2018614980105102e-05,0.19378833918890986,0.00012270099827809677,0.0017951626015904679
7372,3.5988264676916076e-06,0.8420541966058326,0.14785162320773243,0.026469225666691864,0.0004763140077779038,1.0276471884392089e-05,0.002930145924474102,0.00047752432858114423,0.0008408747473874856
7373,0.0032925106604167966,0.0012568678675642965,7.858453302442264e-06,2.3217257409019047e-07,0.1385367558809284,0.0031546006787319244,0.0013001178753440006,0.99780588656633,0.00017456219945877284
7374,3.839890772419367e-06,0.989520670436944,0.011627043570072,0.006917774253125462,0.0012438892030357629,2.7631662791951036e-05,0.0021236830705279055,0.0003216667399462512,0.0021708786473381126
7375,1.9043306675804987e-06,0.9829246419593106,0.026810664364698162,0.003379487306027022,0.0013659606669726785,2.2651862522916337e-05,0.002001776474062772,0.000906748128159946,0.0019503320980242859
7376,0.002092388325227714,1.7105938413405815e-06,4.46676088411033e-06,0.0034076506682971497,0.0003235649062606062,0.9940934133043412,0.002230190454223799,0.005502145006986979,0.0024316600330645047
7377,0.3142456944536379,0.00010770177087590652,0.00014171226067219789,3.355928768135292e-06,0.0008958841706890026,0.1107074703234245,0.0640027879001785,0.1289516662814524,0.004095247908663963
7378,0.004854044797029835,2.5937145774544703e-07,0.00010870569629937753,0.003483726040328019,0.00012519114011617474,0.9862518572180633,0.0071703211140627604,0.007837638080444785,0.000816633975654336
7379,7.838739227669199e-07,0.7438418313105487,0.2960837582689003,0.009974627145288894,0.0018249719929238864,1.1048514979641208e-05,0.001801225776920022,0.005621511884648109,0.00019189984284239618
7380,5.232412584908216e-05,0.7179604278856561,0.10425193183899582,0.07007351385535045,8.528720193575672e-05,0.00037889881742978485,0.005702543048081973,5.34998253557095e-06,0.02597311434846698
7381,0.002124867177703163,0.0003279786498298283,2.6808248371987573e-05,1.2838331653636874e-06,0.02841361520849083,0.004017952754210128,0.0004510582415143191,0.9976488999136929,0.00028043891090068473
7382,0.0013914669901924095,0.04790628579344158,0.0025508862184048632,0.0014125787574735032,0.0007751805922485798,0.006144976496123509,0.0027177265914304564,0.0001363137424433098,0.9019625794867976
7383,3.0976099129114906e-06,0.9948341666903414,0.006914580723167742,0.0021324619419652285,0.004872545836524626,2.0702793963627715e-05,0.003362541609233057,0.0009106456754391787,0.0009971626447961035
7384,7.920595180557928e-05,0.5824163469578618,0.011645981347547492,0.0008973094063043728,0.011850427163029687,0.005364048758374987,0.0004027044257216124,0.0001884421883710854,0.023356869665801114
7385,6.190225431593476e-05,0.45069411784056956,0.2745215143318641,0.09705434284583747,8.438854443659587e-05,3.009045567173136e-05,0.005795341834625424,7.198844609632592e-05,0.006236937878559649
7386,1.6313698530485785e-05,0.5830645008847036,0.310776171504578,0.08908724938212564,0.0006052097531979045,9.342483913356361e-06,0.003874078772397041,0.00036845801105117403,0.0006664730751615695
7387,0.02687011879689964,8.932715270778958e-07,0.0066200988705073524,1.1433834045949304e-07,0.0007239185203334414,0.0018881637275037866,0.027699380841751185,0.923034428792104,0.10819884972826325
7388,3.3641036707360184e-06,0.5399812557077891,0.4409615239197227,0.0018500741102165845,0.015313065588617858,6.895765441718296e-06,0.01097601043692989,0.01805844413704346,6.449418793753966e-05
7389,0.0011231894510444962,8.976452670012031e-06,1.2996338486676309e-05,0.011331951880034767,0.0004988811251517375,0.9966540482772777,0.0008086258720214487,0.00019654962279403045,0.002579742410011811
7390,0.0007032410121968517,1.9258461486939403e-05,0.00010250354245803691,1.611122533207744e-06,0.012758232533525612,0.008887666284037364,0.0004920037605695547,0.995656481805995,0.00044107124308342586
7391,0.00124407288116806,1.1294187494690589e-07,9.123787359211787e-05,0.01617125132841574,0.00017222981014298092,0.9984832678737178,0.0008186913962407573,0.003152970727232471,0.00014197979445181247
7392,5.4882333196519745e-06,0.286526304167296,0.6084993884010871,0.21188648563630616,0.00022158922260581763,8.564904167161162e-06,0.0024882797764690717,0.0005184351862064901,0.00016485093435063624
7393,0.002346872938989721,3.3631805667440327e-06,3.6232383561936717e-06,0.005495465687598412,0.0005734044211619507,0.9988112799935301,0.0005784353792224157,0.0011822686869438783,0.0012639601995230246
7394,3.915802047790586e-06,0.7482750387749867,0.23248875241536934,0.029796497757493514,0.00028757796939441106,1.0634608893603352e-05,0.002085804628339927,0.0002909971042791298,0.0016056016048404576
7395,0.0011563490204758524,6.137318102877559e-06,1.7082629135465095e-06,0.004927850841558494,0.00031750119936488694,0.9985666813676823,0.0008709862512745722,0.0006786276237098209,0.0014007814399902925
7396,8.136887984944623e-06,0.9906671883152981,0.008367337376341193,0.017026333363699544,0.00450170682078668,1.4686211872493345e-05,0.00242489028894468,0.0006126634173505912,0.00040087912699920784
7397,0.0030675646410468853,3.3767506642781524e-05,0.0001773680319434609,2.785275606021918e-07,0.028649726259340976,0.0006595984179129173,0.001244499386244389,0.9991797451341338,0.001994749655994358
7398,6.825355851730083e-05,0.003939937516398384,0.0021537921444681595,0.00017871135833133378,0.9949878545407725,0.001458826922098829,4.171130785181384e-06,0.02168296114766027,0.005666566740686181
7399,7.152222866407056e-05,0.9037733405154084,0.07656988899283841,0.028225070397004986,9.63580194362028e-05,0.0004128969460184311,0.005007132615162359,5.947480240843424e-06,0.029292334939772218
7400,0.00020204512708407195,0.8364457308093853,0.014807438565450151,0.08418330758700682,5.767367152604403e-05,6.967648626098489e-05,0.0031766816329817996,4.322695805888311e-05,0.021573739131404902
7401,0.004846921782560119,1.7632858249611008e-05,0.0003885680958805526,0.00037139563705168723,0.0004539790999164051,0.8786918040111483,0.002491467898307296,0.016597219331478577,0.0004933160674595049
7402,1.199397257405476e-05,0.6632806243228083,0.3005613666077033,0.07126426180803005,0.0005908048941467295,9.609063358864181e-06,0.007615315360660479,0.0005260033845185247,0.00012094294079674543
7403,0.0003082299866755108,0.24569851712600776,0.04846030883833392,3.2208589138498125e-05,0.0015374920973293654,1.966923274027756e-05,0.23500081115454916,0.049420603992723806,0.0003918153234499088
7404,3.2464348673400746e-05,0.4367769576770227,0.4179119091386753,0.060544848398829586,0.0025793082990608635,9.098771758184406e-06,0.010689655586486806,0.0002916177775135282,0.00014237567197274704
7405,0.05104132631978329,0.01075351655863715,5.52576725537545e-07,1.6229260424529082e-05,0.0044140083745142725,0.027985547722754592,0.0008614819435634279,0.9002603784441707,0.0015403761451700288
7406,9.281261877277967e-06,0.8171282066191976,0.0920745346618274,0.15297090768312177,0.0004198381650079754,1.4031249815250671e-05,0.001979842894166406,0.0001485148302130889,0.0010688455992447186
7407,1.9719428978323718e-05,0.07809076356610391,0.8428932141887244,0.03811256567697672,1.0459020150374254e-05,0.0001652860206702695,0.09254464165521699,1.9990081694029037e-05,0.003871989846672844
7408,1.7805420959107412e-05,0.9749554656348356,0.01967605173434771,0.014990497420225292,0.0012855330950435476,4.141200214634722e-05,0.0019425487846222963,0.00010076197901496005,0.0034907010822201566
7409,9.151480527559203e-06,0.9600019804776463,0.039364801176340974,0.023472339702340618,0.0017245522488639614,1.280727670392506e-05,0.0030659964567760125,0.00045277000066267496,0.0004232374827056033
7410,0.0010688687321308342,3.4661524868425766e-07,2.9826855520581676e-05,0.010335251750765226,0.00014033196811128409,0.9979536070642417,0.0014424021675469173,0.0016927641899173675,0.00031501566513478187
7411,5.103898315294378e-06,0.4684973442727824,0.42465318139142705,0.14432901639999535,0.0002203369197371353,1.4383871472940658e-05,0.002733880915701408,0.0005238939536803989,0.00020949290964608072
7412,0.00020596432185997077,0.9668648082777981,0.006054724686641783,0.0471868864878594,8.908733738069616e-05,1.7845695668983038e-05,0.0026164133457877163,0.00011937629244567598,0.015126237236924578
7413,6.0462253709184424e-05,0.01631884156574331,0.9837814672096327,0.015590055069528977,2.5729503971459332e-05,4.382252096356094e-05,0.23566675646937693,2.1515076087789403e-05,0.008688297264257648
7414,0.008679892991661631,0.0015935497424375842,8.338618873762448e-06,5.178021306560606e-07,0.04933318860585076,0.0008570638660959163,0.002839151387771609,0.9970225516376424,0.0009641200915250751
7415,0.0110880439049457,1.4982480885417753e-05,0.00011817440849196879,0.00030961961165656607,0.0010934263304315578,0.38831922567508503,0.0021236373587277075,0.0008131797220540163,0.6703114677570556
7416,0.011856768390214725,0.001902836482722697,0.005253712536711643,5.429650354734091e-06,0.010170279456528347,0.011306062404749911,6.108639645739413e-05,0.0019383964988814175,0.9897701124390869
7417,8.796461035864123e-06,0.00736828662671623,0.9951318676697424,9.967791470108305e-05,0.0004641176822765685,2.4866579929968284e-05,0.03194454556432807,8.163787404785692e-05,0.1221487393417384
7418,0.31158092053235675,0.002761686645200147,6.848271684538316e-06,1.5686412846906843e-05,0.002128440339783722,0.1426760478751419,0.00755982502280559,0.007314043471095559,0.4032884903410934
7419,2.216820099040581e-05,0.23867942633004152,0.5656534690915328,0.07606622728202726,0.0017090668868910625,1.220953920623741e-05,0.006290048184179699,0.0003534902391483001,0.00015473531462137117
7420,0.002091902599829377,0.005699725205069865,0.07513869594953881,2.874735875762173e-05,4.580606033291856e-06,0.00025782288050388324,0.9926282762494244,0.012623454592130143,0.00030102667171824486
7421,0.06371509780475768,0.0005695085882440456,1.1360811688524799e-05,1.690879938935678e-06,0.00659958053105735,0.0035747074896361484,0.0032887135144101212,0.9725136798759058,0.0045757147088334995
7422,0.006283441750338924,0.0038617112787410523,0.019416213488454213,8.594412928630618e-05,2.817638458153823e-07,0.00022187474906704615,0.9984185153769244,0.007909904063265524,0.003657967843091917
7423,3.934525873435013e-05,0.5826106117855214,0.4337327602977328,0.0007517624892948875,0.004801460459521178,5.420084747998071e-06,0.006114695290806782,0.0024475364165236733,0.0016650042363698474
7424,0.000993577338780519,5.048799169305058e-07,0.0002927021070980938,0.016810618984726057,8.27164679621772e-05,0.9892188529937037,0.006814997188312409,0.0007448550830474656,0.0002271750351187384
7425,0.008925178182131652,0.008410993481900747,1.0704998747207561e-06,2.5100136357869543e-07,0.19537316236487115,0.0026801424975748766,0.0008086870094428403,0.9988432434472257,0.0002628343002983539
7426,1.3984354111372137e-06,0.9630706236856009,0.037250991361040174,0.002534780049079916,0.022482152565981964,5.390039115080439e-06,0.00197756718793206,0.00526177505231058,0.00048253484950542056
7427,5.3522362517772556e-05,0.964073597961015,0.04497284933464547,0.0027502247168533045,0.002945694311201817,2.9301375323841077e-05,0.013083604096869234,0.0007458114561084215,0.0004086540875929233
7428,1.3027247607232368e-05,0.17693869630827894,0.18800764649131446,0.4431182006461094,5.5358756246496876e-05,0.0005237733017200183,0.0034031569581619084,1.3008522083021342e-05,0.0020919425141591196
7429,0.0021168794290172084,8.226137043973422e-08,8.142950754566223e-05,0.003483448833957706,0.0001140139839694213,0.9797572898219112,0.01913396848039586,0.01253168340056523,0.0008981838014819075
7430,0.0005940961018217583,4.911270814909136e-05,0.002242642979737908,0.0024217317726652208,0.004418979276617401,0.45564790205173555,0.00011207904173399753,0.00016715693454552187,0.8703711363848767
7431,0.04361340616364753,1.7054146706562892e-06,0.003476470525132291,2.3058849961432577e-07,0.0007215698213786604,0.014387401154405028,0.007021115557574109,0.8378822383729004,0.17874334083585525
7432,1.7497357082723167e-05,0.6565507395149255,0.22550671976320227,0.02670222420693821,0.0032617878228233623,6.7864576202610015e-06,0.01185889766813247,0.000699961876748805,9.907979536512981e-05
7433,3.378201702922409e-05,0.9643514550657524,0.034179170760278814,0.030766036186726776,0.0003166572948111847,6.790453169882034e-05,0.0017377964227026951,3.402457285510793e-05,0.01109220685698758
7434,0.0030182409522019706,4.914564807158312e-06,1.1270607289277726e-05,0.001913626201182364,0.0006293262523014715,0.9978593743937122,0.0012154379648917476,0.0009953347913595186,0.0014298467066070815
7435,0.15088293939158026,0.0006417515978330311,0.0002497231177986952,1.6380058333172085e-06,0.0005417361352108047,0.023173895342602363,0.010235383779676978,0.012046530701171327,0.31940509190967853
7436,4.312576431505862e-06,0.9168709310846521,0.10243306342502688,0.006001042514489376,0.0008381774897255847,1.3101614576858829e-05,0.004836789006764424,0.0003449786706399311,0.0021945016827595834
7437,0.0006973987148585345,0.0062466998650347475,0.1278679228167168,0.000980492993977416,1.8368360027425085e-06,0.0012311669499174196,0.9397092899912411,0.00034575401640613007,0.0009737284218891607
7438,0.00010578011128030769,0.4262761564900754,0.4581903762635856,0.0015628582402490495,0.0005285019076891382,9.884181881695921e-05,0.11931604443337582,0.00034844298307464266,0.00204436757329666
7439,0.0012924047658371205,5.067859823403582e-05,1.6200346143128755e-05,0.009589218179303713,6.577448234379393e-05,0.9496364879500376,0.05361748352716127,0.0006549548827320846,8.617134602950523e-05
7440,0.6416909235269281,0.00023810796321889217,4.2779186792508556e-05,9.328963827607899e-07,0.0014742337335826715,0.02256009445452391,0.02486584971884529,0.2991090028366678,0.028696046994731418
7441,4.906518241694626e-06,0.6525185492185674,0.07462131655384636,0.31162629319143814,0.00026984928739167736,2.945900880367525e-05,0.0016834529388863335,0.0001195165251174734,0.000599531770510143
7442,0.00011789362404617417,0.9780117274398157,0.04147650893382636,0.012627217918499443,0.00023723851171918801,0.00014388503281200334,0.009504830178484743,1.0650562538045246e-05,0.008161484489831604
7443,0.18933195579213288,0.0010178622759115376,0.0003673099033840322,1.2547354147972446e-05,0.0021368741066654802,0.010996309905654273,0.0034152899681936058,0.01968765207983219,0.5837053515995205
7444,1.802218803421088e-05,0.6641250601921393,0.24273183025342315,0.09255655537069894,0.0007595052532628471,6.6420567311546786e-06,0.00868950724940479,0.00044353897334199863,0.00013640604319014758
7445,3.982838237118291e-06,0.4563861835394734,0.5465905620443597,0.012805950479201083,0.00011381319892712724,2.4569605903594182e-05,0.001720614014924778,0.0004518838574395165,0.002513331961473489
7446,0.0027291798852680667,3.4259935829249724e-06,5.773189785968704e-06,0.004704946979668504,0.0006616463410217843,0.9987479290835503,0.0007124527686578464,0.0008158033329599604,0.0013828254149565494
7447,0.0015167302493711825,2.0221963210281587e-06,7.362323922730502e-06,0.006011728712308034,0.00031452776653491686,0.9989917363182501,0.0007768711572645702,0.0014181013363062107,0.00057171422350401
7448,0.0035750681743273354,0.001011732782775855,3.4976492423483674e-05,3.892955729937083e-05,0.003254297167404191,0.7047018333718695,0.0005365819584016168,0.0601808248163256,0.001074458552552706
7449,0.9848591110805871,0.0015412422666206498,5.87286923615831e-06,1.265972633792161e-06,0.00278089804752609,0.013980237749404609,0.025113913053680628,0.024631479987052434,0.00550884613179607
7450,4.70626271326205e-06,0.5556672857936686,0.43443300616963887,0.03246737454479786,0.0003291621380070141,7.87495057057511e-06,0.003868056393413537,0.0005278576810314569,0.0008150165991066078
7451,5.525576870402061e-05,0.021628770627177274,0.0026646204754354895,0.30425713905918095,1.0773144172730642e-05,0.038173307724960415,0.06125261518783531,4.19915593872901e-06,0.004542313901996695
7452,0.0018838458856860483,2.1898425278436562e-06,8.637548135831446e-06,0.004367134712298014,0.0003545476730680209,0.9988187574540537,0.0012356240655831362,0.000998400726538856,0.0008066309833584975
7453,0.0019202681123845662,0.08106640647869581,0.016598193586666855,8.53431251999766e-05,0.0011496018908454299,6.182379018667291e-05,0.00045946799190641266,0.014047649137952506,0.4830191456175816
7454,1.039950425789173e-05,0.34066954736853344,0.524536622735521,0.07745102720658713,0.0008682720417219738,6.497732973857339e-06,0.007056189228873601,0.000818695630661878,0.00016141021572263937
7455,1.617007988580101e-05,0.10603439738060205,0.11044082564979446,0.6037090073686991,3.9497474119397244e-05,0.00035423391845082166,0.003062286840553832,1.8549736979605413e-05,0.0013166350697473336
7456,0.005550180500415932,2.9351388449986035e-05,1.7310128446789773e-05,0.0003824511748585496,0.0010582522355560627,0.9933917165258733,0.0012007157099619785,0.0024263147981379253,0.00179805694765217
7457,0.010065204035073256,0.0007955424324537386,0.009681543276681328,8.921453841090105e-06,0.006093761936437109,0.002825916908068422,0.0004785515412934213,0.0016886988826773962,0.9929900609276515
7458,0.002310842704837375,1.2513873347620954e-05,5.021834203285052e-05,0.0015033100614618082,0.0001202068167137264,0.9867180287007972,0.009270825203968502,0.001201539096598,0.0009146969886793842
7459,0.05040094816289531,1.1718285398125082e-05,0.0007144471547744859,2.510249464571144e-07,0.0005786688284209896,0.008678247975622801,0.005203100735515142,0.8406109255419346,0.09657086232320017
7460,4.9723782691610896e-05,0.6012645496788886,0.008514717471165414,0.444647892252837,8.161480486809006e-05,9.575273634968128e-05,0.0011930803795763218,5.110481310579201e-05,0.002540082623129819
7461,0.013873840780266369,0.0020119012441915996,0.005649654842613192,5.998815348889451e-06,0.00903103588218437,0.004385129134105084,8.770380399788954e-05,0.0006427690200570523,0.9970227978946671
7462,0.00256213463954529,5.374167860089201e-06,3.9710965708197534e-06,0.003374700807837659,0.0006891230742538304,0.998922766038128,0.0007778542615246512,0.0007682802109363272,0.0014863605055509157
7463,0.002915665919186875,7.880068622986494e-06,1.144167508089096e-05,0.0020309119033186302,0.000981260111343375,0.9977361292792775,0.0007454531518695808,0.0007285651241309757,0.002471513129507081
7464,1.8008768601132383e-05,0.04699379459841029,0.9643379869465474,2.459045489794243e-05,0.003625257207031755,5.003571577953097e-06,0.003300612557477045,0.000525127083851787,0.08661892069047555
7465,0.001113357294300889,5.4078876662061495e-06,2.33839818569797e-06,0.004924326620497891,0.0002338648220032095,0.9978986991199107,0.0014307798321788526,0.0006304526642977189,0.001614664933129752
7466,0.0016042032366866622,2.7069597899451573e-06,2.9186230311915503e-06,0.008544207984069943,0.00043690022098663984,0.9987038920234629,0.0004898756103683263,0.001656464728129788,0.0004150978367831155
7467,0.0009336698392101984,2.268417287310189e-07,2.5980414973568412e-05,0.017318917022549448,0.0001536187915567494,0.9979402878381838,0.0006986559873315578,0.002878712847354406,0.00018577172520579968
7468,3.702861006926596e-05,0.6174551198665821,0.19195935059391364,0.0030214254438250356,0.00010984120353953574,0.00011940464645390484,0.0041473589489912106,0.00015507943449817097,0.1523521550309147
7469,0.48607102285691506,0.004578840732358802,1.4446165914001174e-06,2.958858179136224e-06,0.015299042184307518,0.0014338960053631106,0.0029381667576630507,0.8222909713557653,0.0007818329511461672
7470,0.35801070554942155,0.0011858983306586356,1.5517412381990884e-05,1.3517374835509907e-06,0.0006790505777393687,0.049691947183488266,0.06208073622050889,0.17116371816958573,0.060982926510722256
7471,0.04791603929021667,2.124449157743878e-05,0.0002531900366785327,7.750853262882952e-08,0.006070433893120844,0.006317674791652814,0.009750917998698788,0.863002377457241,0.3027203415972069
7472,3.2451356752217574e-06,0.2840204860363879,0.09004130657558151,0.6026472012701718,0.0001699368768004372,4.829948646327872e-05,0.000994281095168119,8.410814801003885e-05,0.0008392992680326992
7473,4.5677999264301306e-05,0.011827148242152542,0.003920051516365165,0.0002890182146406343,0.9834905995728385,0.0006780444266763936,1.2906548779953442e-05,0.019954542887212406,0.0030908104427315192
7474,0.0012226605867305474,0.00016386798396836525,8.508670525041967e-05,6.276143705522312e-08,0.09022683152806939,0.001591440390526227,0.0005958423161127095,0.9993060339889905,0.0003190289042789085
7475,0.001955488686341769,3.200013780739883e-05,0.00038531636065261955,8.818458516102063e-08,0.03093976452992141,0.0008917256308232474,0.0010344407056683737,0.9993546103888813,0.0012735625089942376
7476,0.01571521619686266,0.0014979953053798417,0.0015802657818650252,0.0004959075667372372,1.5767701215370244e-06,0.00401108008485369,0.9237806766168445,0.009429996199452973,0.0011260834055984784
7477,7.74006907779841e-06,0.9962954963483203,0.003214257480367993,0.011273325939979062,0.0034476161094510725,3.3630346791981255e-05,0.0022549043096655765,0.0003327036899329955,0.0012122363768660755
7478,1.4932375380746766e-05,0.963242056737867,0.036406500616306355,0.018511553435499713,0.00044966845452815206,2.4059932441456348e-05,0.005647638442911535,0.00011376907099264639,0.004507569878775443
7479,0.031277748995844984,3.0616423634303255e-05,0.00020806258000021112,2.5457635208591476e-07,0.0032812538113577605,0.003180670781186546,0.002282653301134741,0.9175931787217618,0.12007107473077576
7480,6.725839255015717e-06,0.9680363765508118,0.009384427780495348,0.11577903930473066,0.0006280195496851128,2.7869775833423493e-05,0.0007328589206073122,0.00024339704241414754,0.0021915959134532863
7481,1.1803998265470231e-05,0.843345045020726,0.09049696337387897,0.041911557200957766,0.0015901609421578632,6.292874246329996e-06,0.004859348787431214,0.0005495960596935131,0.0004643537997998732
7482,0.016799029493825876,3.05711726797813e-05,0.15450449415072046,6.055981756142884e-06,0.009142998180006957,0.0019213293064479608,0.0004117088114275251,0.0012461811060499256,0.9948339172372127
7483,0.0012088495690246548,4.08804658307363e-06,2.525900658153887e-06,0.0050899781975525275,0.0003031260762894088,0.998611901107849,0.0009349641595493769,0.0007340167032480765,0.0012326608476308112
7484,0.09975285933444256,1.7626351556450787e-05,0.00192196404570818,2.5880722751965236e-07,0.00018729211155924799,0.021824431898033642,0.043218682353550086,0.28167030258430464,0.3319150914829099
7485,1.0403681552559942e-05,0.9787695293057126,0.02136233848423092,0.03647478468478632,0.00038394835090490464,5.028915725846148e-05,0.002394776636716707,0.00011186727442247966,0.00206250608196433
7486,0.7085137359668604,0.0016694937017371488,4.346033822081146e-06,2.633168617798042e-06,0.0007765237246467223,0.054771457691142285,0.01828717959217272,0.05857412020842082,0.04305111202482241
7487,9.75701058447488e-06,0.8971560525777754,0.059003271806234124,0.06467426333905542,0.0008439205172392899,9.904746445937815e-06,0.0038734222821925532,0.0003049391863324287,0.0006284475426473642
7488,6.828872690065486e-06,0.5033433803312509,0.35044368309543694,0.1215712984068704,0.0007929993516684322,5.934247327165799e-06,0.003652708927901434,0.0008933449010535052,0.00013197343734153112
7489,0.6795962712630009,0.0957371283789397,7.741314801717537e-06,5.9617956808678655e-06,8.142498105977622e-05,0.004327094382725413,0.3318943336319677,0.0029010500579988653,0.03466121165179985
7490,1.079327004510375e-06,0.9620557797994973,0.034230885959247254,0.0011685544921797054,0.02349044827886043,6.154232558331506e-06,0.0035193043762521813,0.005863880296330987,0.0005801079860924193
7491,0.001145563208240692,4.830707999214949e-06,1.8656679696938006e-06,0.008689673751733691,0.0003263843632942985,0.9980592715873778,0.0006081454412725308,0.0008597011917405879,0.000916420181746196
7492,0.001193591920847174,2.422997887036004e-07,3.16440464179372e-05,0.008726916928174695,0.0001244150941646239,0.9971886608859467,0.0023977708686930273,0.002149183207903402,0.00043890501831035146
7493,5.873554717074891e-05,0.4154368093978946,0.27958275408262423,0.017778257932850042,0.0009271208215946375,1.759213364320927e-05,0.029051878231145564,0.0006629215045901094,9.512701417374234e-05
7494,0.7621305326766253,0.0006711570771257245,1.7454313720932153e-05,3.878721861466094e-07,0.0006819252316708037,0.03953875113540482,0.010793537445754349,0.017573694103049518,0.14206568870879746
7495,8.416362566647023e-06,0.9932417013587694,0.005198043951351611,0.01619610008080725,0.004878847021501554,1.4937770228107864e-05,0.002442105003866324,0.0005233687895928979,0.00046819733525231116
7496,1.7910653903638498e-05,0.6721858221815393,0.37358480370796504,0.0006989983414085409,0.009092642606528945,6.078774022086718e-06,0.008511021320264916,0.0038561149582455575,0.00047686617955808395
7497,0.010115418917047423,0.01871187685445,0.0008206674102297889,0.0002727464820924752,5.521109442534785e-07,0.0006236070461073666,0.9947744063833087,0.001219699018577168,0.002813393969631363
7498,0.0022180920302816627,3.465810946140609e-06,4.1206952866015664e-06,0.004019859482312253,0.0005034090502471405,0.9989100811626216,0.0013147335107436713,0.0010493839834398724,0.0007072324049927521
7499,5.615531530390543e-06,0.972190688217639,0.02383325549506928,0.027969362289257053,0.0008566846685299246,1.5354425210219532e-05,0.0023006188996775247,0.00029238719077365297,0.0012945462772510747
7500,0.0036313842992945246,3.7710094049430105e-05,0.00023339233278318164,1.2674523081227085e-07,0.029586199094469495,0.0007010487342357729,0.0016537311008070687,0.9984728069618897,0.0033272958956011523
7501,1.0965256419103182e-05,0.5984832986189855,0.3160678772534491,0.03710684703520139,0.0008317043620614666,5.52026399739972e-06,0.010539554681793498,0.0005512591663189475,0.00016414429405602995
7502,4.3674545566700005e-06,0.007175141053713124,0.21058251477684983,0.943775837088415,4.433828432279123e-05,0.001592032810874519,0.0017967547120282142,1.191234041304463e-05,0.00043576140520101196
7503,0.003941273811326622,1.1402227216425302e-05,0.0005988765139499766,4.354200067693947e-08,0.02170931994924817,0.0012651832795151888,0.0035729533709817946,0.9972486978740471,0.008920979884647663
7504,0.0059662719624171395,0.007034740444950432,1.1569142958847555e-05,1.2233038743561861e-06,0.015491854859387323,0.0008632434125862872,0.005882684165560962,0.9918571536033579,0.000502864292458491
7505,0.0005373420867729165,0.9721696788117283,0.004291389114582817,0.028724546332186178,9.382344156007105e-05,1.1187588969559643e-05,0.003842865304276209,0.00016665466146990356,0.05999941640535306
7506,5.3796690080835265e-06,0.9053485995999851,0.15699128718939595,0.002848300608567585,0.0002822899072787439,2.2358396363709864e-05,0.0032667705423487306,0.0002709930301500622,0.013648437969048043
7507,4.4645014112357476e-07,0.27579517920272295,0.8004161003875147,0.0007821783678918233,0.004363495104666401,3.941667728866041e-06,0.002612121943080607,0.006430198835922677,0.0013445222497861296
7508,1.3250161035074154e-05,0.9720600785114631,0.01113756563218873,0.0010388965232889067,0.0270249154015327,0.00012361479328827475,0.0027715084733320127,0.0007780236774663971,0.0021905094938530134
7509,0.0666106013129677,0.0002623467966242316,1.477608553688659e-07,0.0005777830229156275,0.0032216571670479217,0.33029995130451956,0.00046583820199678935,0.043428667379451474,0.09237870270652374
7510,0.008396687725129526,1.9669109969283056e-06,0.003681846904914345,6.433140524943333e-08,0.004780563914883187,0.005828920115803626,0.002433408848029874,0.9735008891727717,0.09716038589963036
7511,0.0031788077772933647,9.836361065465104e-06,4.673602317668218e-05,0.0014748109066470942,0.0008626458363497844,0.993147301198001,0.0011792124807010601,0.0008978254601094407,0.002110285099319077
7512,0.002010205174027735,5.307584886880488e-06,2.5214496402313647e-06,0.005345018278468637,0.0007141134614310174,0.9991613624926181,0.0004441443823564701,0.0007056386028793733,0.0012312961558302712
7513,6.529705108848294e-06,0.5949829624833315,0.2294102049365977,0.0020424612846432276,0.010051253059409482,4.4616705486297014e-05,0.0049761021977413914,0.004904690912396883,0.00017765558432454955
7514,6.352748521975416e-06,0.4918620707586429,0.3969953360289369,0.001533190433037651,0.006909378431683837,3.165427407010238e-05,0.009499755005957797,0.004941213786836893,0.0002146673168143587
7515,6.178771001926381e-06,0.13167600490097459,0.7774749526312512,0.09116910772148572,0.00010913024302597317,5.2540148835301485e-06,0.017492173814135068,0.0002580319191795826,0.0005568403870609286
7516,2.0667053743830866e-06,0.1750284534809225,0.6595188915256289,0.018688414517461553,0.013024621679530083,2.2645619143912073e-06,0.005828389367213422,0.009525013834978908,5.088969072844281e-05
7517,8.173078539814207e-06,0.2262464448606301,0.009892424555339875,0.8579260896904066,0.00010631303013785576,0.00015091413353877838,0.0012044684453115598,6.325513895115351e-05,0.0011824827780202885
7518,2.965172286403958e-06,0.002077872441826432,0.07856177187926927,0.8953966597704835,8.87883350015032e-06,0.015982405699687407,0.006141952040237212,5.394418723731735e-06,0.0004174623156854621
7519,0.0017255112493853692,5.028478702387297e-07,2.4335497605515817e-05,0.007789680264552325,0.0003325529174141412,0.9986303126384897,0.0010860072579277488,0.0010251541024883823,0.0005519174899547144
7520,6.834912643900563e-06,0.36747139631746606,0.5738704803288097,0.1258776552224064,0.0001256389573518012,1.665809563270093e-05,0.00428233771101992,0.00021131904490946123,0.0006814184591247556
7521,0.002009742888498619,4.3259263162735795e-06,6.421175565363999e-06,0.004379926723713015,0.0008025456161121214,0.9964650571435917,0.0004743547486629944,0.004658822604255557,0.0003787924218453411
7522,0.8891108135244323,0.010158416946790273,1.0258533014674966e-06,2.4331105913347055e-06,0.0014783071196366113,0.10369626230702228,0.009396920351908897,0.01064256370734376,0.07540806773629725
7523,2.2681194855354286e-05,0.17455948376355598,0.09149636996803416,0.3696110276020577,3.976935947649368e-05,0.0020520190045349895,0.0058838030779444035,2.860462147608748e-06,0.01417491145978294
7524,0.07689816333680059,9.676380545538691e-06,0.0004570022911601534,7.905139364980197e-07,0.001197897119595872,0.008386940666772674,0.007849391906810206,0.8688526500506135,0.07770848257668088
7525,1.5380451691066523e-05,0.44801124253648633,0.4530239010189819,0.000506134463585524,0.012699952377580774,8.94121088914848e-06,0.01509935946748412,0.004284575816204688,0.0005026957183212988
7526,3.426404559582588e-05,0.00907926139775733,0.00431701320939485,0.00040079541588754376,0.9846125715073903,0.0005902799495945787,1.0908944972792219e-05,0.02009497894097023,0.002953726613553356
7527,2.6507242510600994e-06,0.6976326952358052,0.3111457564412708,0.009962108596317782,0.00041410476255257056,1.1914654986526611e-05,0.0013017880290668755,0.0003603793414484812,0.002156763314325065
7528,0.0031109349467058184,0.002583909403298165,0.05991740683841967,0.00013113792647408636,3.123256490123862e-07,0.0004774160766240035,0.9962962093959956,0.002825462528968553,0.0009521158896052647
7529,1.3730070121919678e-05,0.5055315329611594,0.4287875956885124,0.0006681170276633543,0.005559141333499136,5.582783352190436e-06,0.04393121438315445,0.0064262640307931424,0.0004689956447594162
7530,0.0016968201616314952,0.08578604026292251,0.004054837022431126,3.690146979952249e-05,0.00012707034572833982,0.0025495938418263918,0.6492657580232976,0.044201605437829215,5.5695727420531086e-05
7531,0.001208843110038406,2.97202001658056e-06,3.52382258930845e-06,0.006648854308117577,0.00031870250595437695,0.9988057844717543,0.0006000435539729347,0.0009900405197218877,0.0010629684082437336
7532,1.034933877151377e-06,0.0027421096068662946,0.11385322963587366,0.983449024065992,3.305836034780129e-05,0.0016376639181146357,0.0010152753586335184,7.494387768585132e-06,0.00037058745139297966
7533,1.1990621100804098e-06,0.11891020046903382,0.9413759789115475,0.000823740090698869,0.000999906290043425,3.3364397701893017e-06,0.0015958933481139029,0.0018812701542270135,0.006019345057305537
7534,0.0005888226122697859,0.9792014077553606,0.01000199938825869,0.013242315680298216,9.517304106454661e-05,1.924883129042173e-05,0.003396221752683944,8.298175382168381e-05,0.05481169950051975
7535,4.294876828154433e-05,0.9523214306973562,0.0731957137265153,0.027717138460963405,8.6216737259715e-05,9.691135933579701e-06,0.004477927779560211,0.00024440549657474676,0.0014947573930030713
7536,2.88214553385859e-06,0.9672538248778006,0.034247238240079685,0.012146887933125764,0.0008526504380738853,1.7762364963057863e-05,0.002220021780794337,0.00042379331874398905,0.0016543582515822462
7537,2.4109110356183873e-05,0.500452787091946,0.5088567732130183,0.0008197990981522288,0.005139351496296648,9.437213543609653e-06,0.014575094864671017,0.002093899580478246,0.0009753667523415808
7538,0.00017469834331747448,0.9700668476903936,0.006136446410962963,0.03646688880998234,7.672864002250427e-05,4.985931067880396e-05,0.015667927410271208,5.1635690699557244e-05,0.06359502005654535
7539,1.2788936318614786e-05,0.5392361528694181,0.42666316644444985,0.0008777220532832027,0.00761505133409686,7.537738399809879e-06,0.022200953075952184,0.005184600949087752,0.0004125452824094874
7540,0.013519361159705002,0.004060385611869193,0.026007824242447342,7.222508157155887e-05,2.6853430568577194e-07,0.00011460764598823049,0.9989359759858268,0.007151880401806279,0.002327599626855863
7541,0.4283665965204333,0.002410634983352687,6.702387450147743e-06,2.9127350554579256e-07,0.0018438379541530902,0.05320880367119322,0.005802108955837335,0.08140265147854232,0.6481237733929721
7542,1.4397108127187177e-05,0.718794576079847,0.2929971560932467,0.0010333212838849956,0.005770511065847878,1.3125679546017329e-05,0.014563145031056431,0.0021099356468039085,0.0003880262681944934
7543,2.3646871342726566e-05,0.002747207329098523,0.004228723954350069,0.0003997855734858803,0.9890660522161874,0.002209977115048105,5.877304670259749e-06,0.03740591456004286,0.002755821595889016
7544,0.0014532587397082612,2.3517287541557878e-07,2.6340963993400362e-05,0.020383893971289955,0.00035287038258060335,0.9982499158946436,0.0004138959309809571,0.0030465578741557136,0.0001473776716263932
7545,0.8425192587900738,0.00014861301655722366,9.882856555978658e-08,0.0002830966406275302,0.001196764940185477,0.7369633278803941,0.0031765480073064505,0.0008377631471528924,0.006353741898928097
7546,0.03616920925803331,7.1911612542629336e-06,0.0009524704090019491,1.276440588802741e-06,0.0008543850448251694,0.019551542039714948,0.0664952704169206,0.8273353867929558,0.02498614579779039
7547,9.293818292249323e-05,0.5507164955336765,0.21529920754466336,0.000730207368765166,0.00026138985315895136,2.903767381945987e-07,0.0062429447482518895,0.005515989477126771,0.1463038209473815
7548,5.573011509424524e-05,0.00497749973393696,0.0023014347337827626,0.0002801684496762613,0.9934747696118482,0.0013940561590695083,3.80300455564581e-06,0.026196157204857014,0.004014538107469486
7549,0.00018207298748941758,0.7743614860993936,0.049833608137964586,0.014283437420347853,0.00031681653080153823,0.0010431687394209387,0.0017992411780534856,1.1997361623520722e-05,0.05059168272076068
7550,0.0023623070764233122,6.3012018348853294e-06,5.092576195618156e-06,0.0038153073207284785,0.0008073916373115068,0.9987201082564873,0.0006946731307802482,0.0005234007553597061,0.0020000574893565713
7551,0.008042504887413392,0.0009278832263233966,0.014249374586744254,1.3273841844556955e-05,0.011507041470995651,0.008929524200495437,0.0001013516073613527,0.0007749881387351349,0.9934405808066652
7552,1.903062684319431e-05,0.21223890046913485,0.018649652834329945,0.6803933144651505,7.58103180086302e-05,0.0024546384171477724,0.001514727629200813,4.100630057444143e-06,0.004682921479342505
7553,4.2271593949220084e-05,0.004193719693824358,0.0030999046867959544,0.0003248738927095491,0.9923653143271489,0.0011903034093367552,5.000659342292117e-06,0.025879052431007486,0.0036537621227251986
7554,0.0037043947052238417,4.991554346588637e-06,0.0012886925345447651,1.7581569598160978e-07,0.007729724850851572,0.0005107286365032629,0.004667612804714296,0.9977799330170155,0.007418417015910871
7555,4.935595943366593e-06,0.09047717685730197,0.965429127197201,0.0031277085201252873,9.026620670141093e-05,4.3150511223223044e-06,0.0032187587745278884,0.0009444416286373641,0.002543784582160886
7556,1.5494421742893027e-05,0.6755530963194775,0.10606655995974827,0.012003887571742271,8.751777770824563e-05,8.639795839321995e-05,0.00201956625227169,7.604967232227399e-05,0.05776231657145222
7557,4.3787531615726395e-05,0.4290291470960972,0.2915348427068529,0.00028154786266073564,0.003506038503665444,1.0019447955334137e-05,0.05051454354468004,0.008979877988269009,0.0007669532125056917
7558,0.0025740324705198128,1.1601965669129467e-06,2.9353725501888544e-05,0.0032441396148738563,0.00037785617883552916,0.9978128654430616,0.0020586352840090234,0.0010705873995370417,0.000797979102610209
7559,1.4866410810026064e-05,0.5801774853202453,0.2935476663779465,0.10333062520328676,0.00029394788069694606,6.475371225923235e-06,0.006813788585285284,0.0005600950675336255,0.0007287544706843895
7560,0.0016268845995527402,4.260701631036779e-06,1.9088686752766092e-06,0.007733130828618734,0.0004563430141053723,0.9986570000362098,0.0004732296338200537,0.0015697615275485854,0.0005993833181246035
7561,8.63127837158797e-06,0.06267515483541913,0.8773875224954097,0.0008089209598922738,0.003346410576943728,1.8577609264624834e-05,0.12237311035725111,0.003224053887913636,0.00041293125348647704
7562,4.203495969336417e-06,0.13077160817903036,0.6871226194729494,0.19379247756568677,9.477409638677376e-05,9.085890640868008e-06,0.002636433861207574,0.0007749200984456114,0.0005196617359199181
7563,0.002652738245572427,0.03225417671673792,0.019225247172978816,4.639417070775262e-05,6.585159266241116e-06,0.001217521394584431,0.977035686375714,0.004577891845555495,0.00016287364696333415
7564,1.401396892480352e-06,0.08606466626239877,0.74730202923579,0.009890697113549665,0.05017499387042367,2.2254259711982593e-06,0.00437323973396431,0.017868792810543852,4.4163935437176454e-05
7565,2.361907140509132e-05,0.6878488755762368,0.18648259844498724,0.05445323194169785,0.0012223753410100587,6.368128015249345e-06,0.010540502211264022,0.0007859443968202651,0.00011845899904558993
7566,6.96595709337048e-05,0.006396147162563373,0.0020156054541025964,0.00022501306994687098,0.993670635899181,0.0010909442504409813,3.852846931012829e-06,0.02114541992307735,0.0049404235429883194
7567,7.180582824943373e-06,0.6945559393858661,0.20374369983608354,0.16992095121299639,0.00017931799372364535,1.3204063746040187e-05,0.002051517523057173,0.0004771145438184072,0.0004973339134672433
7568,5.537681745656155e-05,0.8397832508065728,0.068748658431944,0.059102759621979105,7.77176366471558e-05,0.0003872732696487844,0.005476485531425209,5.888323413951976e-06,0.015078593216882997
7569,0.2043624401998212,0.01528313862985591,2.613206497249901e-06,1.1864675686139533e-06,0.00963123293977706,0.15448463275203228,0.047238773698998676,0.1225070643576255,0.06429832258905946
7570,8.675670165994702e-05,0.006116526498300788,0.0028344215946090566,5.85320443807928e-05,0.9921156088282511,0.0012273016923276259,2.806805772932485e-06,0.02865847645820653,0.010030832481492016
7571,0.22780047902972594,0.00033672245349054256,0.00014694207366233454,9.289243505036656e-07,0.001944352973799063,0.048449276023594876,0.0008338285966019044,0.00926612869602311,0.7041131716505225
7572,4.6285770123836686e-05,0.7157313310091941,0.32768118645601224,0.038379798264448636,5.120916685720577e-05,6.0883261717277976e-05,0.012649835848625137,3.4533159690085146e-05,0.003280296405653273
7573,0.09002638713210674,7.584166918231611e-06,0.0010843828151197038,6.484585219767461e-07,0.0006604699336712613,0.019934893413055148,0.006441351896961617,0.3531184946121042,0.4197717914946043
7574,0.0008426989384198773,2.1871073708970545e-06,0.001864319892552488,0.033915016357097594,0.0002740290578060738,0.9071724086584607,0.0011798963059947794,0.00048091401280263464,0.003139838381339132
7575,1.0016350044301883e-05,0.011106889278394566,0.9618135212027933,0.0025504962107690075,2.200940651292012e-05,7.385581390657885e-06,0.024004922793864514,0.001672105283288376,0.017796548471661854
7576,0.009509240282581422,0.00028272974534448005,0.0007057927292331886,3.347842480725179e-06,0.0015307545016656752,0.0034004320088175236,0.01711546713964797,0.8383002390128493,0.0006741895912847909
7577,0.026937796380648287,0.00045212735994018435,9.676306650190207e-06,1.1296790624419623e-06,0.042789124787808816,0.002257107934148069,0.005986062174151412,0.9878800090418183,0.0012285402776855876
7578,1.54038630766966e-05,0.8703670600821379,0.06320946238853138,0.08780658465215273,0.001961802661992844,9.935821592025862e-06,0.003038544703494786,0.0005340229067856602,0.00013938208607092755
7579,0.08942930058311425,0.0003252349227264748,9.400372007870445e-06,2.575730591154633e-06,0.006274452860975945,0.0037182307213429605,0.005524254710806842,0.9312960969094952,0.012206655967488402
7580,0.012447600454726376,0.0001838739932121661,3.987680139232899e-05,1.3981780176410733e-06,0.012803983672557253,0.001615983355326122,0.0032361358749264484,0.996033891866979,0.0018245208926377758
7581,1.950177561947268e-05,0.7193541637117699,0.2032678925512634,0.0856377414492499,0.0013474311844323995,8.07675655397906e-06,0.005240685941965128,0.000505388005284596,0.00011111978007377838
7582,4.8267298724755324e-05,0.002493648382061854,0.0026271045201859905,0.00038838903355221515,0.9944454708858368,0.001999710275071561,2.97212822617588e-06,0.026172666180965122,0.003626173054739644
7583,9.72346808794172e-06,0.649724766937387,0.33161274951265746,0.001147256010090871,0.010414138172693094,8.742183441029106e-06,0.013099981110814138,0.005560805233232829,0.0002257402256538037
7584,4.7487985943590665e-06,0.20293592274975614,0.7100670659736373,0.07560483255271937,0.0004952248177951377,5.0841032206417465e-06,0.003916016038462651,0.000925687713905138,0.0002149343993659588
7585,0.007243281181087096,6.737530304981852e-06,0.0034858601267139556,0.00029098681110049896,0.0011552812687470456,0.291286025652724,0.001249626483153416,0.009962119079902326,0.2461442760908076
7586,0.0022733667216000403,0.0001100406001213699,5.590596970299998e-05,4.835349417847387e-07,0.020940417459127482,0.001044532576376331,0.0005602011643080168,0.9992967448733494,0.0011559303312232733
7587,0.40960361034508463,7.330342841306849e-05,8.128633978190313e-05,1.267020582272162e-06,0.0007411877106798303,0.006805178003032772,0.08263617604885404,0.5495579528255786,0.07005218558215022
7588,4.751717553906333e-06,0.6397927831217507,0.21961047695762687,0.0012372462139501649,0.015511467131659394,1.3430204203334618e-05,0.005942848492876964,0.011010049541946112,0.00014969047540923798
7589,6.1791216365335265e-06,0.9954888000186767,0.00497938241249403,0.009549508726413256,0.002654747954136251,2.3049880356079783e-05,0.0025754385754159026,0.00040691372962237696,0.0010036630912823117
7590,4.6561863417734475e-05,0.007427311565196037,0.0037062358699657028,0.0002825520242665121,0.9880130698085704,0.0007689191842517541,9.273968635305341e-06,0.02217499647700548,0.0035380761523538663
7591,7.649428036048458e-06,0.9946450927842511,0.007074376383718852,0.01530956302553013,0.0016519341060844313,3.118090374000326e-05,0.0015658283469290656,0.00038843524735158666,0.0006251333041569293
7592,7.503124089398963e-06,0.7747095206351039,0.11327042159422133,0.19426875293794957,0.00030108389201121723,9.480018400814273e-06,0.0017352796009139455,0.00017016029288598867,0.0015626368940053796
7593,5.31662810513699e-06,0.6651623461049391,0.23902280816562232,0.10963162649487754,0.0006298401268564073,8.50973307739688e-06,0.002463032750898198,0.0005023114542050597,0.00037308763802258884
7594,0.05225553111632067,2.1304256796686222e-05,0.00012088467709869073,4.867235906692569e-07,0.0013914764039669612,0.02047645043362855,0.009497526242367934,0.8353564444613104,0.11009072818043457
7595,0.005231581201773942,0.004325973922503413,2.2864717912499857e-05,9.134816502079733e-07,0.011779647220099684,0.0010330393673929907,0.006506621771354938,0.9902149842149346,0.0007437868205789237
7596,0.0012913936317129025,0.000563778237153705,1.4892050929508177e-05,1.5924851407849227e-06,0.06943203763915735,0.012741304447867318,0.0015210357146213402,0.9923164618296634,4.793961888515144e-05
7597,3.088149589164449e-05,0.21452438585330433,0.6632613426232198,0.0003591394753253935,0.006662202709003991,2.9982844784403393e-05,0.015674159150007375,0.0020165022153517394,0.0015562500941458807
7598,0.01226241830077504,2.0104146371524245e-05,0.0002822055333115205,5.641544419813489e-07,0.006611575709206206,0.005099902286431272,0.005245330181719905,0.9908243800360227,0.00857914994651247
7599,0.00500412785738916,1.2166399594954776e-05,8.513318632339406e-07,0.0028452738439417656,0.0005380815663108709,0.9962463416810812,0.0026158495352611643,0.0014257389062858168,0.003784455104881417
7600,1.202349335349748e-05,0.8394837273378676,0.11115453946568467,0.09919576200435296,0.00031168285879362565,1.615544967603958e-05,0.002140968778727427,0.00011479644239065664,0.00282271205033597
7601,0.013738287005525915,1.3252459259002006e-06,0.08422961529354035,9.245088155067154e-05,8.21420315978628e-05,0.003926353578784546,0.6542365326288018,0.0529050860422401,0.003913558333178394
7602,5.10024608848718e-05,0.0042309469746156375,0.002500710232094378,0.00026654970643748244,0.9937725872611322,0.001369177266228562,4.426974561014623e-06,0.02440391416980884,0.004363956961321762
7603,0.0011501083937988854,0.014061836162571251,0.0221038611557579,2.0737682787213157e-05,0.030145440469231944,0.0003218123125208396,0.0053453747882381735,0.0555684748994517,0.016371484165252814
7604,0.0017638087890346156,7.145418968885539e-06,3.078909835479167e-06,0.004728223132423094,0.0007636472375790189,0.9987945848374741,0.0006835461175599896,0.0004184408114411959,0.002016118958154282
7605,0.008987065256280506,0.0014176202142790013,0.013671746979381375,5.281798326675871e-06,0.014840724646797972,0.007104794969389397,0.00011641987242590852,0.0008922646488483962,0.9932083433618728
7606,0.001935218263244896,1.2918616809222212e-07,6.402139727919999e-05,0.009251683219860274,0.0002603234744413586,0.9970764862631926,0.002404995984399477,0.002553599505651003,0.00018039984843945943
7607,0.012876068212346254,0.001068158936702143,0.004286858328076379,2.7483441949863525e-06,0.00836952685531613,0.008957236596027433,0.00022058661990305537,0.0024997282150849066,0.9925303175674431
7608,2.7260823539119592e-05,0.7127086743447317,0.22728409576369663,0.00037414345204439645,0.012139774262289595,4.700345767809322e-06,0.012361060386522404,0.0072798090782053605,0.000548546068657722
7609,0.050343527856613966,0.010666308575695976,0.006164631023849694,0.0001119504569675241,4.882413945966705e-07,4.0033554422781964e-05,0.9962783821482705,0.009416289132131378,0.0038952818014986236
7610,0.18287140664906634,4.42210024316013e-05,0.00017349646544371824,1.0405572864478912e-06,0.0008762537650934893,0.010933603122926,0.018322837052320615,0.7194339400427637,0.06020095146611711
7611,2.4194552497422068e-06,0.03687409018171039,0.5802856477722002,0.5852388783819024,8.009541590241644e-05,2.328375776077651e-05,0.004644117556095265,0.0001420905869239641,0.00019886257625494912
7612,0.006244199835607427,2.3492291300009814e-05,3.928196174795874e-05,0.00024949616628718106,0.0009308191169246417,0.9773877470695189,0.0015758436016571208,0.0071116897097142934,0.001695834065372238
7613,4.284065196982537e-05,0.6051802299321969,0.20174045082365125,0.03922861902786485,0.006596536140306407,1.6658270016911674e-05,0.00564835932277436,0.0003602347775234963,0.00010457659501143237
7614,1.886765596128085e-05,0.08173710269938027,0.8728857840364984,0.10405676820407159,0.0007459337699914895,7.793691482789886e-06,0.011220883596735912,0.00027377019994537536,0.00020946300299826284
7615,0.03925421447217964,0.0001180151297998076,2.6927737285605687e-05,2.02824282064037e-06,0.008322240953067786,0.0018038124188251596,0.005152362545936042,0.9779682977290701,0.007775353604453805
7616,0.0028403608132716337,1.907976369924594e-07,2.613496343238606e-05,0.012589939784607037,0.00033189665572737906,0.9947967678119616,0.0013187727921200904,0.005044682747231634,0.0007502243131081749
7617,0.0020170472729537947,2.0695187526350682e-07,0.00016573522645888994,0.006588998415872671,0.00014695624364453568,0.9970046422043793,0.003634073451153965,0.0018974902840010986,0.0002659891211587009
7618,5.485698848624865e-05,0.0037595392862495376,0.0026575942322364515,0.00026380673619816867,0.9938652547486777,0.0014135811921968892,3.7987443589604434e-06,0.025863418911468056,0.004020466804505421
7619,0.07661677787072141,0.0012188016771419502,0.000866411941095402,1.321660178618895e-06,0.0034569271286691954,0.011136893951930767,0.00039652045765993136,0.005080101458970206,0.9569138994032305
7620,1.9927014879973888e-05,0.5884497295219769,0.27347275750377237,0.045268769608042235,0.0007717285263950624,5.128658711918552e-06,0.03043678040558253,0.00030530998924746837,0.000214799852662234
7621,0.02542272762288523,0.0001118334781408137,1.1094061140048739e-05,0.00010133203615981487,0.00031832771694713055,0.20505978261225635,0.1914553593473289,0.12201343919472299,0.008392243285348502
7622,3.177428367346724e-05,0.9758125362380304,0.011878639322200828,0.06249297327360363,0.003710807869312757,1.7261245263035355e-05,0.001914108775907091,0.00031012925335868855,0.0003361838662451912
7623,0.002654120418686752,0.12867738178654892,0.0010160054435995522,2.8048873232085644e-06,0.0010983105899520457,4.630266297042616e-05,0.5112101570151348,0.5640628746885672,0.00022694653932238496
7624,4.603859309769794e-06,0.9643875894522009,0.019628608761063822,0.0041290127855274595,0.005670684314673717,4.131092825055267e-05,0.001794422283393937,0.0008895188967032823,0.00182646555813472
7625,7.889385073902467e-05,0.46846626752600273,0.3996831503840894,0.02306042477671923,3.759965601649092e-05,0.0006460123925042186,0.037047579961664634,1.7254872272900158e-06,0.05230196396795755
7626,1.4416034841612614e-05,0.7183056416054384,0.2836382996755606,0.0029624658799191957,0.004867179548103915,1.1926042447432522e-05,0.0314261006126873,0.002731411381657182,0.00015442227419701124
7627,9.464326434962972e-06,0.9870666873170955,0.011958238720283159,0.010308898708292264,0.006287758325437889,1.3971797291529546e-05,0.003523682787002106,0.0005749418075942985,0.0004830886457414028
7628,4.3074029895657166e-05,0.9146733354761993,0.0044146703244604835,0.00027770336000503427,0.4176397311059673,1.6670126165494774e-05,0.000742264599550678,0.006546798363794246,0.0006721802276158584
7629,6.621904085717298e-05,0.5180178464950324,0.04454551774870783,0.17648976717081183,5.480309827358107e-05,0.0007030369731153368,0.003454545528371727,4.541412550650826e-06,0.017244072631035955
7630,0.001414593816833971,2.8222414802331373e-06,2.5613006971115765e-06,0.009280045117480235,0.0005986716665317492,0.9990596672524815,0.00027825891846585137,0.0014795459133701918,0.00033903024096468114
7631,0.0006307259525974026,6.482891939089792e-05,0.005290189361767114,6.800844451099221e-07,0.01812313801133481,0.00029199101750902886,0.00033094077600021255,0.965813469165907,0.04015196810854792
7632,0.002764975823871077,1.8353287818515529e-06,1.4370194416091439e-05,0.0035836737871414066,0.0005260429476596521,0.9983896434811215,0.0014423750019494307,0.0007869949456278402,0.0011553570611478022
7633,0.0010194627770839881,4.134961844726075e-06,3.748549025956639e-06,0.005625904012094579,0.00020472393792047796,0.9977156297399569,0.0016288514736539405,0.0006360969700248054,0.0011449728787335167
7634,0.0039932442859676185,6.814828996738739e-06,1.0947574712382124e-06,0.006121229270413415,0.0009461987792192763,0.9974787237753948,0.0006368716961614904,0.0029902525043492036,0.0009314987677561876
7635,0.00011202596722286267,0.9430656388884335,0.02483821077083648,0.03671962315133519,0.00011091260564985732,0.00029022970570122584,0.0033371593216433375,5.841974569981017e-06,0.029207141271502084
7636,0.00016454260236125313,0.4352938809696652,0.33798325664321366,0.03616210107605638,5.021695430456766e-05,0.00013844162709515336,0.0063354604148317725,1.185011454542417e-05,0.02211155258053655
7637,0.2935804380816429,0.00020945874246927604,4.373885517075027e-05,6.729311185191425e-08,0.004081004969718017,0.03156174661151955,0.007366010468970946,0.310209584230546,0.36511241789367155
7638,0.008513874206524035,0.00018341797754039968,4.320747879167745e-05,1.0514972160499284e-07,0.09363828905483286,0.0007607794385493302,0.00302351353611725,0.9989615226401589,0.0011252382060582674
7639,2.210494105250479e-05,0.9339669519677756,0.1813438702261627,0.008869284015491172,0.00014596296389645812,0.00010146474570108426,0.0044937674907256555,3.735938651443084e-05,0.008389767162498563
7640,4.705997236833384e-07,0.514490757049509,0.5461035389738605,0.000540522983781827,0.013294617819535315,3.0243852334369232e-06,0.0014750983926220054,0.01045459437803761,0.0012182355787585402
7641,0.0020945999314904355,0.00012090591568239512,9.009827519174404e-05,6.566435556402487e-08,0.049689395651388656,0.0009345522650600846,0.0008917726948322094,0.9994567022448567,0.001040382938493297
7642,0.0025666507120011162,3.3168832940462383e-07,0.014616032584907337,9.665962374944958e-06,0.00045282548112433424,0.09080212392793746,0.11906421172939448,0.549867000320956,0.00326801542072363
7643,5.9355888181151256e-05,0.00010745531219430033,0.9241454517555807,1.8503516784348698e-06,0.0002283818445145286,0.00010136767456538854,0.05260407053194571,0.025110108339843652,0.030091276239700482
7644,1.138460963418371e-05,0.9707008460646604,0.022231698951011507,0.053517655986606995,0.00014044843253143636,7.06426448254003e-05,0.0036581951898940934,4.23291548834183e-05,0.004914047652394996
7645,0.0017380595479907575,1.3175519733913708e-05,0.0007612994522420833,1.5700977153285738e-07,0.015068796255662884,0.0008360180127996051,0.0008360256072562841,0.9993278617028221,0.0022631811378450643
7646,0.9726741632130294,0.00037541057594453773,0.00012019019885388808,1.8605546411318323e-06,0.00033136130883382783,0.004868793530649374,0.182462812077455,0.01826784482786725,0.004048554414104354
7647,1.847486535551921e-05,0.6835128794009907,0.26122813502444353,0.028169384329795204,0.003770144585971261,1.2528370563026452e-05,0.0075303089947009304,0.0009150795991682102,7.20969933498897e-05
7648,1.2148556005651867e-05,0.07119157865536117,0.6589048374046097,0.3319254151204142,6.206167058857276e-05,9.530706427724431e-05,0.004859921352435403,4.6823916893145625e-05,0.0009022879017995902
7649,0.0017376579872958652,1.3833275497196814e-05,0.0005384665852949576,2.681519712628031e-07,0.012696166830196575,0.0006555993017928333,0.0006437268957748859,0.9992130068995964,0.002410359568625817
7650,0.004188631948029427,0.0005341074887820755,2.029372922207249e-05,6.614492316988025e-08,0.15903629449966322,0.001259178051656307,0.000863631107085524,0.999197970937597,0.00048088059976081815
7651,3.6368300817503416e-05,0.9919848994239384,0.005787122061209266,0.006944940786774407,0.007712632513299844,2.1606447081814745e-05,0.0023158138645228213,0.00031506279326118256,0.001530051262608126
7652,1.5456947903702328e-06,0.9602758646782292,0.048106879875722916,0.0009301679612417213,0.016977343331319006,7.206587288177566e-06,0.004650571483086584,0.0035034606457548484,0.0008493592638459844
7653,1.7338974523124047e-06,0.9795613115524223,0.018808186730684948,0.001918642458574451,0.007314195261006444,1.7834432420948643e-05,0.0036257302581471683,0.0025645912885302346,0.0010041058461707326
7654,4.704769661050178e-06,0.5403759764483516,0.4013799652270034,0.06940741706749015,0.0003648028264908142,1.0691399269305287e-05,0.002216544298040282,0.000636611516852047,0.0002157424523148613
7655,0.0014440893964840008,3.4187499773637095e-07,2.6281692156547007e-05,0.008307283072039616,0.00019795783859344148,0.9973042721234858,0.0018100068792702303,0.003045186460520008,0.0003670235171655108
7656,0.0007563580531378212,0.9831680216146711,0.019072075608367694,0.0038461892500313735,0.00010253607010112218,6.051736142497225e-05,0.006774185366071739,1.0810763611182917e-05,0.23284489781062206
7657,0.010892287314190556,0.00017553264945786599,1.7915844470675605e-05,8.110471583542475e-07,0.03139926447000124,0.0007358812731186195,0.004000114425365792,0.9972898158956833,0.0023316939304768615
7658,0.0038068968776544462,0.000419763366076398,2.953039107823182e-08,0.003690555514186214,0.005648445568110276,0.9989971730945711,0.0002003497842204948,0.000546655195786711,0.0006701839112886761
7659,6.790035572914018e-06,0.9954336511391831,0.0037050237176514227,0.007264064887051973,0.006812955223840087,1.688579693870928e-05,0.00240924374185323,0.0005086137379266765,0.0009575436334857766
7660,2.0142009428784277e-06,0.447809164667579,0.2607237049933086,0.0977417693115854,0.00014620428710684216,2.364487069193965e-05,0.0013996785449182899,0.0002175798144706861,0.0009675873726444726
7661,4.465525234744284e-05,0.007301520356865952,0.001923945595051774,0.0002842180530522262,0.9918563507993096,0.0010852167457991865,4.424431456347299e-06,0.02429925376114478,0.004428091262454558
7662,0.02244409302191128,0.005478224863282918,0.0005287472822212546,0.00012337437110288935,0.01316589086136678,0.02684904936663695,0.00013057745889765324,0.0010412722669534812,0.9278357519514314
7663,8.249317773403506e-05,0.6296737408806792,0.16269663505670615,0.06896654586136591,0.0001250759332938567,1.92817911659829e-06,0.010700423913782139,0.0009533480855745006,0.008525486272521353
7664,0.0029987875384823058,8.767249471459195e-05,0.00011682560153812635,1.3859551997467936e-07,0.035770051490122495,0.0010253584693687345,0.001385194234634145,0.999059971916881,0.0011627563585514423
7665,0.0004355096980731625,0.2710715226034524,0.015652167739990234,0.0005986792417712936,3.0680070073953866e-05,0.00025794274570214076,0.3702617683787822,0.012251310071321164,3.551528075582052e-05
7666,0.0011458121216062851,1.0099618703932909e-05,0.0007677560510994441,1.0724316234613678e-07,0.019493132032297803,0.0006026642313433049,0.0006875269375126585,0.9994635605508454,0.002434025973030672
7667,4.803798020070095e-05,0.00367869595052853,0.0027556774052533376,0.000321927726658144,0.9937435531850226,0.001407448392318785,4.148335191676321e-06,0.02539462058050361,0.003903203755470697
7668,0.00017609711962625455,3.5876512862401216e-05,6.978141948112315e-05,0.07225172492590663,7.766240408885679e-05,0.9653131430465797,0.0013056424747000482,7.664395315153989e-05,0.001306792674904024
7669,7.038566861814684e-05,0.8388357791779868,0.11416710200886435,0.0033753737727711336,0.0003904224350770489,9.41877916486389e-05,0.05224246840996851,0.00045507412093495473,0.0007053985114679601
7670,7.722380850730957e-06,0.9848700835377062,0.012320577992247254,0.012190214087207562,0.0034493254420006414,1.807949504415563e-05,0.0028180852840464475,0.0003947631678556578,0.0010666992709399143
7671,0.004671226401219707,7.787237934497027e-06,1.9575481272113767e-06,0.004659299751420563,0.0012589699204334456,0.9967041350115191,0.002952652476920695,0.0025532981724036355,7.297013507769072e-05
7672,0.004754606762275947,7.367290109886891e-08,2.3521952445077228e-05,0.010913648814830625,0.00010204661603135942,0.9518362950669894,0.012106056193525914,0.022902994116130757,0.004416756702051849
7673,0.008852916198112728,4.9552345451834675e-05,0.00011314679592697231,6.122823408393446e-07,0.00475612320609788,0.0011304660428054399,0.0012309486172184733,0.9939561463920121,0.005796979454687737
7674,1.1085567880046157e-05,0.03653688338300315,0.7436962244380398,0.18127761241159587,1.2096490666787614e-05,0.0001713671178498405,0.043731415686775396,1.4497266669427692e-05,0.0033291289307318377
7675,0.3094294156892501,0.006028108840950486,0.0003648166514533665,8.626314948156691e-06,0.003063172452453753,0.004179182586657502,0.0009860686421614047,0.0011281397409667344,0.6408599176086267
7676,6.206128466713828e-06,0.9923223632963328,0.012980763155900339,0.0033044372579227777,0.0011177309766164617,3.292919296487907e-05,0.002443767488645484,0.00021526278423951906,0.0027732276452362356
7677,0.006298234211542979,7.914480702340741e-05,0.0003736385229492531,5.123342892316586e-07,0.006635646162869729,0.0005360011551333022,0.011593375283454034,0.9912484980514403,0.0040230523123415554
7678,0.00027425100362743943,1.0928129361088276e-07,0.09832925086020729,1.9199660616161367e-06,0.003566033448111067,0.010186932189141556,0.016613016830647864,0.9660018828726239,0.0005561826237243646
7679,0.15747315956001906,0.0001660553728310921,5.522955733198498e-05,1.3342639999127152e-05,0.00011488263567632464,0.05626581278535763,0.0595354952374505,0.17108353113751698,0.0410298428859054
7680,4.374861456048223e-05,0.6150400786250081,0.25470614358871635,0.011945658460110583,0.00010049572292901772,0.00022523840556381612,0.0059743741541934915,1.3598828647774566e-05,0.08157565307264243
7681,5.58545992984128e-06,0.5119583834640757,0.4046791104179252,0.001479828621950979,0.011311378352513243,5.160885774044638e-06,0.015957967787458255,0.014640420230023503,0.00016672110811586445
7682,0.00036228458758013986,0.00018576693706903066,0.22700016323673078,0.0004452252739547707,0.006286085799113802,0.021566694313854287,0.002642996594060932,0.0010872224157813506,0.00998541845133207
7683,0.004676954092300745,0.0039058544091325124,2.955174450865519e-06,4.292216493119991e-07,0.20969686904051468,0.006290535733981405,0.001054453868617909,0.9960889363211423,7.185570676721994e-05
7684,0.0014424105500923624,4.293465374170103e-06,1.6763096643874528e-06,0.005895348455426853,0.0003273808397826521,0.998234203832213,0.0008195699002490903,0.0016471917057583989,0.0009404819235249858
7685,0.027492955951572435,0.5707151196894961,0.003125639175745784,0.00015357489609806263,5.788317669183884e-06,2.9431184808341e-05,0.7589897456151666,0.0015614642390762304,0.02538421924506369
7686,0.015132869521335631,2.370322091304914e-05,0.00048273196848730725,2.4008868386073896e-07,0.009742054336159373,0.0015423957318624764,0.003929768690299015,0.9908308440781871,0.0059947372159369055
7687,0.0007907078265269828,0.0003510846950193696,0.15787766419122684,4.278907502055763e-06,1.0708528254407753e-05,2.137720808387819e-05,0.9890416944683247,0.3489380279837229,0.002821035013235709
7688,1.4987284268991639e-05,0.19907697352481446,0.7553060479495255,0.0007986595408915139,0.0028689245309112335,1.6279943491536215e-05,0.05827002944860404,0.0024596292736277707,0.0008340387081942717
7689,2.6340681613193407e-05,0.8975726593147314,0.12370858945437338,0.011254941156913206,0.00018530543882353876,3.420193960333227e-05,0.08794833226005737,0.00014998212526766728,0.0004168213608073866
7690,5.615860989157685e-06,0.40437799964113064,0.49833003816097604,0.08660827808506535,0.00036118365021210047,7.2655479980582886e-06,0.0033842363561589575,0.0007739148339618363,0.00019775059329428513
7691,6.920652719595277e-06,0.12894446595629697,0.5971605369181754,0.1098809069581241,4.365590597826062e-05,3.466719431577074e-05,0.021075932049048812,6.973865283368682e-05,0.001119284691118782
7692,0.027609506408223638,0.0010608934364023522,5.626502560221274e-06,3.8644869415857e-07,0.14533868039398004,0.0006887091443857248,0.007318000766453559,0.9981105768987553,0.0008159680195724462
7693,0.003978758322650615,3.808715979788786e-07,0.0005905337399173373,0.0018305445755921884,0.00023981516023726553,0.9860939499959956,0.003998470813443017,0.003773698746774577,0.0007246908990030002
7694,0.0030434849406341235,2.529987192216728e-07,2.9340759662020538e-05,0.011422952629991236,0.00019583878834331,0.9950730025873952,0.0020877827983677134,0.004544217936805336,0.0008309911531561211
7695,0.004622749460265316,0.06467157678838069,0.023679567417712252,0.0002775609199437643,0.0006689729871909841,0.0004710246860933909,0.0020305797572483563,0.0003064493439933765,0.6382858975239507
7696,0.015364980822898385,0.0015373920071898451,0.005175312756557137,7.056599842788416e-06,0.012322822778404996,0.007169734261597717,0.00010159909329331394,0.0019306862777677433,0.9895313704056389
7697,1.6990759484799254e-05,0.041653775702516396,0.6545783132527192,0.2251600326666498,1.2790901516679877e-05,0.00044532575875128294,0.031860271776898715,5.978709160844952e-06,0.005898027910820904
7698,8.494218051673919e-05,0.9933206416775356,0.009438488960507283,0.01968182086528611,0.0003144315665347954,1.807096515925424e-05,0.0017651993248530326,9.297603443345763e-05,0.007748944323829965
7699,0.0007662767602759388,1.236697963887906e-07,8.91569370641476e-05,0.021388124697080894,9.187887212326776e-05,0.9960690618997186,0.0014876136272479502,0.0021446499405001567,0.00015283607425734788
7700,0.1299548478942949,0.0008049015215006187,4.863156907464789e-06,3.0910939647937563e-06,0.005484869460293737,0.005033042360863308,0.004717581519402143,0.9004720082772962,0.012776919332799163
7701,0.00011186978856281231,0.730319259470396,0.03538368961160595,0.112666529876948,7.510461156654027e-05,0.00011135957217901011,0.0029972515420463733,1.915029602231241e-05,0.009332512440933043
7702,3.6027279065798348e-06,0.9865689230924873,0.01404908691766496,0.0014444280655736036,0.009745461732434017,2.5334141120173556e-05,0.0038040763604884633,0.0012819471311001005,0.0012537493348209886
7703,0.12182413586591233,0.0005644037828312781,1.3710248797756793e-05,2.1574218254426206e-06,0.014832498770242395,0.001244827271263472,0.003093493188770221,0.9781886343645565,0.0005423999138685305
7704,1.1547363126466792e-05,0.677465893918751,0.27839029776956303,0.0010423912927205947,0.010161413912221641,1.1528519875949739e-05,0.009361921845254074,0.00475450695684581,0.0002998158444674029
7705,5.001284861485881e-05,0.006993291875443179,0.0036667418409330782,0.00027674105771071517,0.9882544547478097,0.0008153183925509596,8.344727402989545e-06,0.023448403722883194,0.003314998716229564
7706,0.001282938657463048,2.445291570988184e-06,4.835987185017455e-06,0.006183561117917637,0.0002836863889758657,0.9988516505837323,0.0008383506589452553,0.0012173996070342819,0.0006393048153655856
7707,0.11211247253719661,0.0018311818562457825,3.894254965509495e-06,3.009986076331856e-06,0.007597222659144041,0.002060297106894973,0.0028646590684007103,0.9719767134918907,0.0014833014120622034
7708,2.015493007995897e-06,0.4543424253490683,0.530714380699657,0.019232506396726426,0.00013991578907014308,1.094727616492462e-05,0.0017485684506528733,0.0003740290061659926,0.0021354714951808693
7709,0.0024919127732900043,2.2023034237940078e-05,3.319330023029321e-07,0.0038965445367846333,0.000660033172451933,0.998313364091038,0.000609568253446762,0.0014443006380554127,0.0024691193063090667
7710,1.0516073389129975e-05,0.5685287044420159,0.37964901452792144,0.0008930367224426727,0.008154496331078795,6.529593500866222e-06,0.022357680236638255,0.007980702465884417,0.00031624853407952565
7711,0.0018616486493495496,0.0018035485333890392,0.04528220458987071,5.9545723879581914e-05,7.493763576156095e-07,0.0023030259500322315,0.984431985975569,0.003959936059304407,0.000800448033480218
7712,0.0036013668097820955,1.518867426706605e-05,0.000301020381402895,0.0005561768883668819,0.00039843970162906284,0.927473358481117,0.002590686485674161,0.014668661792984658,0.00021348770750806472
7713,0.007846152206438623,0.00014722417100693688,2.4295077761617932e-05,5.544783094209559e-07,0.027389282957300372,0.0006013794059052153,0.0066393671209688115,0.997973684025257,0.0023261875279328124
7714,2.3832640458062623e-05,0.9813570796180054,0.014634227002924396,0.03764576358935742,0.002078675956764875,1.509986522316128e-05,0.00296418606728452,0.0001231515933363105,0.0015887415299966092
7715,5.579073688802917e-05,0.9530229016378166,0.07040410878606936,0.013210781708985164,7.643577795313696e-05,0.00017761175810579737,0.008950574002830726,1.359086215933916e-05,0.03271959511130545
7716,0.0002691674027325266,0.0008975071477566394,0.007533964910949392,1.915373980091972e-05,0.00447046348157798,0.0015016716003193053,0.17318881971180058,0.7151919592891287,7.067748623669691e-06
7717,0.0010999296643216434,0.02344257197882072,0.22903281472611173,1.9479626630593156e-05,0.001039055213357977,7.340848276266788e-05,0.008135972373293924,0.001791601369011997,0.7362584215161174
7718,1.551331539427812e-05,0.011953543928716082,0.8340483976302301,0.217539451711725,1.120809634085262e-05,0.0007749575861689006,0.025525776764083893,1.2383052704239539e-05,0.002307095097381398
7719,7.5294522178436485e-06,0.2848813746072518,0.6055520713456065,0.0010904462430490155,0.007083437229276484,2.2531205327244334e-05,0.0172076713304446,0.003968109801229803,0.00038840615777193413
7720,1.336206639418595e-05,0.40352086877460264,0.368669922448588,0.00039382238572162586,0.01523852856044058,1.056502442952825e-05,0.016054079018904502,0.008455865418770317,0.0002905399750816231
7721,0.002424675414803758,2.0809996232572037e-06,2.4267722278394918e-06,0.007887815491131087,0.0007495125307542788,0.9977894089089867,0.0005693817244607841,0.0019243000827349449,0.0009023467120174388
7722,0.013495904474143054,4.104859544722688e-05,0.0018576076613918142,1.4810937183212101e-06,0.0021652989940674433,0.10606774468302453,0.47932542241265796,0.16514568789841153,0.001031259913374769
7723,1.877279139115249e-05,0.8677769779729432,0.016471262438117588,0.05624040414291921,8.04130054740742e-05,0.00041739424132577075,0.004140759503591027,5.85631922481196e-05,0.004541807282273851
7724,0.0023225197453840235,1.7691157411102775e-06,1.3571963085368672e-05,0.004367470260230416,0.0004524794808551759,0.9986232722988047,0.0011667467217245685,0.0008555856592684714,0.0009045099580436889
7725,0.0007830618434256106,8.194894584450036e-07,0.000862596362324349,0.000451558999370193,0.0006551494693645356,0.9847117293250051,0.00047347385326701653,0.0011209693214558007,0.010167837913299149
7726,0.0009346087738523842,3.159109844441487e-07,1.880184793626683e-05,0.018803743714282797,0.0001567716524734684,0.9977009485643127,0.0006791485801043472,0.003300633504931778,0.0001464659670578808
7727,0.0013580934830052535,1.0928945615707306e-06,1.0458781672273506e-05,0.007452798575544469,0.0002464350713376855,0.998735318296802,0.0008986344489882362,0.0014571672776181421,0.0004897360530128464
7728,0.0023022975584787845,4.249200175835766e-06,1.2358791548844419e-05,0.003482939521827783,0.0008005499643031135,0.9979653332334066,0.0009725025113793313,0.00042123864668961066,0.002720023549528669
7729,0.021998629304150866,2.4125181000213824e-05,0.003096234285976156,5.110447544871173e-07,0.003946579563775975,0.00365298524424605,0.001504786873057458,0.6596606769333669,0.267344730849804
7730,0.006522477896743763,8.867292911862061e-06,4.6777717023076293e-07,0.003495265467203437,0.0003060406842274724,0.9902380939420392,0.002693906069108551,0.01060631527965991,0.011001195876193687
7731,0.0022834334158749626,0.003969367206223607,0.09171728182591106,2.7901742357421662e-05,0.00224300584039588,0.0016773689271429874,0.00036571182291377115,0.00019075105634528452,0.9793210539499253
7732,1.170143018915291e-05,0.534586971606765,0.439401325032079,0.0011438411603341564,0.008686379523568287,1.2726363437932045e-05,0.01237534904193066,0.004227389975838197,0.00035324631194471923
7733,0.00035545910826945446,0.9089275530082854,0.10631942655731201,0.008707353659300096,0.00010109470809658394,9.364133723122598e-05,0.0030445298719743406,2.3779458289158065e-05,0.027026789845832077
7734,0.05528286473401376,0.0008017786134471691,0.0012175051763617223,1.9217176661272148e-05,0.005861371856523994,0.036208079977772055,0.00022020802673473175,0.0007723297941185734,0.8639937694560315
7735,0.002600220693099123,0.0012118296138960993,0.18738961133490406,7.76577178198165e-05,7.403809033167412e-07,0.0007028592812437106,0.9923453199908754,0.003276914185414374,0.0007333814105754483
7736,2.348252253051955e-06,0.7293158420770199,0.1725577875861458,0.007072889664480806,0.03199226029124675,4.790073479992651e-06,0.0032746589978995834,0.008334189112800865,0.00010048974283468324
7737,0.01343643607149147,0.0003046726821547665,1.7083057378468197e-05,1.0528090487264312e-06,0.0074627179503082815,0.0017443388983602879,0.005817130731046123,0.9929003232358002,0.003444826383412351
7738,2.6049748104890418e-05,0.49318385509119544,0.622674835747199,0.00015519703858445024,0.003886431055174242,2.094875822620796e-06,0.002052834689633529,0.001802959785689574,0.005147941235772757
7739,0.000747716640110936,0.9515351079265546,0.05608696450095345,0.00025531472212262204,0.00011466384571178204,3.4975290489715365e-06,0.006536677964042165,0.00022559513598869715,0.7192876179096896
7740,1.4649259233046249e-06,0.5036754924109935,0.4383438448980213,0.0067359300085565845,0.0035944205974630847,3.7110565265015854e-06,0.003083103765362821,0.0054617492883981015,0.00037908778692833164
7741,0.007027944065504371,6.75282499346983e-07,5.348191097653345e-06,0.008745253177976255,0.0005369391420489647,0.9223462477994672,0.002364800127604454,0.08394946583594469,0.001839115551787096
7742,0.025755817997828247,0.007923229727646391,0.0013546946515574643,2.52078463199022e-05,0.014333589245155173,0.014899618128063155,0.00010047810301301215,0.00045754079989063467,0.9863398022685838
7743,4.23540494932934e-06,0.020464664396346956,0.343202523804871,0.7431286732623289,1.719409533068608e-05,0.0007060322417135697,0.010811657298990605,1.142588755787866e-05,0.0006909430107379272
7744,0.004045251021775914,8.181226005900261e-07,0.00032860465497470324,0.0011879608477155393,0.00022041937392439217,0.989912403044066,0.003988062689725373,0.005792244888184381,0.0003550962711378868
7745,0.006694157139976313,0.0011728211551926635,0.010705668376100635,8.416284292191607e-06,0.005235114705049034,0.004350166423105141,0.0002585735059232077,0.0021195831860405167,0.9901623625218887
7746,0.0013205993744801901,1.1231534796437201e-07,4.500657640256602e-05,0.022673321793219004,0.00015110914381024035,0.9966620006516598,0.0007301385348055374,0.0048386282903952905,0.00029584209481443993
7747,5.193680829105687e-05,0.08281115505232661,0.002504209002032464,0.00019943954644611135,0.9670027541494823,0.00035942662895938163,1.671346915713544e-05,0.013240486117278754,0.003505077199095632
7748,0.001014878477710921,5.140077742817232e-06,2.800889063118029e-06,0.005938612344597954,0.00023193986431174548,0.9980260645043463,0.0011486248635964602,0.0006560876541437041,0.001193662772242053
7749,0.0018690391161951072,2.1426504501742e-06,2.3521534727730716e-06,0.008868618019491797,0.00036095365706488336,0.997006102493074,0.0007954551146062009,0.0017869020846697087,0.0013141058011747952
7750,0.0011365592482508013,8.028011033625335e-06,1.457790735444783e-06,0.004709634383514051,0.0003133811304628293,0.9985256930657899,0.0009284607013388545,0.0005541752873412353,0.0017361844366240017
7751,0.01676565989802172,1.3863136927811862e-06,1.0135201691889858e-05,0.0012666833140425572,0.00013014639407847706,0.8617212129051652,0.04576926876190956,0.08541420998283858,0.005898133378145561
7752,0.11659360376844169,0.002795170574951191,1.53984639793983e-06,2.2117436002712536e-05,0.005315683482188859,0.0052485475628235665,0.0006211994265842717,0.9181203924940112,0.002742875308069123
7753,0.10548168074790931,5.752834547669419e-07,0.009557210861503499,2.434755552194868e-07,0.0004749550966812523,0.011781087069567106,0.022523353845823633,0.5364672874676844,0.3766345844769617
7754,0.0016783860970490695,0.00034047711077591687,0.55762915714596,2.5176995264684853e-06,0.0012568123535106554,7.751487001059447e-05,0.01077380118931667,0.007790370652966221,0.8964026306602773
7755,0.010314930435580457,0.0016136070775398098,0.003803890710611622,5.037405093065572e-05,0.007803994837967021,0.009959891907728865,0.00018536414509968006,0.0007476495382026487,0.986719086659155
7756,0.003022988865011504,2.355234218036497e-06,2.953379442215883e-06,0.004780147083926282,0.000980921483643756,0.9971517057641922,0.0018228393501339925,0.004898327768039784,0.0001292618978415267
7757,1.7078696115375904e-06,0.9756409467983119,0.018146713778295912,0.0025056790537694024,0.013960741913014042,1.1641257503756752e-05,0.002483974071322167,0.0027405421125179215,0.0007281284237776229
7758,0.002169108849314176,6.62362829725426e-06,0.0015499173019337827,6.750513649923448e-08,0.013957855413604996,0.0007783720657538263,0.002622307371368668,0.9988500623723628,0.0040010781165690295
7759,0.0024305614919703754,8.11568138333213e-06,1.095476725543141e-06,0.0028643591561486577,0.0003776248491722607,0.9967480271710766,0.002113823797988809,0.002602497505669601,0.0029697598858051105
7760,1.8442156478223713e-06,0.15126484485570382,0.726528776360821,0.09425991095905485,9.782750792761286e-05,1.2867215260211007e-05,0.0017492304086105673,0.00045411343291936634,0.0004562870357939283
7761,3.4892801040594354e-05,0.5962051275791266,0.2932191025151514,0.021827033904527934,3.166188470489486e-05,4.070504625496721e-05,0.01963911175591743,0.00010100483626799537,0.0021260602504284275
7762,1.1569789318482344e-05,0.9434470353592889,0.045129358166570724,0.03795728225477169,0.001655613454252072,1.7845557019276505e-05,0.003241608643168709,0.0005650552959974554,0.00022529568565163668
7763,0.00657033422377648,4.060932454791341e-05,9.737776417011846e-08,0.0022470561472691737,0.00046339238839709993,0.9921616323459823,0.0022091297887216694,0.008674103983667972,0.01412625843703246
7764,0.05725300009164421,0.019891802736909686,3.645098786217986e-07,1.1784074687905208e-05,0.004545124788243266,0.0476844679381214,0.000991806740086044,0.880881925122182,0.0017845503818702034
7765,8.388355859129725e-05,0.8955143394186329,0.09978973447932503,0.020548531865529646,7.780293829922537e-05,0.00033235227525281236,0.007711047112484305,5.814891099002274e-06,0.03798179144283778
7766,0.007782557363557319,1.3238166824360477e-05,0.05231533470178016,0.0001566119710866454,0.008307823707159117,0.0018234954841768994,9.763132853090066e-05,0.006007897269441399,0.9376454537634125
7767,0.0012777947908361505,3.159205391662585e-05,0.0004213348196726784,2.0107333518107506e-07,0.06139384268946938,0.002781428069166048,0.00023294604815104577,0.9980997706961033,0.0003836942110552621
7768,0.00014623416903326235,0.8796450055334626,0.002615851862527927,0.17584772057036607,9.636105753215136e-05,7.354389823028889e-05,0.0019453870021457235,5.329346804141753e-05,0.020790086943385168
7769,0.0020670695350033185,2.7579062476576743e-06,1.0185270027460119e-05,0.002245104870102928,0.0006070524476556604,0.9981916333677061,0.0007400510249034254,0.0010045502081344395,0.00233464928736976
7770,0.007469380879022125,0.00010112999392033247,8.397974419322936e-05,8.113391375195706e-07,0.010955001195752167,0.0019092151131141822,0.0026094604931850077,0.9964091208731721,0.0021820600608971038
7771,1.5853864090577247e-05,0.4306435283331346,0.42936035063892075,0.15215616377604121,0.0005960610544013867,1.0676778239546254e-05,0.0033376808551225617,0.0003315425666152651,0.00030867081493735944
7772,0.001275812025607137,1.8736098647631903e-07,7.061151250662802e-05,0.009524984547126789,0.00013676371428770673,0.998290747180259,0.001830147176182134,0.0023752452366229684,0.00021272206881734002
7773,3.0499182724776766e-06,0.884454054374747,0.03510616441670493,0.13271927714851012,0.0002028332054809257,4.6472091178197654e-05,0.000911065580388008,0.00015167724279178593,0.0010241623582980914
7774,0.002316953945133119,8.89474578202224e-07,1.912266900115041e-05,0.005697476995142235,0.00033972872685309065,0.9986513237560762,0.0013835110306830809,0.001680601520301448,0.00047817233323723513
7775,0.0027534698715276315,9.429224868178642e-06,5.802167685959687e-07,0.005129762332764619,0.0004003438267871028,0.9968384410864288,0.0008305127026916809,0.0028578180159304894,0.003620902876469151
7776,0.00769874634000617,1.6691295156912368e-06,0.00012216293201651178,0.0026490482092680267,0.0005451500267652466,0.8349427730024298,0.002244745573466076,0.009497292701235215,0.046308279097002636
7777,0.10138964333593188,0.00010739428054293434,1.1208720790776364e-05,1.7589291269958617e-06,0.001020917258481849,0.1622435073998818,0.0057599853196854895,0.2622263481994122,0.2785843406201563
7778,0.005774354622410412,4.5701300941285206e-07,0.00011379127370993649,0.0021760576239912626,0.00022471298275797733,0.9898156536014981,0.0035692821704953488,0.00677178074260427,0.0008034007602493029
7779,0.0013167332089164968,2.6423602137679526e-06,0.0018469397178825743,1.2208820217591148e-07,0.008152979136604479,0.0003210582817216701,0.0020584857720868646,0.9988278684243046,0.007357015713003828
7780,1.0057167481943048e-05,0.059002959010761226,0.14660478181043113,0.4165638743127314,9.236621744702739e-05,0.0003925118460906882,0.021683411712259033,1.4080631335480284e-05,0.0005564093032271884
7781,5.318042717462046e-06,0.4436475649864022,0.32882486967626784,0.1941518426124129,0.00021680544541597424,1.88343888851638e-05,0.0018156240654244235,0.000501581259141468,0.00015819582181865488
7782,0.0019533772702476477,6.463429977088609e-07,7.918768946649508e-06,0.010419212396632613,0.00032721029528053834,0.9967146670203316,0.0013849892804086604,0.003953414239602664,0.00018431287648040383
7783,5.94455658076935e-06,0.9330689824159659,0.05974423706949175,0.015644446120649226,0.002182027526902473,1.0451058030398895e-05,0.004024485947836564,0.0011986315979553082,0.00016018342729264963
7784,0.009436274640191665,3.570983844193293e-06,8.059790917201256e-07,0.003986314108854738,0.00014990511009351022,0.9738444022801053,0.006743307137370625,0.0420399412009435,0.01287678873671169
7785,0.005253162356091066,0.00203461958792301,0.005634420163260554,0.0006843067420401936,3.435750778485883e-07,0.00012925085503537822,0.9952577401495425,0.012437737105210137,0.008388015287822055
7786,5.0728939915020035e-06,0.6967589413701384,0.2881776872426124,0.05491158188295713,0.0003422451528787253,1.4329833928189505e-05,0.004568364486775907,0.0004862448528526097,0.0004463183929269819
7787,0.00021062708811335698,0.9621520970022363,0.07740014185289752,0.011744433054711555,9.290240081775862e-05,0.00013202486948821687,0.01003865954942447,8.792014497833948e-06,0.015575114486217746
7788,0.006018705593647716,0.0021727158754889825,3.0468758816273034e-06,3.9107373077724156e-07,0.09843155482935875,0.002102963252397335,0.0018634745744904714,0.9986342259263256,0.000354152832593803
7789,0.000318494713199154,0.9527358061503207,0.00271843549580489,0.07481370633056864,0.00011272684368790882,1.2796632043962433e-05,0.0021188059419165674,0.0002339481798770211,0.023008506500535948
7790,2.629101223963633e-06,0.734340203063607,0.2868479160155114,0.005392331255183686,0.0005637926769169738,1.1003819247544318e-05,0.0012514702892007497,0.0003040827938857875,0.0052116328014133245
7791,2.5157489551185468e-05,0.8968179741511725,0.09534271860232738,0.0019670764443897584,0.011916123115754924,8.973644563545865e-06,0.002379190532539672,0.0025711580101710103,0.00023372902954146144
7792,3.415444032223078e-05,0.6215921174343317,0.2526652749773522,0.05777085718035306,0.001631926839097989,6.623190957947213e-06,0.013796488171162613,0.0003883408563944383,0.00016646792970189707
7793,0.00035224965156617683,0.4424267652252566,0.09363975315620683,0.00023337735251770405,0.0004686667359251862,1.646726753287434e-06,0.0013866526265433,0.023499234374313786,0.1387548631054705
7794,0.00011194798594330878,0.022170339582709503,0.4970141657758841,0.023926635068653442,0.008858798131616703,6.106470886069041e-05,0.006222029072377718,0.00023547339145317281,0.0009239963549462238
7795,8.196044238718272e-06,0.35726420423091637,0.49572106711251424,0.1346038129007566,0.0005999192467136099,6.064878259187234e-06,0.0033474221022199964,0.00062163976985799,0.00031824792800754507
7796,0.002114600391469885,0.00041720753935474154,0.006205584693232399,0.0001119623643000836,2.1217251745179153e-05,0.18419495803856026,0.12981738751356525,0.01024746561451213,0.0002172977900681645
7797,0.0008504087964301607,0.021730525052757375,0.0006033825463613826,0.0002967730075597198,0.8178254884078259,0.10935794956182515,1.6633424683046493e-05,0.00034178174563083446,0.061874235313470693
7798,0.000977272448979314,4.1373633856576205e-07,2.0678538620286045e-05,0.008323735064392794,0.00030958279077763676,0.9976433209584628,0.0011520923629884442,0.004773366366754991,0.0001185105540932009
7799,0.0448932573791414,0.00044037647031962783,8.937847732343393e-06,1.7289864773688664e-06,0.0016248756598533287,0.008493637378895401,0.007607763683455498,0.9372090035738947,0.01286245926380649
7800,0.09819585115167369,7.468088618776339e-05,9.357894572916488e-05,2.0033953369755512e-07,0.0006115117487205539,0.024590885650834095,0.007389378173373508,0.45577874902034704,0.5090474492733107
7801,0.05494905399733587,0.0004987726373106923,0.0008024188512992432,5.053330900458317e-07,0.0044930159008971455,0.017166160313926038,0.0007714454155136587,0.018342262092319195,0.9394806026881459
7802,3.3975778771100144e-05,0.35205346002708937,0.5250956516120621,0.0651419481540421,0.002305452155163409,8.722886398164404e-06,0.009027921238128695,0.0003437702570233037,0.00014293073877522704
7803,0.0017204396677386613,3.181722958815327e-07,4.628246946333023e-05,0.008980913282576854,0.0002706851461739139,0.9986283217263701,0.0009216097563581937,0.0023999410883690456,0.0002502070408491858
7804,0.00020408279282946345,0.00036772217098668587,0.000855140107488387,0.1021360001427224,2.3725442966246295e-06,0.2611602679614312,0.27874703026139946,0.0002217045772666262,1.8170064524452852e-05
7805,7.062842407427296e-05,0.9628332160682121,0.026214722763655957,0.02548401726465488,0.00038149838338623647,2.6010893112718404e-05,0.002887968123982748,4.626321903924647e-05,0.022382386493704005
7806,0.00012168467198135227,0.925593830078257,0.058301908456640295,0.0009958615877557777,0.003744254739323962,2.0543188336859586e-05,0.0037939332375390975,0.0006154647657668802,0.0018672216457012408
7807,1.5742082253800162e-05,0.163801230905297,0.8854833608379121,0.027205410507466263,1.7289538126385327e-05,4.212442825985187e-05,0.08771260141008105,5.047862440769965e-05,0.0022815468581701935
7808,0.0004110664285129994,0.7034177966807541,0.09050514845207082,0.0015982703026072866,0.0001454833899542709,0.00012454104923705975,0.41091541080958116,0.0001226238860382801,0.0015337833139550685
7809,0.0025766475293455457,1.7267463900669147e-07,0.00012022552214468153,0.011701453804921458,0.00015802424680890905,0.9920710899519729,0.002641145247019102,0.0039646258755080925,0.000396744799021534
7810,0.0010269510343856802,6.645771542788843e-08,8.252568011501002e-05,0.02979178208661722,0.00019230189540504544,0.997001696135438,0.0007016299673688475,0.0018022828499832085,0.00021822359342575935
7811,0.001984669975768936,1.909390897393834e-06,7.419823686765775e-06,0.00528194538294409,0.00042708958061841263,0.9988732099380412,0.0008824649669768779,0.0008956637912568787,0.0009607966848556233
7812,0.28312525444353165,0.0001204071161966904,0.00013996848192023497,6.101212249402102e-08,0.0015189645997125318,0.027406852996944314,0.006618561826140575,0.18584864069354315,0.6227756962019525
7813,1.1437633387283756e-05,0.17235641853618888,0.7470677037573141,0.059459314194295405,0.00045746254932100194,4.230004231482662e-05,0.001950744800589978,0.0005101069553796814,0.0001977564833534945
7814,5.274857912213078e-05,0.5982217776405054,0.36599450479473555,0.034894266700336844,0.0003586892083080229,8.066166077737764e-05,0.008234650554592653,3.9623216240373674e-05,0.002937062395184263
7815,1.547865463098452e-05,0.7387242517446422,0.257767498998546,0.0005825989175125064,0.010801536503906278,5.324443501731658e-06,0.012127854415968696,0.007730592272125749,0.0003805557037429722
7816,0.0030896234405324687,3.387896388636638e-06,2.7263365721679617e-06,0.005733849483135286,0.0002874202763421939,0.9957287534416233,0.0019743201387849092,0.0033098761578226835,0.0017009373525197257
7817,2.5144899506945066e-05,0.9739102014567105,0.015017083628424117,0.0007779388163115969,0.016668693528180248,0.00016849112028910251,0.00537138412642036,0.0004295624249032954,0.00381888774937354
7818,0.0028134124095967614,0.005819080231064986,1.7848399587644954e-05,1.6333738366338297e-06,0.012685873533731584,0.0028876269429673963,0.010106479003690888,0.985342462983591,0.00022413776149118867
7819,2.056791553946734e-05,0.5664671063469494,0.07829547445904594,0.13788117768813352,3.716992329798981e-05,0.0008064347722166206,0.013458279901107869,2.6999269667070544e-06,0.01674252394604451
7820,4.4189711886692526e-05,0.007071399195966355,0.0037668492852169846,0.00028365218465693987,0.9897617417487893,0.0009519007593742451,8.550050771575345e-06,0.02141954553461523,0.003547477600477496
7821,0.0008122533987180428,0.9781319273086526,0.004685644134942493,0.01855007124933392,9.478277069879434e-05,6.118566577020104e-06,0.0044361665353544345,0.00025723547865100867,0.06787269981417053
7822,8.323661643810506e-05,0.8062733154696092,0.09975645412865494,0.011527938458517234,0.00019503271044739475,7.3721257587365e-05,0.009150578105743818,6.835791595139491e-05,0.05922174236341712
7823,0.0023198689203007624,8.7648175006765e-07,2.9339076648451083e-05,0.00626977354591102,0.0004057585594495117,0.9976450787979301,0.000874181483295965,0.0040892730438006585,0.00022411268497657825
7824,0.0002518546792958384,0.00022682900284186808,4.6839726340129186e-05,4.4971436046867505e-06,0.08234686624243637,0.13788782956559212,0.0012699897794447607,0.9759266468899236,4.680171775869042e-06
7825,0.0016518570067990302,3.2098620999277204e-07,1.3667798936569867e-05,0.012648557761172203,0.00011216824040187888,0.9950258005081605,0.001669649882834217,0.010146905325633799,0.00047233561113086493
7826,2.8461886445454048e-06,0.14085211527305574,0.16444709065858928,0.624419927736602,0.00029464649378393016,3.8009193933494184e-05,0.0015104493343321712,0.00022958534352700757,0.00012218605728242637
7827,0.01865720055488944,0.003337450596831786,0.0030900890945755994,0.0002674099203688976,4.3841194912198386e-07,0.00012755405168863898,0.9954154101654239,0.010841993092485685,0.007186360732162769
7828,0.0036880971993438877,1.3169882395293829e-05,0.0005711794791027518,1.0434413104386112e-06,0.003188568234293299,0.003380368967138729,0.006459528593045234,0.9845577125483096,0.002688798470527981
7829,1.3747263047231641e-05,0.8016023132469068,0.14410084110554264,0.08107426525262026,0.0007357091846800361,1.1068586329382261e-05,0.004534237429506485,0.0005946512572111334,0.00011335364242195188
7830,1.8127075271815322e-05,0.42914542977346487,0.5418719933214674,0.10398977306497913,0.0007580395155009387,1.0104644522263541e-05,0.005940085496668778,0.0004803528201095738,0.00011338449229000253
7831,0.002991314273506822,2.6665037780229586e-06,1.1568091413423826e-05,0.0023709882763836634,0.00038439444059689207,0.9973833328502923,0.0015446146786909805,0.0013892996861071768,0.0019968302758735794
7832,0.00016977143444529548,6.766236790410538e-06,0.0019423181701643535,3.849447329100772e-06,0.11556605416226673,0.004335134735696319,0.001435590399780887,0.9886576339076223,9.985642129065334e-05
7833,0.00023189418148060527,0.7096380943056143,0.02706950533751841,0.0005291826968258399,0.0007297511894372645,4.551597975882093e-05,0.19440680428484433,0.007244327894320859,0.0007176243879087756
7834,0.005682485485958581,2.690218268802708e-07,0.004278088293351551,1.2922041915130774e-06,0.00030430435027198517,0.054962539774028596,0.010249659079940875,0.826923938670368,0.044178037434527216
7835,0.01565751576655326,0.0011531962271866354,0.015433804245693161,8.650691215490486e-06,0.009900352518671737,0.008180621375577984,0.00010830119436110359,0.0005857946726493959,0.9906613411116116
7836,0.000528757680960283,0.0005119964493320343,0.08003635199019364,0.00015263279691980834,0.07167298433640457,0.0698392175361634,0.0006719745373162386,0.0007052657668553696,0.04196185500081929
7837,0.0014807397016747047,7.019704283654986e-06,1.6490265967071723e-06,0.004755811977803821,0.00044972208577902977,0.999137118125231,0.000526434269273438,0.0009349705695315494,0.0012374642629004364
7838,0.0011576646235565227,4.930944781526423e-06,0.0008075053377822975,0.0047730076943462,0.0004023374470205907,0.9704578009985907,0.0013654220164774848,0.0009227501454570192,0.000865074575541623
7839,0.0014448691860667441,0.000948901029276201,0.005923332577030448,0.000557893170247333,0.0019143863006607217,0.5977376865117844,0.0009842853043614949,0.00013863322727525698,0.04562521406300369
7840,0.26709196594699375,0.026135481445861287,2.569014414151739e-07,1.614389483162082e-06,0.01575407388013403,0.0037485453173916085,0.0021271506845461454,0.8334731541995575,0.007657571921307334
7841,4.121690849800767e-06,0.995598460967476,0.005495277318127072,0.0046406860306947625,0.0032314272357395475,2.5505014232307834e-05,0.002576774587796989,0.0006567259104179194,0.0013762397252814395
7842,7.718018696579e-06,0.7599586757261102,0.13596105620702553,0.04275032773719037,0.0048705471352214,5.8924893378189094e-06,0.0035531468394133176,0.0017782138682904095,9.468021053075256e-05
7843,8.055719269236482e-06,0.5439899548641227,0.31529757359917804,0.18520613336886638,0.0003961000041408183,9.656946157484912e-06,0.002721753950004563,0.0004439404718660322,0.0001857948118419778
7844,0.000348874440133153,4.8363568446920316e-06,0.00084662306163298,0.0662546523756345,0.0033607912348030916,0.9799264207653309,7.511776115487873e-05,5.4617901124256894e-05,0.013022824371778619
7845,2.331552478441516e-05,0.4322365444057648,0.5101401112144727,0.020027258286262378,6.332378658447955e-05,4.528289217893544e-05,0.04053874358300321,0.0002450882024720383,0.00040394060839404525
7846,0.0017242547066078123,2.356810296624646e-06,7.2617334244145205e-06,0.006115594039616319,0.0005795518654242109,0.998793601745642,0.0005146616508937928,0.0015169748544073443,0.0005019846569165106
7847,5.490964539297877e-06,0.6751952047960521,0.2812983247062813,0.11063059238283074,0.00021473524728146556,1.1604554351471923e-05,0.003170040999867132,0.00045777098169446273,0.00035512747930859114
7848,1.2162485412078393e-05,0.1444769062773369,0.8271899206619439,0.003904804769415323,0.0002555926998263729,1.3563761464690398e-05,0.2509008576625274,0.00022955103963436029,0.001614863173263944
7849,2.3124574687212525e-05,0.6105209140493457,0.06053647619959835,0.27355732191278864,0.000109844126105039,3.618788022002942e-05,0.0018208855693815746,7.808849433532177e-05,0.0013518303803145067
7850,0.003910592360647204,0.0005922620090178943,6.958600009286671e-05,0.0001665709816602361,0.003240363034803244,0.8206075605352183,0.0003207660999425597,0.010163440160596532,0.0015675795750979145
7851,2.062829000751344e-05,0.7183150237066142,0.2863224294100868,0.0005634126891204812,0.007369196746942971,4.674601756268288e-06,0.01237933497668819,0.005072994682654043,0.0006549670042206778
7852,0.0021802983389795213,0.00015394637480796965,3.9770122521147105e-05,8.845766245390146e-07,0.019211447939807873,0.0031340990025357377,0.0007595513673539898,0.9982787465005957,0.000652905384537946
7853,6.163094439854239e-05,0.00569241091214032,0.0024883136853459643,0.0002495626518656159,0.9927409073665185,0.0009842813556550083,4.675480260084025e-06,0.02076967938952304,0.0045264666966304155
7854,0.019619963863154264,0.0006159988386163414,7.575911780700444e-06,2.082565331580114e-06,0.01638412931550308,0.001470168660335167,0.0018577216674665017,0.9946627747847158,0.0019629243472378353
7855,0.00019540965200492798,0.9105256278708191,0.09111276932501394,0.018513735125853706,8.409270260592024e-05,0.00013192104382982604,0.009783156809639352,5.086580770987976e-06,0.03885509748366238
7856,0.0012328478091723223,2.829745514588424e-06,1.937983566715765e-06,0.008948985063653145,0.00029590646045634696,0.9981984092362454,0.000483696272833588,0.0017054704602649726,0.0009532189119753752
7857,2.0335705581268343e-05,0.9906803856165173,0.012697918908435607,0.011494522251187808,0.00041951425040048714,8.007534702647439e-05,0.006576502447423913,4.11723407303897e-05,0.00660674548701867
7858,0.0018149883740574482,5.285401850297526e-07,3.60688461965115e-05,0.007032418636334483,0.00023596968834318526,0.9985350093495071,0.0012499066228507875,0.0027312370330756755,0.00028033139512894344
7859,3.1467737390091833e-06,0.361292029643059,0.45250398242916,0.026010845213373282,0.009370190528704324,3.63495656924584e-06,0.004385952244896183,0.005689215373471098,4.854324574973281e-05
7860,1.4898792690046712e-05,0.9928290509444732,0.006235271602838638,0.01367190458535654,0.001789107912397412,3.241247639034484e-05,0.0053347529321985925,0.00012942997176825608,0.0018837413315185264
7861,0.0012145897412771053,7.234395791006948e-07,0.0029379849219635422,1.453245668577225e-06,0.0022059019538866356,0.005851360937539475,0.005071464772881074,0.9933512430286711,0.005382662434114241
7862,5.744593572355013e-06,0.08489633721387962,0.8753413416526058,0.18302784395138466,0.00019613339528536835,6.510931776343407e-06,0.003179726024504617,0.0004928659672747918,0.0002464527551985652
7863,0.029445120873424012,4.1553501727943316e-06,0.002048261547374099,3.3864810008611733e-07,0.0004509739221778595,0.006285565095050918,0.010556353889429453,0.8994939901895869,0.06052121520327688
7864,1.8315686721994896e-05,0.04855888566158048,0.01669332761076935,0.00025539751522462374,0.8262307702904969,0.0004336020152009713,0.00010345399628958454,0.014734677320767635,0.002466972362181112
7865,1.5073567180238676e-06,0.8982034387622878,0.09021072528239706,0.0013238887455641335,0.03036569832931806,6.895333334328745e-06,0.002122412783016709,0.006189513864321606,0.00039199475212193965
7866,0.048811543812492336,8.889657688844764e-05,5.620067976523711e-05,1.5315192058779649e-06,0.0028121431886479506,0.0030932683006544663,0.006704249044318259,0.9392344972731463,0.021065254662379705
7867,4.7165129726620796e-05,0.008351718559928558,0.004255849442516715,0.0003050803808742651,0.9854771836731944,0.0006504755087101061,9.62594735778207e-06,0.023483689434558894,0.002926596126727465
7868,0.007448247927909571,0.00022092674779136762,0.03067700641509271,2.6843769626712312e-05,0.013053040065009684,0.004574480924520914,0.00011986453012056067,0.000713090077860516,0.9936057577958374
7869,0.0024862848186521552,0.0016039958372183773,0.021088489239495918,2.862903091735811e-06,9.957557011905623e-05,0.00014964238276645844,0.8733005462302871,0.3137498314882745,0.0007174309328588144
7870,0.0001381496711548098,0.9770691022349042,0.028102531526811178,0.012042585490441045,9.486584014182364e-05,0.00017057660259493435,0.006797101296217954,6.181549961665976e-06,0.04905694999424967
7871,0.010887035947358643,0.006157307120744658,0.00014836910749017616,2.5054680895998634e-06,0.016527332490086262,0.0022619549942725485,0.038190946855335174,0.8031399408451287,0.0009914441373223004
7872,8.289047593995479e-05,0.806623980076299,0.2915895182807005,0.015015241237565313,5.923684729238632e-05,0.0004362208044499955,0.014670418336626474,4.50181705356562e-06,0.03438766190588879
7873,1.5884245567411e-05,0.9061826061297698,0.1045976031193746,0.07091365995172884,0.0005795904719543363,4.1284104903469334e-05,0.0014069916093167939,9.585398891697228e-05,0.0016117162779031172
7874,2.498247866368799e-05,0.081889942339519,0.0061286456967670445,0.00043943889122906435,0.9409250289134424,0.00020928548087155343,3.388035528548782e-05,0.013749567805832716,0.0019403045757713719
7875,0.0006503712219484444,0.9677899868577007,0.017137613995993558,0.012547442828477392,6.323333267518056e-05,3.333479950238825e-05,0.005081815427779041,2.9204900711811898e-05,0.07288072603532764
7876,0.002344657238932476,2.4475479912266764e-07,0.00011872763850824986,0.005949029787496376,0.0002453270904778183,0.9975134165449407,0.0018566650425947057,0.002166823465712837,0.00035997389258037856
7877,0.007523428788895734,0.002207243607415632,0.004138857375488774,0.0007188370179232005,0.0011573020776561283,0.007095352416753889,0.003856164504641436,0.0008084556435856717,0.8031700946681332
7878,0.02457424097592823,1.1462052026701847e-06,4.9938879413815236e-05,0.0003263725572159925,0.00010738828134796448,0.7360039346750036,0.05526785002177384,0.054330324078424926,0.014486422545772572
7879,0.007640672568625205,6.377264371379195e-06,8.770331278588274e-06,0.0018019643880097108,0.00026653643660489525,0.9922801993130762,0.005355928543479165,0.0019816757975954623,0.001959942005770794
7880,0.004343339596762321,2.6810532284656146e-06,8.529108081205255e-05,0.0008032400319542838,0.00044424401511024584,0.9932594110034239,0.0022279276428988594,0.0029293592850954996,0.0010697175275517449
7881,0.0001540576191930558,0.470812214839404,0.006261182225855031,3.040073148694649e-05,0.001973104944463309,3.767533691685752e-06,0.2218847912864138,0.3364682339496916,9.673054168295732e-05
7882,0.001538178210461854,6.876202141534093e-07,7.849559281976871e-06,0.014448135915550638,0.0004916513618184576,0.9981926838897995,0.0004819904761600065,0.0020677288166633338,0.00023288337783704027
7883,2.1661210111541865e-05,0.09141612062278458,0.6031663815104512,0.14296390794998529,1.4796434675873993e-05,0.0004514048644573285,0.03629992226428554,5.2728277986620375e-06,0.007945160190946826
7884,9.08434884042274e-05,0.37790185521025144,0.27455457077652445,0.033590922032208495,0.00013644223470505844,1.4527992731406774e-05,0.05524492230838076,0.00019008185880680942,0.004078364390032593
7885,0.00031320212174866264,0.0003091449878087406,0.290318118756854,3.830640572076894e-06,0.49557866079308777,0.0020659637949829563,8.414675282934455e-05,0.0024664846253918214,0.5557980556245158
7886,0.0003983560895378562,0.892820266008765,0.003853434795354003,0.07069414939983694,9.068094964362982e-05,1.4576522844120601e-05,0.0031476119269646654,0.00017318533633672886,0.05181993150754678
7887,0.006048487015342511,2.0094679613375517e-06,0.002638649636857218,1.1960635429866405e-06,0.0006673836889933794,0.007403096460068779,0.007844407440700363,0.9555950687645406,0.010338553811587202
7888,0.00014967863600169105,0.8586543682020332,0.18391167323916305,0.014338877018937643,0.00010707571255146007,0.00021110816487066017,0.007905907482345813,5.540318159513951e-06,0.03399700245074085
7889,0.0736980699064614,3.983911572619117e-06,0.0014257162660321911,4.2428821045305046e-07,0.00177808901490939,0.0037150869978861056,0.1033165845075728,0.8843845104891838,0.05945244605766525
7890,0.00016394636187525065,0.14512460760290705,0.005324064324103461,9.012211624322342e-05,0.8711749005313096,0.00020674226705959118,5.733482875229421e-05,0.003988613905981589,0.011264679904071966
7891,0.7320451980407517,0.0012202429299264445,7.603284115595341e-06,1.0104399805409884e-06,0.0011966343968058352,0.03713797543780902,0.01376782466733386,0.13929001430873827,0.06403012432267616
7892,5.170837035436634e-05,0.0052057965654371706,0.0023844337649491744,0.0002669032682218568,0.9929098365671493,0.0011779618562548905,4.429489940341886e-06,0.024790358142067162,0.004317868816684404
7893,3.6635957894361654e-05,0.5995722870884215,0.4001747062063225,0.0011096559673363603,0.0025190010387353664,3.4763216794499295e-06,0.0048240187266365185,0.0027806812058630993,0.0021383925298137795
7894,0.007177421227508524,0.0013321929776551975,6.1840802507635154e-06,5.356421349733579e-05,0.003109760692244898,0.9207476192011865,0.000688371732211381,0.021825103127504717,0.001386153158624498
7895,4.9578302590672955e-05,0.005278372900287837,0.0025344972936829965,0.0002629682310923432,0.991716080030509,0.0013294595059382347,5.1921309811956e-06,0.026426660148924204,0.00383644519464111
7896,0.0017706179499027495,4.541718612418022e-07,2.0253447120452368e-05,0.010928504045975916,0.00013911920801474618,0.996342183741977,0.0019833692835997817,0.004363098558478053,0.00044016270692200603
7897,1.342782670027798e-05,0.5381909972118385,0.30579710078248246,0.10787974323200791,0.0001024839970544827,4.017072151837331e-05,0.006537346710620912,3.676953633882337e-05,0.0034735636427038015
7898,2.2539415325456568e-05,0.6297747083743979,0.3196300183814133,0.001072855032471459,0.005986461892016568,2.253006798025062e-05,0.010490079559412644,0.0013814413924659668,0.000646821591535414
7899,8.567337054943884e-06,0.7147908669274868,0.016544376897085277,0.0006082833934899691,0.45028575016795575,1.0646231466304897e-05,0.0005706770408730288,0.007149397726110115,0.0012211937027721237
7900,0.04775488186109239,0.0002599534349964663,2.8408238822497402e-05,1.6300944753518838e-06,0.01044765977362137,0.0022022677620267515,0.004078274465312205,0.9837862074480819,0.002514663211251604
7901,2.1314780108240636e-05,0.8930162173975006,0.19637787950454647,0.019641779786334287,0.0002305713063263598,2.5469707807035665e-05,0.022464513437222264,0.0003998756111518828,0.0001891009925964346
7902,0.0032124206155286473,4.1736081801044733e-07,9.863169751775503e-06,0.01143462057521827,0.00015481027972930552,0.9921775467318997,0.001970815738754216,0.016433954788477093,0.0010026050028415874
7903,1.4338952697126239e-05,0.4461370077171906,0.3556926102255985,0.10557865643578512,0.0011778037729950682,1.5248175613493716e-05,0.0026606125590221763,0.0005132993827899031,0.00010347272660084831
7904,3.664979365630521e-05,0.9542541421233619,0.10633877728223441,0.011776334763668201,7.983212613684193e-05,0.00020867148117681216,0.009648923071690987,1.4824075095698298e-05,0.01746834502100686
7905,2.2311156077942138e-06,0.6423710559945793,0.2643100412655198,0.015322363862148988,0.0010552167783210809,3.414153678932281e-06,0.0023111679109073403,0.0017839863276287416,0.002550819317232719
7906,0.004488013270386503,2.8377368470021022e-06,1.1959157984552819e-06,0.006641416238822294,0.00029089781912845265,0.9918924076869184,0.0012987740101163604,0.014437171672060885,0.004625798883470084
7907,1.5897382717804832e-05,0.016584831309776126,0.33230141317453066,0.026719888223264564,0.0071625325387385756,0.00013457648424709297,0.0004919095653209836,0.0017467759524209313,0.0007759840980856267
7908,1.7964895786414998e-05,0.6331615540143177,0.3181906747108343,0.06486608140819848,0.0010614746670035353,6.209819584351689e-06,0.011475091988295277,0.0005214742932942294,0.00012116564022515167
7909,2.775597956028079e-05,0.7458249675761867,0.17218677630314994,0.033691442961948204,0.0021624708398931803,6.584378493563031e-06,0.01963745312800207,0.0004398595659100033,0.00012291083595570096
7910,0.01133812294507319,0.00022336315757449539,4.7535465423591145e-05,4.085002885642581e-05,0.0016605075511686748,0.9256990735192275,0.0014631079176291191,0.018632611024008525,0.0012193376888645884
7911,0.0016579386717390976,1.3390059000050231e-06,4.721422719773766e-06,0.010272852764596892,0.0004306331059341196,0.9980763388269145,0.0007814921488661961,0.002169913192515898,0.00022094779860095992
7912,1.95119184871999e-05,0.929357589151608,0.07606151397650138,0.006816993445506263,0.00046913613768816376,2.951923512376999e-05,0.040764186981871495,0.0009917413045883363,9.364146389476802e-05
7913,0.006541076474465173,2.7518908933030004e-05,2.915544933845655e-07,0.0041870136367663565,0.0014338227387691905,0.7910214139154558,0.000950796611745092,0.3453666112860549,0.0007537063880827343
7914,7.187528210888524e-06,0.7432513307928302,0.17510394943727461,0.04921131282118969,0.0018901296105411573,6.316466413268162e-06,0.004570953599969157,0.0010763440225251648,0.00017802391477902691
7915,3.957253696053646e-06,0.5444987051132667,0.18329053073641624,0.02808493986236037,0.00012991763960831958,3.913313359840899e-05,0.0010909217388017148,0.00010666678813768253,0.015995384108203094
7916,3.953355168760158e-06,0.11490113234580095,0.1218935156863532,0.5403138108905329,3.215704707454498e-05,0.0007344002512269515,0.005568127219046973,4.611654835369707e-05,0.00023425209448889921
7917,0.0031491533165015897,6.696112037284521e-07,1.0153517327226812e-05,0.008599262864362531,0.00028300136157959847,0.9942984022129487,0.0020969838827728047,0.014198911890219084,0.00030736642257772254
7918,0.005691491064906927,0.00035607066498790263,0.002292826530876035,7.172666416521008e-05,0.007450209425680081,0.05439404762423308,5.450823587164627e-05,0.0004109725014950073,0.9829746693911764
7919,0.0016036628352487617,5.707720979828969e-06,0.0046067629915233456,2.687004510529281e-07,0.005025589736639283,0.00026837299583736977,0.005076275017854761,0.9983472398418323,0.0031403118252043296
7920,7.0857710487716275e-06,0.7360712985600735,0.16518522418238266,0.07584224188481739,0.0006411927982650711,1.0239165996803495e-05,0.003152707146593284,0.00031094871944950276,0.0006063938458731212
7921,6.728410460180408e-05,0.00779898556360483,0.000660658416531565,0.0003284102601373564,0.9941956920515289,0.002323092312144243,1.8511789895225675e-06,0.02123055179230001,0.00591209697026664
7922,0.02295023704575034,0.0025254991785717746,2.8447777292346235e-07,0.00011512324643972381,0.0024916531448492883,0.16775721728673212,0.0007531752579036789,0.788537886551079,0.0007725130491666196
7923,0.0028032749294495366,5.058457356893582e-07,0.0004044988278811113,0.0038467971489070433,0.00045891622221836764,0.9915164518767592,0.0014294262842281748,0.0021545325598473605,0.0005051320588853837
7924,5.684337996480664e-06,0.9902348843998695,0.009256130753544029,0.023630012236108285,0.0007047011177270486,3.517556719732786e-05,0.0016514690571996888,0.00017263216973552193,0.001856301405067807
7925,0.8375439039270207,0.003537512461869019,0.00015187623991831284,2.2983397449500472e-06,0.00011316357218653582,0.0010569665656829808,0.3757573712681574,0.02357790524582233,0.005685216717414691
7926,0.004779139230222125,0.0008984252824367805,3.5237395306664674e-06,0.006469840013997163,2.9353031947305182e-05,0.39824975335153834,0.1161207040964918,0.001657534131179613,0.017009375639827604
7927,0.0045063775895491966,0.000116055104051902,0.005173830337421379,0.00011371839112063131,0.010917285524548532,0.006370032835244103,7.859716682264807e-05,0.0016015702802538842,0.9857041160412907
7928,1.6550410314403713e-05,0.5586369838796514,0.3595926257897385,0.0980840010967696,0.0006657800317978589,7.446912383154756e-06,0.0054036752975104504,0.0003761395919805211,0.00040133445612366525
7929,0.00659959204597976,2.0564837450822337e-06,5.183072158337409e-06,0.002766096966281309,0.0007440591707156514,0.9963041403002164,0.004808417849230542,0.005445031982636339,0.00025168333166088717
7930,0.0008113166153834733,2.154435460370237e-07,3.5165508408099785e-05,0.011957821484366377,8.897099158852536e-05,0.9955884626426096,0.0029966866684139953,0.0018696485593036965,0.00030808163260932515
7931,1.96624914389079e-05,0.6050954486434011,0.2209877817065946,0.09642070608602998,0.000832468959370159,3.832582634735797e-06,0.005851940862982395,0.0011526308452580985,0.00043083236325843616
7932,0.017557662291501918,2.7074761890923586e-05,0.030369521190900493,1.0140283777793267e-06,0.0001395481224243132,0.0012025014210812583,0.24211007126683404,0.49492287998176615,0.015898272210149004
7933,0.0010647922371797864,0.11232984417178304,0.9142030474728334,0.0006153800763090533,4.0150941198765416e-05,2.4189351328032335e-05,0.1768222984025996,4.133168416570809e-06,0.09105540452572261
7934,0.005435444879626199,3.297203256772895e-05,2.5359742970522703e-05,0.00028108062991061446,0.0009336518038920083,0.9896057976120892,0.001380753186632612,0.0023224538591864715,0.002860397789962998
7935,0.002076475941558116,2.4072874494740123e-06,2.82369647139583e-06,0.008927282284016722,0.0006789564004432918,0.9985184100949799,0.0005850000494440139,0.002060612656314097,0.0001665739400539187
7936,0.0016148099311259153,2.348044367384417e-07,1.9511177868961378e-05,0.016934004530332385,0.00015923674674814733,0.9955277502772464,0.0010072633026370834,0.006000025202301593,0.0004320431029106548
7937,0.013865513971024358,0.0003923808533152562,2.11612517559782e-05,6.960718214715546e-07,0.03302520509018003,0.004683618768056801,0.0032153000245974486,0.995188489921559,0.0010399244256458135
7938,0.001398504572096849,5.468916096164962e-06,4.2389193266183524e-05,0.011316359865056384,0.0009402946758491145,0.9930991605447846,0.00036336571243821567,0.00045831877226193055,0.0051085202429258176
7939,0.18395133621701917,0.0007226786697083759,2.1880865007704632e-05,3.9450528172818706e-07,0.0017572096081793476,0.16924859407390297,0.01724283611907864,0.11837897906846119,0.4197184176218178
7940,1.671925425733001e-06,0.8725185845375841,0.09537567919014302,0.005384040740305746,0.016365421753897942,5.806932416617298e-06,0.00372750051873359,0.006504871028637504,0.00016139181394508596
7941,0.0019294349891322094,6.67510829684107e-07,2.5901347278126e-05,0.008215548811508173,0.00043787870605937367,0.9985239114111798,0.0007628526347928711,0.0011399210308781387,0.0006393404159553352
7942,6.915162278597866e-05,0.2689323278881163,0.20009343974269844,0.0036992775506439423,2.242265335078049e-05,0.00021414386622952528,0.1976646433583757,0.0004669107806814855,0.0003182915260835102
7943,4.988858531963163e-06,0.9803273474324233,0.030327711153492195,0.006136949569218581,0.0012115665161177667,3.2620851432773626e-05,0.0015729149711888094,0.00029206780073981725,0.0025436824323192184
7944,2.0063182658411277e-06,0.9310996983962562,0.051925842844465046,0.0013737342661269121,0.036069837756818275,7.787729347279388e-06,0.007017735259852923,0.006438787254816206,0.0002667335108528632
7945,1.4296675054958667e-06,0.9846663155411611,0.018780308146275806,0.0015318432877415727,0.019073370338812096,8.149677488229403e-06,0.0025086013305606987,0.005662455498121467,0.0005013663611827006
7946,0.008685601672542355,0.4534975759841707,0.0017374088398021887,8.792875425986384e-05,1.930013219328054e-05,0.0008066652794835499,0.9556425239621384,0.001924001704027182,0.00033614915244279395
7947,5.232106814768159e-06,0.2324955392187169,0.7928489788968996,0.011223598755551649,0.00020714495344124662,8.922913631162922e-06,0.0036033597840521544,0.00015473481134441698,0.008929675655970429
7948,0.00014810413677341486,0.27765044037473174,0.2570149948171453,0.0007208898718315537,0.0002980759771835271,3.4469286537285015e-07,0.007281237121538532,0.008974680964867043,0.10998134051512133
7949,0.0022177146760365856,5.92775905003171e-06,5.799689671742267e-06,0.002838919431530413,0.00037181666547345907,0.9981391250325934,0.0016909101312640059,0.000728526960237089,0.0017044348776870135
7950,0.0022424272278866774,1.0269587425432437e-07,0.00030117691865909194,0.006321769176719709,0.00015747005438559143,0.9964850179497688,0.002975559556448556,0.0032247325206186395,0.0002166391723652754
7951,4.3330183224346374e-05,0.32691382052137663,0.1372407546490736,0.0029069283109690305,0.00011770167170491606,5.9444130289880974e-06,0.007924992436059498,0.00236020930986213,0.27668428682196544
7952,0.001789186977143699,4.756637966033331e-07,3.218508784511128e-05,0.011368710853289544,0.0003384162579919407,0.9978425072559582,0.0006219958479579473,0.00516249148239945,0.0001605511037506985
7953,0.0008068816985639673,3.320255287393911e-07,1.769817503936721e-05,0.015332868452087306,0.0001534399730017708,0.9981819307434708,0.0006566066632144904,0.002153391826765239,0.00025291496131046355
7954,0.001484087694704824,1.8006129834478437e-07,2.005416929270599e-05,0.015573317544707812,0.00012170339101192043,0.9940655385245365,0.0016444333669564373,0.005826416385106391,0.0006099786541676271
7955,0.019833690931623984,2.1707420924752814e-05,7.870342220531482e-07,0.0005242007167156901,0.00048688991950510954,0.9743445872546564,0.0059817349596125195,0.013209782255322523,0.04304565603243488
7956,0.00018902505118071426,0.9708204771569001,0.004022789150165738,0.049209675474935946,9.5025049261839e-05,3.7533635055445345e-05,0.0026302165867660974,6.798111805576358e-05,0.02306285406330712
7957,0.0029400942497430746,2.1366715265248558e-05,0.00025015302078982497,4.6225357331712404e-07,0.007911608008002965,0.0012744776964648322,0.0014818185324574806,0.9979446591997698,0.0037404908005300337
7958,0.002956333160871262,2.2940965327864135e-08,3.1849783216618296e-05,0.046080807491817664,0.0003925323998102024,0.7435991211844573,0.0031759229833135867,0.09122064894271678,0.002320141603927807
7959,5.5263868393442776e-05,0.6805649053772982,0.13762636063118375,0.042703349932083176,0.009355595916719776,1.7165464642120585e-05,0.004098602854894975,0.00039161562919382475,9.759348056815589e-05
7960,0.42374947525145323,0.0025350231288327973,5.248087577314078e-06,7.648102159636206e-07,0.001569622411544574,0.10369331471585662,0.001641587002731372,0.03844681445536398,0.5734969051085217
7961,0.00040127290071337014,2.932985227490196e-05,8.765320573816795e-05,0.050379895966518054,2.3024060370213333e-05,0.899981723266141,0.017536745034026125,0.000464502863272136,6.59683476810536e-05
7962,0.22056760671809883,0.0007007785914685425,1.2008705110430466e-05,2.2436011449689616e-06,0.008424732990781543,0.0016201416554083724,0.004974728314354966,0.9536431282883161,0.0006150515171710748
7963,0.00033803352973657774,0.49349146608373734,0.06499031223820317,0.00021226386058597094,0.0006764940351396434,1.9137127728359213e-06,0.0011426384556747775,0.024483212663202206,0.1582330116399762
7964,0.3923288650272221,0.00046474794097983507,0.00027064371665598986,6.05281670188879e-07,0.002055179899265641,0.023067276505521327,0.0011348457890698197,0.005634589547912928,0.5936233569701795
7965,0.0005623229926496721,0.9931523944279,0.010985814433171237,0.0033808869885857207,0.00013010675282424048,4.612864873186792e-05,0.0033341572848990153,1.3044457855952302e-05,0.1319076600447902
7966,0.0016600071244065042,1.9233332943695254e-07,6.259564949099757e-05,0.011174734291198585,0.00027646952524970674,0.9986780269275357,0.0008069996016416066,0.002529378504983313,0.0002212552972784212
7967,1.4919759773426279e-06,0.0032494430616735737,0.047544205653842715,0.9859889935425401,8.614230374515761e-05,0.0009838300546451263,0.000936188510694739,2.5293328208289478e-05,0.000124466576585715
7968,0.0012679540568311244,7.070297211139166e-07,8.338187636406603e-06,0.013518591668066354,0.00020924285635936282,0.9980364438471975,0.0004966615968325682,0.0032332255824615063,0.00048460226457242364
7969,3.209574622439781e-06,0.31473434014959595,0.5961608686473073,0.08509923603334468,0.0001454960064250575,9.726356428572815e-06,0.0024566472961303635,0.0004655818879173092,0.00048040033259354696
7970,0.0030863102126996588,2.2891167872882104e-05,0.0002949696617591847,9.323878538857665e-08,0.0477401897924166,0.00041296862846448254,0.00186007319100278,0.9992744306953047,0.0020911300972557886
7971,0.003443616956159812,6.367462981301593e-06,0.00014545472157068677,0.0007410536174977845,0.0006897805424864921,0.9863902620671072,0.0012362942426905074,0.003933481116344641,0.0008719324186448032
7972,0.019724455731425092,0.0010247555100914181,0.02016891983600557,2.907443876394106e-06,0.009340030157830756,0.003176925010948308,0.000395781243818209,0.0005165088023418561,0.9982019026292432
7973,0.03975514303428076,0.0019166317010552093,0.0021078871511092797,3.271477966387129e-06,0.00773970318874943,0.007759474846968532,0.0001317100133521363,0.0011335456453063027,0.9891017346674429
7974,0.006315641956651895,0.0026197140392615796,0.005671348092820607,1.2145929857458247e-05,0.020045050189046027,0.018290139534573584,0.0001134869060569638,0.0007854900229549458,0.9850558710813587
7975,9.628031806419208e-06,0.44590922544775385,0.41732678331908696,0.19131938113765973,0.0004272593619597238,8.082654796801622e-06,0.002994199256588985,0.0005353468252628654,0.00018408894625702424
7976,7.6043349803264275e-06,0.5815419866927525,0.3185091981117393,0.0942758330006439,0.0001479099311524976,1.9173154730831894e-05,0.007410528855309325,0.00019219984232733946,0.0005351075473688942
7977,4.597813749788916e-06,0.09045748633352581,0.8860311346610701,0.03249562302929397,0.00023870636696904338,4.060282003460992e-06,0.008679506254785809,0.0005326832053507289,0.0003676538377581609
7978,0.006902738999256979,4.458145018487992e-05,0.0004053593577078442,1.1224920409312265e-06,0.027165167931271637,0.0962436338390472,0.019347542543975027,0.7483149099050573,0.0003440479614549036
7979,3.0510244253959355e-05,0.724204792195403,0.3755215414080339,0.054443005899618424,9.66820000349851e-05,3.269834065515954e-05,0.007414914445662186,8.85919480971126e-05,0.0015655020059106974
7980,5.426375282963756e-05,0.010003754975137379,0.0029527730592467057,0.0002744900906251254,0.9885529845426001,0.0006657942580811639,7.112590774692525e-06,0.020930435596149176,0.003712197852214008
7981,1.7353568492092425e-05,0.6021250362449587,0.09715300915550763,0.16124907864194407,0.00012757649214868518,1.2071242532193835e-05,0.006255596037982246,0.0001857633251714454,0.006409486561813114
7982,1.271117903772245e-05,0.938985030944439,0.04784673965270666,0.039871063617822985,0.0018513826039789087,1.3039163816123049e-05,0.0037564372187872935,0.00040957017858217747,0.000394625738298025
7983,0.23769047344780317,0.00023209603959128587,3.910035553147312e-05,2.3762191423396666e-07,0.0008330978162758725,0.03590708679824179,0.004281339753629384,0.2696492942675883,0.5516160371900196
7984,1.9368648570305238e-05,0.6167193643308526,0.3457401778118,0.0006959722160801228,0.00950799183274335,1.0100759947683061e-05,0.011385290670948471,0.002566045779125826,0.0005890432965677715
7985,1.8812442925756296e-06,0.9143409799973385,0.0568025926819838,0.0030584499177926756,0.008415625525651465,6.590887595176367e-06,0.001588692190217688,0.0014471257958564398,0.0011070031634970872
7986,2.551173521839827e-05,0.5403291485634014,0.39465803468042804,0.032306566794303535,0.0015258211843334393,8.868105602791835e-06,0.01641124608423048,0.0003688394267906085,0.0001555567368329818
7987,0.014835760558420095,0.0010636275035919268,0.014092825843474736,4.089908345129075e-06,0.014909036744226396,0.003137597730492955,0.0001330911557262105,0.0013270825593628048,0.9963295169402204
7988,5.19626111881502e-05,0.8462274728735197,0.2572934895755127,0.002168949669040174,0.00010820383451533494,6.492305291121793e-05,0.0056121236876417,6.338519079889177e-05,0.09524672034507899
7989,1.4844765276793336e-06,0.9399751406865985,0.023338713320890044,0.0046866298678704,0.059641284306147735,4.457637501250664e-06,0.00162281997998039,0.0052943605556611375,0.0003807057922486517
7990,0.04191901869881781,0.0029051591196229804,1.953687881342934e-05,4.096593501241236e-06,0.0024873070137094934,0.0010879817209843655,0.014944840569724392,0.8789590488414137,0.004174649915389515
7991,4.852518330029323e-05,0.431594106960596,0.5330117038849603,0.0006897026247120137,0.002551024753364698,5.566927753730097e-06,0.008257130878368879,0.0016376796031401456,0.003617645051634025
7992,0.00019091691685916453,0.03052962734329227,0.32677531628913525,0.00010942341682191573,0.0007178301495845901,4.76275586732445e-05,0.6040997471247699,0.02165728903406897,3.8620161427412134e-05
7993,6.000247186213889e-05,0.004709681351932861,0.0021711980176495533,0.00025399446120829693,0.9941547018278089,0.001356195517319834,3.4555310780722795e-06,0.024396300072914216,0.004449475877227998
7994,0.06912817069196867,1.908553542519947e-05,0.007653523890550213,6.656771756243037e-07,0.0018410439326277009,0.009108568853995419,0.002550610961544711,0.04733876436494677,0.9124529600498418
7995,0.002908072306593399,0.000328202804045035,5.04187366176049e-05,4.868485431603593e-08,0.11047688569494828,0.002070478089733824,0.0005834460879500046,0.9988965099066883,0.0005338143965502107
7996,5.281530458492651e-05,0.02117936387658013,8.243620316890442e-05,0.09280167032465154,1.049092794873495e-05,0.055158255365712366,0.10762761432879038,0.0013737786014225953,2.8859011696487104e-06
7997,3.2238374573634273e-06,0.005380141688577556,0.9895808213551972,0.014293759399529666,3.478674876637089e-05,1.1312987735301647e-05,0.00641071122131869,0.00029625193882044796,0.009588288762509741
7998,0.005901331038962127,1.160359814152401e-05,0.0003544529592148158,0.0002916060075893243,0.000914022674449438,0.9531665623172105,0.0013638168338707788,0.012203197807256577,0.0006244516334581163
7999,0.0035035720959145154,0.0005332521069244691,1.9515858462899896e-05,1.7318058454748572e-07,0.1000660733399332,0.00225561604611138,0.0017004681668121508,0.9986172476815268,0.0003197496870169454
8000,3.5754934326139565e-05,0.3562315317267705,0.1148530960198766,0.1627704536648128,4.499865624008225e-05,0.000686970347909767,0.007519572064878766,4.294116748850941e-06,0.02180385775090105
8001,0.06653494477004003,0.0003924238326070808,1.1177013802584314e-05,9.446811054011553e-06,0.0037275965634148613,0.0014430115409485714,0.0029284116763144833,0.8893034205679818,0.011292929931620196
8002,0.0012968492053254625,1.4828740467743344e-07,0.00016262241296971898,0.026758451844057545,0.000533514364658103,0.9954835985431466,0.0005510864043032872,0.0012808745386554976,0.0008766055630845722
8003,2.8401165158231964e-05,0.08641838831025818,0.007460244678067516,0.00037641444838742397,0.9413703644634719,0.00027924046613263004,4.826319377437734e-05,0.012117324587129738,0.0016829957142448636
8004,5.719326676814939e-05,0.15799583105785747,0.005717136677740853,3.736157267143641e-05,0.0008904056449633451,4.075201991305578e-05,0.500460306447863,0.5243822573887673,3.6264819162407767e-06
8005,0.0013530735424613668,6.218249285182552e-07,1.0003819768930261e-05,0.014028294562099704,0.0002383124132090282,0.9981125476833925,0.0006558399070937381,0.0036257047285591787,0.00014677067980854578
8006,7.618879211486294e-05,0.008964445573128407,0.0013782082258007211,0.00023111518832124895,0.9934390865889898,0.0010138703144275281,3.3296055016008524e-06,0.021512929833030568,0.005409407209040614
8007,5.9644630685314595e-06,0.1313102920627699,0.7822798077331632,0.2088838886929139,0.00015576831522415594,8.363398872144909e-06,0.0031478389581537005,0.000512354464798528,0.0002723402334778143
8008,0.01015074388102174,5.21038445328122e-05,0.00021441130023694397,9.342240668356222e-08,0.03916268411531847,0.0017965577600390292,0.007130316968685553,0.9948789145964565,0.0025668582240256158
8009,6.91088534465806e-05,0.02548223393453789,0.6765526401182244,0.007950781597410746,6.22817730384387e-06,0.0003589649906730517,0.331605426779654,7.86852986123563e-05,0.0021382375163247055
8010,3.552546533603867e-05,0.8927296194532742,0.11235523074290694,0.010621500272595346,0.0010400776148507896,1.2195904070184258e-05,0.059195162175045286,0.00044008618120258333,0.00016475427771601818
8011,3.2004686270886775e-06,0.37788092676814033,0.5856351867635669,0.020361967960518174,0.0004273365690863018,1.1688174518749552e-05,0.0005939343609851213,0.00028393092101124167,0.004661719290766318
8012,0.0006121044857528158,0.0006334581164928966,7.901323923040977e-05,0.04179437895176295,1.5551753261378578e-06,0.05710775300481415,0.5222114722094016,0.001632787073180653,0.0034862664139148473
8013,0.001207544381423466,0.5088210942978728,0.0837505082589763,0.0009822149317607613,0.0009108183431977493,4.262387630537154e-05,0.010157894429968764,7.42730197309166e-05,0.4321801896289634
8014,0.11737920304746463,0.00024250067792451246,0.00020194971671350196,2.0217436395437283e-06,0.001001942230010839,0.010558189036617293,0.0023348494369077335,0.17637209704739637,0.46235722758964454
8015,2.1776855673397125e-06,0.8959051851867919,0.15944663034113293,0.004006471462957775,0.000846265802737976,1.4026945503855127e-05,0.002508698759682452,0.0009691719039261091,0.0009652067601880559
8016,2.7978351085780958e-06,0.7919878257807658,0.004835923724679767,0.6664771840160114,0.0002807709820699502,0.00032889828332619795,0.0003786143323986005,3.876156101854216e-05,0.0007431440750286122
8017,0.0010741592736145196,2.2735678359102928e-07,2.340145021222493e-05,0.01845796651137128,0.00016492017841608907,0.9975904758121817,0.000692866002309543,0.003874293316462279,0.0001770362918349375
8018,4.360447152487513e-06,0.28283095146135345,0.6604882091855404,0.07026290820153039,0.00023580393331433107,7.765905883218872e-06,0.002999472992566547,0.0006680801930855206,0.00028416395628872
8019,0.00015982840555252636,0.5746312253829869,0.25089142821327054,0.03134140006901726,4.227603480270819e-05,6.999321209765298e-05,0.009106373247250239,2.1778014211859653e-05,0.025143310113171124
8020,2.2587242215113254e-05,0.6659906933223517,0.2568558715609304,0.05493059965742672,0.0017439292269596164,1.0455909929770201e-05,0.008399910039372592,0.000422922256871854,0.00010628831431826735
8021,0.44757060507631585,0.0032417264960579437,3.793847484221305e-06,4.10376428731348e-06,0.003417215699775579,0.001730158064185004,0.010146276531863157,0.8474495361550842,0.0011258430783142384
8022,0.0021442210075841377,4.2057568106446845e-07,2.1853846780680015e-05,0.008527694178635265,0.00014774483861429376,0.9944731030552162,0.0036845420364915054,0.0035641028216869585,0.0006014610877513737
8023,1.4312382133668753e-05,0.06871622056072614,0.8063091599877822,0.000762989594878426,0.007016296039632398,4.6024586098311904e-05,0.021989813369217025,0.00184254618392341,0.0010852549393333463
8024,3.242607643819881e-05,0.11525963340792217,0.005143696499800272,0.0003350889604197397,0.9370127101647614,0.0001312184688650565,4.599159477331634e-05,0.011386750695784827,0.002431070378402909
8025,0.007312426055155641,1.2216345871739692e-06,3.959221823533862e-06,0.005672798274239977,0.0006880857488786666,0.9936691703977725,0.0021050740429070717,0.009055178877897288,0.0012083793109030816
8026,0.005797085925293777,0.00012092893192590459,0.00011114511806637435,0.00011830809217097141,0.001482701900776881,0.9564123827967199,0.001209046687404526,0.0025957591074278275,0.0051558021937565535
8027,1.6767528636090503e-05,0.21278188398594547,0.7061220395486635,0.031925586324727646,2.604080899849381e-05,0.00016351468309793284,0.02622433893745871,0.0001391833547574206,0.0007862942931231005
8028,0.06568340467040404,5.1121971269332676e-05,8.087689755607848e-05,1.1606870468629205e-06,0.0032303870608135876,0.004129718639036281,0.006954142939028854,0.9277642701315164,0.02715658979347277
8029,3.404456180680288e-06,0.577199591778868,0.44485958164531697,0.030341036155118982,0.00016362577993965266,9.839940294371474e-06,0.002987286310810202,0.0004937791353134337,0.0011019933089747153
8030,0.01775591477237065,1.2149856016424098e-05,4.0266054042087895e-07,0.0015020359542391199,0.0002933779049117998,0.9743459851146157,0.010079301131202102,0.01376096023568887,0.030860871701819996
8031,6.669285933565791e-06,0.8987436079189676,0.064924736114319,0.0495061702648043,0.0007025527707136005,1.4802749516193503e-05,0.004916163918124465,0.0005104435048640514,0.00021478442161917207
8032,2.7865115801984674e-06,0.8179801215488376,0.10237856439810933,0.01180196384732964,0.013372531415984983,4.253302605664117e-06,0.0030543364483639163,0.003279183673987609,0.00016581728985021532
8033,0.002635595691624667,1.1598507661990199e-07,0.0001350561646454839,0.008063691370651037,0.00016158151640236143,0.9964061190947667,0.0029761419491647766,0.003394706546248456,0.0003481344417819266
8034,0.000350877314072468,0.9223884576963056,0.00500564286026326,0.006720942243899877,0.00022451054136976453,0.003617960535630749,0.03335268307814402,2.7776220242619518e-05,0.0025814799327441803
8035,1.623440638936287e-05,0.059265177888995955,0.01901854702125002,0.8197087945484658,3.614367623845354e-05,0.016637827296887245,0.0022347914216239062,5.41351632409194e-07,0.01244151633356828
8036,1.1246408202552124e-05,0.5832300946986881,0.38465315297367414,0.0011064332984842536,0.009534517353752417,1.0134358371040454e-05,0.01287452341664322,0.004582015110785539,0.00031639883460287744
8037,7.260144679657072e-06,0.631953557874356,0.07481206783320098,0.13902985694001094,0.00043800810204401824,2.5916324591339064e-05,0.0037471523206139426,0.00016626519331589058,0.00029771490999263
8038,0.03932200886464134,0.0002642779478129129,2.9513826346523306e-05,5.758644396198633e-07,0.0026211705789927456,0.09908126970668862,0.01634441205877553,0.6476934747680841,0.054611362645127115
8039,0.00028834974848445484,0.9474161391754437,0.009197911454523212,0.00025630831326571536,0.006992972013344042,0.0005240114004231029,0.006561287389256035,6.728534719679283e-05,0.08530785350641334
8040,0.0008004067421608675,3.6227807833090346e-06,8.32566398723041e-06,0.007983111681417849,0.00011259046126086225,0.9956379604246197,0.002808341397006913,0.0006665903224498946,0.0007363803478203854
8041,0.026500496179672595,0.00024898863027717925,2.2228982624616733e-05,2.6786616444968623e-07,0.053640670392591405,0.002711561030708978,0.0060318828328422116,0.9927363771489699,0.004215258174322347
8042,0.008442644607125604,0.0002917119112397766,1.6174120041961866e-05,8.101875892704609e-07,0.04529939947717393,0.0007517322675278852,0.003325533686837638,0.9981625283833585,0.0009441307419094368
8043,0.0003427585520112544,0.04618196876152493,0.13320677370050166,9.708636915509259e-05,0.03165820098627646,0.00017046899438979352,0.0027151429784458597,0.006244823336162018,0.024732535469099846
8044,9.321782079728537e-06,0.7715670822768984,0.2188397396798172,0.03377627966002867,0.001118629926414045,8.347147364611985e-06,0.006727350110618079,0.0009300505638129667,0.0001503455003356476
8045,2.6906183583396782e-05,0.5759354619495463,0.5371558737720891,0.035970549123795194,3.1656519895046396e-05,3.548463111189742e-05,0.027145312540839843,6.165297222083511e-05,0.0019096499321697115
8046,7.231589936291336e-06,0.9796230291848002,0.013347666480714447,0.024794181027103884,0.0025823249527144065,1.5069446224054342e-05,0.002791446914311183,0.0005067130248892939,0.000415070875006104
8047,1.7142032400606596e-06,0.02532102921538772,0.21301641002222657,0.912415466508364,6.550342917786864e-05,0.00010576365320712244,0.0018161420075181339,5.9343325437026995e-05,0.00018051888934164734
8048,0.000640913286312127,0.9911361938968554,0.007584066014580229,0.0025743323507470993,0.00011121861005923508,2.590521164241916e-05,0.009082869540777843,3.426770708895866e-05,0.4181749713122234
8049,0.02175674453276709,0.0056523295569760375,0.0007393559085345377,3.8872154716259826e-05,0.01670794929863384,0.01575790591974307,0.00010362723455538328,0.0018591966377815795,0.9701709837528133
8050,0.00856111090386473,1.0444132658884595e-05,4.4787048651308006e-07,0.0017330752152373244,0.00024307052031670301,0.9763800467339054,0.010664121151484294,0.007318810100623542,0.03380772195900339
8051,4.488432761315874e-06,0.1600011887733667,0.7669945850244427,0.10924194749473864,0.00015226169047193557,8.603499275065458e-06,0.003368276113939335,0.00035080658820047363,0.000484585833367185
8052,0.09891435512729503,0.0027226816517259994,0.0004516125159359473,4.295569867370932e-06,0.0041018761311699984,0.022544119732435003,0.002436660046186108,0.005528363207689149,0.6133877480372799
8053,0.0005453359352735767,0.9932584963569386,0.007464195807946195,0.004920969887393393,0.00020881001351407235,7.358816905427664e-05,0.0023552051037573217,1.4612400190115948e-05,0.1184066322979345
8054,6.556813598482733e-06,0.03008489563895261,0.8115255286652036,0.19136977105093045,2.4475526117586053e-05,5.8888189820748864e-05,0.02082184305296508,4.67714697756736e-05,0.001436115246487153
8055,0.02415916245241081,0.00015844060208147868,3.542249356576605e-05,1.3170822374692538e-06,0.027639440481800583,0.0008059960735937897,0.004669045855000642,0.9965068172173744,0.0013427375041313084
8056,5.986509006848862e-05,0.006868783155698407,0.0017176477904166545,0.00027461061515106426,0.9934772867452702,0.0010806146367023169,3.3313642705672404e-06,0.023063751520412058,0.004741754940162679
8057,5.403665843696783e-07,0.005128651812609014,0.922764662426924,0.22301268040193914,5.183857356792573e-05,2.265593557338925e-05,0.0011925336578744877,0.00024793988324191935,0.0005099408973283982
8058,0.0072700095255369135,5.583802765983646e-05,0.00030393395688617375,6.183729181779582e-05,0.0008310125908160308,0.9128183682525876,0.002287340044675098,0.01262357142282197,0.0015614188202928599
8059,1.366220264789868e-05,0.21157321739267618,0.6748145545199273,0.20467037751257083,0.0003831922068991388,8.411133797618556e-06,0.003643707417200198,0.0004693209501717666,0.00020428404234660677
8060,3.297409261126844e-05,0.9905833065385414,0.008640494760131876,0.017073969664060752,0.00022934395762678103,3.2101575150130663e-05,0.0018442034007279974,7.486819267767903e-05,0.015268148267781018
8061,0.0028106088849574797,5.065173501606411e-05,0.0028845915425902056,0.00011181255076114603,0.003618739316329596,0.08658639585290806,0.00022222515191206834,0.001144840132063983,0.9690627848373636
8062,0.0031579483416181056,0.0006198576220638286,0.00014030769701036113,1.4545818020651225e-05,0.7371593039266143,0.00014406087057394762,0.0001095574400774244,0.9369226051755682,0.011253194299730884
8063,3.589459555279673e-05,0.7757352015390581,0.029973783703237934,0.17210380031710495,9.733207867846382e-05,0.00024793396202689417,0.0020613310571342383,1.711947181894295e-05,0.0044473965643732965
8064,1.4125700956370568e-05,0.7666763089933126,0.22870375753178784,0.0006960954858320054,0.015810062254894064,3.933536783294764e-06,0.007723209814686112,0.007066269821227967,0.0003139399716552876
8065,9.274147197457498e-06,0.8765568037960435,0.14572231564729754,0.03421713683499233,0.000728583670027035,1.674255194788291e-05,0.005944794167253051,0.0008488335513577759,0.0001298798192203327
8066,0.0025496449690686155,0.0016193091887945605,0.011528174235706325,1.3474674954363267e-05,0.01903778224281708,0.005885708486924714,4.24103899835404e-05,0.0037100369308554967,0.9780491378311641
8067,0.08421547458942724,0.00031719324468576065,0.00012314224238714076,1.0582630934473114e-05,0.00012211739783983644,0.016689778469966006,0.12483108020297856,0.23867523790781428,0.015490282802320987
8068,0.010287949203627146,1.7831073235057982e-06,0.0012152896440698457,2.3149124938742034e-07,0.016482421109718277,0.0008208787702567912,0.007696083533945136,0.9914051946906484,0.019493210643021727
8069,9.697948314450182e-06,0.9822280743158855,0.021346750294650624,0.008465350058601117,0.0007818241741726334,5.8310214235710514e-05,0.0017099198762552932,0.00010434442110348757,0.003651925981860697
8070,0.9646739142315273,0.0011407564669689188,9.278707145928961e-06,2.5488512315113923e-07,0.001119334449949955,0.022685926985644797,0.02474124971029694,0.008422833085095699,0.07714963545318956
8071,1.8433294672707203e-06,0.27059369292280455,0.7734493376344156,0.005715371364895274,9.114181476038176e-05,2.3636547125603973e-05,0.003531460569709895,0.0003226287893868679,0.002961333681345966
8072,6.0209919633632935e-06,0.25436148205016035,0.6096798016903472,0.08359691060171089,3.1528858092403326e-05,5.6861668847376515e-05,0.012759323037452416,0.00010284834583870913,0.0008246758323486793
8073,0.008997818216828149,9.397183008204825e-05,0.00010113966431081733,5.659019045205715e-07,0.010350506204302291,0.000931486365584188,0.0019038157149242685,0.9947566904513869,0.00403358352153059
8074,2.391732646127289e-06,0.005965484353957585,0.49294769756295315,0.0011721063435075052,0.034864225070108404,2.180490423912753e-05,0.0018289489178182905,0.08037968297521156,0.00016540929112444295
8075,0.0015704669394642427,2.012201209208348e-05,6.758714567697276e-06,0.0054125167030186164,0.00015590874424308975,0.9909866933898721,0.0053363035175420835,0.0010910283539556336,0.00040398367795699714
8076,0.14261715615886575,1.158957889247214e-06,0.007185076946259872,9.576746636878776e-07,0.0006101695581405789,0.013459259760807349,0.015150336035527043,0.1974465049246327,0.5036286147943713
8077,0.0007159769009195179,1.873677524031804e-07,2.9159688053116137e-05,0.019977246497879523,0.00012143980699057415,0.998029649305561,0.000631226434260648,0.0022979122979035474,0.00023242597808609866
8078,0.0041054649223627275,7.206405521282401e-05,1.589385980564972e-07,0.0032703566511966637,0.0025039291039177,0.999030873135116,0.0006142568063666608,0.0014989798467634587,0.00016502993796560313
8079,0.16265635373753332,0.0006440095647510367,7.524193237343116e-06,2.088425830104403e-06,0.0008158556821137665,0.012897967269019846,0.01101985166996224,0.7937752105876276,0.032956175149325515
8080,0.06140999836469113,0.00019256727369532044,3.37311645087678e-05,1.8484181394104587e-07,0.043195449929543266,0.00426225808402104,0.020684359796186602,0.9850902773386658,0.0044894970555101
8081,0.00018412749370959504,0.25039360363913055,0.012987259500489769,0.0009273160834876296,2.3119946020081526e-05,0.00036703072070604797,0.3475353119245953,0.0034009279091459315,0.00010188907348626618
8082,0.00021285782211311765,0.9071681666440358,0.048795556636983935,0.02096415607524037,0.000842203425223592,5.769222162644356e-06,0.007711023557324239,7.98283295212242e-05,0.011899700340934334
8083,0.03245368134986393,0.002753010172256101,0.00341313941726145,6.808245221268717e-06,0.01760634746013846,0.00610664425097709,0.00011943613790511312,0.0012324446621165388,0.9846155275337765
8084,0.15135336272119382,0.0004673006874173186,0.0001829742323640785,8.238646381129528e-07,0.0019582459851849826,0.049656120435441466,0.0007913347511128378,0.01804065584466455,0.7629755956850391
8085,8.637593189232103e-06,0.41561962777954536,0.40919955236562167,0.001244336499735442,0.0036305393670985208,1.3191854246254522e-05,0.04228863219671525,0.01190277255055964,0.00020185873292208478
8086,3.965591689399717e-05,0.005482057598186615,0.005238223318676847,0.00037144069520040387,0.9878123748661937,0.0007269613012870073,1.1334026623278813e-05,0.02180937900928776,0.0031999882711515044
8087,1.1698294716088426e-05,0.6566428953143146,0.262718329389102,0.0441769959622642,0.004798117698677324,6.727063919432049e-06,0.00473779516276055,0.0015607400931117884,6.675793843231294e-05
8088,0.014934558436354443,0.0015622989259154174,6.43079731179166e-06,2.0705210430192103e-07,0.1021918933618893,0.001268449577339066,0.007266378319239311,0.9975757221471535,0.0005561209459376823
8089,3.5223530473932172e-06,0.9936338019296229,0.006269249140958593,0.0032433926893009057,0.01264490920735451,1.2874160004015585e-05,0.002606703179688689,0.001387721739049879,0.0007679212403076169
8090,0.0011965193332584105,2.6177772466561655e-07,0.00038137105771911007,0.008254787677873921,5.217179844170794e-05,0.9888895791866021,0.0180885488064798,0.0015569428612507291,0.00015563201815133444
8091,5.071187555418702e-05,0.493034010248792,0.3356334258823871,0.037333139349814075,0.00548777554184669,1.0263067658150632e-05,0.01089528550185233,0.0003028142476134392,0.0001319085501110993
8092,0.020569227336547386,2.9008942361793438e-05,0.017037167414952578,2.903281945405283e-05,0.015263635697957615,0.0027843561653255492,8.071806542209905e-05,0.009225291862113223,0.9346026144994845
8093,0.0011513683872964925,5.892971620968249e-06,1.8239020680120854e-06,0.005129262385982754,0.0003257456118699951,0.9985979816577601,0.0008299939397794392,0.0006668034897225129,0.0013097810836602266
8094,7.29327146248251e-05,0.0049013474026238036,0.0017600649616393298,0.00022065547850813835,0.995190475230677,0.001448360318547778,2.7894273369744487e-06,0.022837750152602993,0.005138565938354776
8095,0.0018882305516646168,3.9279078318987564e-06,2.0802944863490245e-06,0.007415595052588385,0.00035692695202996504,0.9981984535203644,0.0006315071802732718,0.0020175923484815517,0.0009247087512210639
8096,0.0012164710610049515,5.021200764430988e-06,1.9992278696259222e-06,0.0052408699525451664,0.00031718237713932135,0.9986263086799874,0.0007965971473314873,0.0007170393160375339,0.0014240838908430892
8097,0.03225680118661065,5.455797341506547e-05,0.0008503506720018301,1.8913094848129277e-06,0.002299747863600308,0.049913523741965685,0.0018367975289729369,0.029139235156058475,0.899204902724991
8098,0.0001430297196424072,0.9736686532702175,0.005137183888585982,0.03760362155747067,0.000120629202516289,8.135205853124794e-05,0.0035955562274904264,2.105369253316397e-05,0.05093780811477051
8099,0.04771342816049793,0.05647550355437582,0.005757658992195298,6.738358696545558e-05,1.1853116798016168e-06,0.00042327123070892816,0.9907385082983405,0.00035714430036699765,0.00033563934497289383
8100,0.0003226226170026084,5.813775279339433e-06,0.0001872521573208104,0.057493930841224096,0.002546816418051709,0.9942686659422508,5.471893144724897e-05,7.30844574979134e-05,0.007050646506631477
8101,6.32083554503614e-05,0.6558219633431291,0.28826660419681766,0.0007548614060028192,0.0018308528030254487,0.00011918405151675262,0.05378802468282839,0.0001965401164845746,0.011368315525929203
8102,6.412795247225671e-05,0.9527267015839088,0.06935895389336288,0.0140863378059115,9.386347675448473e-05,0.00015639554408248453,0.0053186412377048305,1.8725962795528217e-05,0.02185564461239364
8103,1.538375483702635e-05,0.9899601535676241,0.008260832070216126,0.022023284014944525,0.0014610658674535054,2.9559745796521815e-05,0.002769483308261735,0.0001205480692365266,0.0018520169182804972
8104,0.1478989374854062,0.00029785274645839415,3.7393738625991864e-05,2.5751729445628043e-06,0.00022231445142117603,0.018364326858644444,0.062498384576845194,0.521585998926236,0.052312601125216775
8105,0.003617588965248076,5.055764000830834e-06,1.7391167093720437e-06,0.004638212659204686,0.0007887610984312118,0.9979521609154723,0.0016645492346152066,0.0053126559818029466,0.00010643722473138205
8106,0.0023550656723569413,0.00018076846157600446,6.168651142193547e-05,2.9107932544677914e-07,0.0371922307302246,0.002766138702187696,0.001009193775168109,0.997570851124285,0.0004524408139009937
8107,1.7961749145858865e-05,0.06974114291921317,0.03765759718637734,0.6771125265807975,4.81409046427307e-05,0.0034470377509542745,0.004272051577939782,1.2873804535054573e-06,0.026752614376349338
8108,0.00343638556150403,3.0178110378262775e-06,0.0020102570073326533,0.0008220670137789046,4.466993817319471e-05,0.9037739928433354,0.03219383494661978,0.004778776942802644,0.0003331805074468987
8109,0.0017956925320181166,2.9711897827384213e-06,8.32889936956216e-06,0.005975819065237454,0.0005696186071340238,0.9987789596695972,0.0006142562633338793,0.0007884840214498406,0.0009200817608065654
8110,2.8165983017168966e-05,0.3306420774245208,0.4274738465792453,0.14441810103227587,0.00020366123103972384,6.198392920043858e-06,0.0033375328724360945,0.0003051736954115854,0.0015744316185354694
8111,0.04209552240651294,0.00012270194303754214,2.202948988636752e-05,1.8792870870015103e-06,0.010448633578699951,0.0018466573671796045,0.006087682784864181,0.9721808932051482,0.008636946426997806
8112,0.002108009263871835,0.00011035889440584801,0.015174337176664224,0.0005771305729936893,0.0017320086608024123,0.0584085950364947,0.0008972255454244631,0.0016716210698701165,0.6086004959111875
8113,0.01052970000501792,0.001733219079739641,0.005603342316741964,5.56155068488773e-06,0.010186295872429843,0.009237159931218179,7.794381151412278e-05,0.0013194964918605207,0.9939641740039618
8114,0.0029328607365879324,4.0982109295819596e-05,3.897534160691553e-07,0.003038823112184812,0.0012413436660781358,0.9975708805906492,0.0007210824959045047,0.001685255154861804,0.001232544161722585
8115,1.3749443202196564e-06,0.9325793072928054,0.07479529365798522,0.002316056194482943,0.009680630315626795,7.870269638095406e-06,0.00556733677157519,0.006286126690706106,0.00021540646497068526
8116,3.810301140690466e-05,0.927293254133724,0.07957001947653689,0.001293578828433559,0.009285705085547004,1.3146281491169296e-05,0.007380922729586905,0.0019316878668900405,0.0003150183472193313
8117,0.11872564864198593,0.00038811167126461525,0.0026334881161323917,3.0545024543917857e-06,0.0021808652275685453,0.010150818409868463,0.00127295516568124,0.0012444267329820887,0.8085561431615969
8118,0.0016087507183947791,1.3524414820015226e-06,0.008707573046328751,5.986495626372155e-08,0.008742376234579349,0.012209047624680294,0.00770043460218946,0.9609379352940715,0.02364671408079527
8119,0.0014998948899237312,4.3359844170079485e-07,0.019489056753126652,9.421142402320497e-08,0.002883963655561615,0.0007415697176400499,0.008084425810882678,0.9968451197113244,0.015008240452264288
8120,0.0011971916250443357,2.0081776775995925e-06,6.538820628567628e-05,0.01145656606823379,0.0005221950462280615,0.9948525743945772,0.0021142900998162,0.0005892127987017605,0.0003250451910758109
8121,0.003395468033727567,2.0948185398587295e-06,2.6876405254119387e-05,0.0019730414978642364,0.0005897928829036995,0.9973098349595273,0.0014019709511621501,0.0016555474163327446,0.0007457150027445728
8122,1.5774779820625084e-06,0.3587284633235355,0.440207584255151,0.023322959622336582,0.00023443561649943084,1.6468165738409907e-05,0.0008884983342870635,0.0002611313363731471,0.0025075116178045294
8123,9.587283654097806e-06,0.33608265382813957,0.5292461905068764,0.07038705756436224,0.0014102111892106341,4.399714950881128e-06,0.008377461500327772,0.0010217737805947719,0.000123160174784004
8124,0.0017823699009455222,0.07782503469185839,0.01852160195304496,0.00030783701064132526,0.00039242931457298026,0.0011791630954840057,0.007757039824617178,0.00015929900522582626,0.8943018690320432
8125,0.0007624673939627872,3.452835334297323e-05,0.0016271950359052687,2.880921330915931e-07,0.01808017273785441,0.0010833178384457788,0.0005313246733507596,0.982632534670666,0.007504393551044904
8126,0.00020262444988581116,0.0001081995749734597,0.001658095416442239,0.03608551755790114,3.800300798949679e-07,0.08986824333660759,0.8765835242458035,0.00022349394949748547,0.00017010442800831962
8127,0.00010932893002950203,0.9440140331493474,0.12432333146267335,0.014129096834959557,9.590035242720467e-05,4.278260420715489e-05,0.008978348250754555,2.686423476897997e-05,0.003932405370477343
8128,0.05330622488713162,2.6917753941653816e-06,0.02124868684347348,1.2958001591997399e-06,0.0016696615458593868,0.006748738729129404,0.0028439956792111346,0.07440638279256001,0.8385190569421813
8129,2.03674617036093e-05,0.546670009630338,0.5555454756802971,0.03080325025411316,0.0001455151639611398,3.089504734085087e-05,0.02574274426952238,0.00019677533172558125,0.0003580515875540043
8130,0.000856351445456903,0.7712849583341619,0.10605121459574174,0.015688631636446963,8.187089529648612e-05,0.00018789311954378862,0.013533985895580606,4.32380846385583e-06,0.05694608957377754
8131,7.934918982741655e-05,0.020921453937629852,0.4299405293937338,0.00028619452464310807,4.323156586870176e-05,9.66528102947983e-05,0.42044749699131023,0.006706291710848536,0.0002742892296581582
8132,1.616745361709788e-05,0.7858780430819051,0.1951548109931428,0.03444001096909995,0.001455597732410292,1.022475371491627e-05,0.012644008279379155,0.0006887480673556405,8.939558526376508e-05
8133,0.007174414072732753,0.000695248422698527,1.360976374102178e-05,6.545918912920645e-07,0.028296528871892494,0.001264024636708168,0.0023671652602602336,0.9972997009600917,0.0011061688505366526
8134,0.49138188172938324,0.00040274582587495266,3.41950147973948e-05,8.618038232082561e-07,0.0007013189536832738,0.017563903919924847,0.11498885589601711,0.18522463431066594,0.09743157658382201
8135,0.003057364038978759,0.00016046915837922518,5.6297671158868506e-05,1.0895784770750897e-07,0.05888352045946343,0.0010032442448297898,0.0010927051622454168,0.9992376797697662,0.0010140864476245442
8136,2.390158310563515e-05,0.33458132943272434,0.5410691059213725,0.06336562902257027,0.0013143452555663846,7.62584861884624e-06,0.01144070093913683,0.0003919813791103892,0.00016372090706615557
8137,0.0009026807486024103,2.4861391853020443e-07,2.2819399615464376e-05,0.017873864725671054,0.00014879653785877792,0.9980864384433961,0.0006143131862796365,0.003201695444408064,0.00017986304605503454
8138,0.15335478909382183,0.21999833591777962,0.0007717261131696142,2.250285631364203e-05,1.2258306020913553e-06,8.963868631500714e-05,0.9970234247269986,0.0007855589837381086,0.002291471594295227
8139,0.0014258079087167775,3.6594982677234785e-07,0.00019164433142812134,0.0057712329522706185,7.100981723235435e-05,0.9916246816506294,0.007237510117611915,0.0031330793951574033,0.00025366305669316996
8140,0.0017081985416739992,2.34660123075549e-07,5.395216210938128e-05,0.00907932197599369,0.00023265987435022972,0.9984583122356046,0.0013937033624407023,0.0029681293017995328,0.00014741032897460903
8141,0.02777964001117592,0.0005305601947290523,6.471873524017389e-06,1.3357446108479607e-06,0.0064029800343499785,0.0024546133791482566,0.005687964739646456,0.9835681757845872,0.006075925054820641
8142,6.505147175966943e-06,0.8984038064801219,0.08475208806916569,0.02082239716169433,0.00035732036609821755,1.708660913896369e-05,0.002128704977459382,0.00011429579848605512,0.006330617603302185
8143,0.0015193933187576166,8.577095083341375e-05,0.00018251047862702634,1.3185003823702263e-06,0.03231461927677698,0.007778889683717228,0.0009474068029967275,0.9899487696450949,0.00011739216487303426
8144,1.6222740111196987e-05,0.38407368695066607,0.4852232293477523,0.06438058607287586,0.00041667978574201387,4.75602453271086e-06,0.025656175607229235,0.00030333411362658296,0.0002605252785284646
8145,0.0017341049713674478,2.33017200037713e-06,2.367461477744553e-06,0.010388362825309659,0.0004201960928716047,0.9979326761527202,0.0003990761656204836,0.0020384832818668977,0.0008916351326240078
8146,8.69283872790712e-06,0.9929607299051574,0.001868393400226699,0.06402715082739018,0.0007745549635681211,8.374629375466586e-05,0.001495776821991503,6.833156317820704e-05,0.0016329170826302683
8147,3.5872274200340274e-05,0.19914514424410779,0.8786864710166525,0.019441028999171273,1.66733840584373e-05,8.579601053508378e-05,0.06068410865004375,3.2569671390033425e-05,0.0042771147824567785
8148,1.127459782920753e-05,0.2830737722714045,0.5944345305019354,0.07164885908421767,0.00045042711248488495,7.158345624022063e-06,0.004830210012231508,0.0003278462832433388,0.0009176765736572246
8149,8.845739284351873e-06,0.9798730780494377,0.013341773802518999,0.03026887445539625,0.0029728644316984413,1.0170987782951499e-05,0.0019758751550300936,0.0004678612050615198,0.0007567909512706197
8150,6.130039696740593e-06,0.3894140715755583,0.608893300256403,0.0009493917868967687,0.0064282928468259014,9.479514034931045e-06,0.030227016427036877,0.0046296999154714314,0.00028773627295859656
8151,2.7054703367196648e-06,0.6207105149825661,0.20425734291706554,0.0023586426660034024,0.04553764840876003,6.100941488278999e-06,0.005968477335774542,0.010251578401579576,0.00020373519536934071
8152,8.956259802952199e-05,0.8673703520902184,0.15215163593917871,0.002323698876868178,0.0011409083744366858,6.509650290925195e-05,0.012517188224583567,0.00022147128116306816,0.0016025243286205116
8153,5.656248317869133e-06,0.5328025691432466,0.3360052918755388,0.001697519860054548,0.008838434734536401,6.170658677872987e-06,0.02122387241383862,0.020956787970441076,0.00012494525759762797
8154,2.3875766453672954e-05,0.007108059412051722,0.0046946911526268365,0.0005167050471777796,0.9833636089567177,0.0006177951201475553,1.0135284216868145e-05,0.02491003438440934,0.00267186237796777
8155,3.996642166366053e-06,0.9886964768747949,0.014784426814668771,0.0027496892301898156,0.008855835868218108,1.2042884435929647e-05,0.004070116594131508,0.0013696961954241288,0.0005630169772231624
8156,1.3842660225848489e-05,0.5822262729678256,0.32455939717846105,0.07845526420526709,0.0014193349304291974,6.70657359329578e-06,0.006156438605486049,0.0007366989086861164,0.0001290116764839513
8157,2.2330846600456827e-05,0.04758146958566955,0.9510767306032285,0.04140838890422214,2.482539839237031e-05,3.4004923464743146e-05,0.06666435024156848,4.205332803802283e-05,0.00277166271329364
8158,1.044656893562811e-06,0.982747452286285,0.023477204967926997,0.0008030132995528437,0.014864388034305122,8.710201678122697e-06,0.00286960817024166,0.004470696385876059,0.0006334866961310644
8159,0.06061187988519447,0.007463389716059145,0.00018384916640494173,0.00010513131926073167,9.715451441580118e-06,0.005571983460899065,0.644501878431728,0.020314927051554396,0.006261224567639137
8160,2.1578905801141765e-06,0.5215643703961163,0.3255783745227464,0.007208233584669634,0.029759734584030098,2.642008576928575e-06,0.005449872607729662,0.011011220680808603,9.138565247725787e-05
8161,0.00392735949481144,0.0005024536223560313,9.736028330113622e-06,4.440166043502012e-07,0.038885448231399854,0.004187473531204982,0.0018479668770002514,0.9976767733584267,0.0006555017880116416
8162,8.255807604974701e-06,0.33735390038966556,0.44043978304017256,0.11674694821490565,8.40875847585482e-05,2.306244003316437e-05,0.0072459245630751975,5.435742012057409e-05,0.003605121663654067
8163,0.07198247774420559,0.01526703743138914,0.0020231539258931375,1.1341667550372385e-05,2.0403134603182878e-06,7.448719709967097e-05,0.9783935080995362,0.0517165785870483,0.023312390171605364
8164,3.7141601124806117e-06,0.06436352878705852,0.9442128106881256,0.016200287226485234,7.940534843477622e-05,5.486768030048923e-06,0.022274001298438616,0.00047487777227598916,0.0010328262381557882
8165,0.02883578631799789,8.942983701409441e-05,1.0607324299394536e-07,0.0005300731762511492,0.0012262912119719923,0.9779863139841852,0.009321029557227072,0.010576614431421966,0.021599778931532122
8166,2.0643876999760492e-06,0.04249438882185896,0.11226733158585445,0.8844065035538545,3.649432550043388e-05,0.0006872557112537689,0.002493333296085823,3.3485570148586826e-05,0.00015359562630833025
8167,5.5198075689886876e-05,0.8934482099889809,0.05739590436210515,0.005453032188097448,0.004647674949298722,2.894116227855189e-05,0.014275041145391715,0.0013582973187186568,0.0002522472851091968
8168,3.6358515700443645e-05,0.19678153742875754,0.31208888551900604,0.0002210146205132746,0.0019669966308298956,1.5625643559431275e-05,0.18398800237588436,0.015904102423607954,0.000269839091398501
8169,7.41270457505106e-05,0.9849514777111821,0.005372603767938456,0.015711483198938368,0.00011941780897679283,7.299847298032743e-06,0.01578661113640786,0.00039472235715710274,0.08374264731643109
8170,0.07330119960940104,4.387656171311962e-05,0.00014498001887539074,2.779258314123601e-07,0.00048804065260585187,0.014098024185076993,0.0037230659903032233,0.7476491522838498,0.14398655046276207
8171,0.015369346621058516,0.0013822443212730333,0.011367221832921461,6.183177779052988e-06,0.014846246720181961,0.008063293495612403,5.490095080879693e-05,0.0009265435780472171,0.9957458606233133
8172,0.0172782129033795,6.210627174587688e-05,0.0008380464971482797,4.268876238485399e-05,0.00010755267670025447,0.4521041482544095,0.04360611712521552,0.02536501926498439,0.001925736385070132
8173,6.027317889313417e-05,0.6845620536487305,0.044659979636974684,0.0005240904206221001,0.005484075676463185,6.194045564496267e-05,0.04624168120860812,0.0011907846385925147,0.006195300689660326
8174,0.001767692046384229,1.2487209103564401e-07,5.584370927207519e-05,0.013291677610811103,0.00010516316377159893,0.9959543430577598,0.0020806456418014352,0.00602690980152879,0.0003764273777161089
8175,0.004412250611478739,7.291849906107098e-07,5.777459078090224e-06,0.008094700353889688,0.0002962529575492218,0.9919842904249359,0.0020365886034567336,0.006858074796026075,0.0029724765554609454
8176,0.006839588264439706,0.00017015916609761233,0.00022516400383317735,4.679396983259328e-05,0.00187058963115305,0.8223080621611687,0.0018180429279100862,0.027933386654500857,0.0006363622910160385
8177,0.011137585416936237,0.0002837064563810035,2.0410773635429894e-05,4.10171006329318e-07,0.026884146955969673,0.0009007368362732275,0.008371089604248545,0.9978988441955581,0.0019834221957821187
8178,1.407412733700688e-05,0.7501280598032524,0.24721788106407225,0.0011284640250593025,0.008002039504908675,9.944246971985377e-06,0.011345404712649575,0.004222472839496364,0.00034340479844665613
8179,0.0009907947267833593,1.5570215232839634e-07,4.344190451278436e-05,0.019511198171218585,0.00012187503210594039,0.9976406985794289,0.0008563618722288239,0.003404848707369493,0.0001952198008580284
8180,8.136888693435064e-06,0.8951525751811272,0.04196066431537446,0.14300889311120416,0.0003949629612779247,3.365933018102539e-05,0.0012590140076337768,0.0001646051546383304,0.0008442799313073344
8181,0.0013864230782498087,1.9835768470504365e-06,5.662084144553651e-06,0.006922619585002106,0.0003634201961003778,0.9990275903793964,0.0005336746960473198,0.0010682140462435533,0.0006966018914600069
8182,1.0779605574988223e-05,0.8883976590547772,0.10385359845278025,0.02162721949900444,0.0010340811286418737,1.0846379480231476e-05,0.004119697382437925,0.0002912602747092442,0.0007011776408042874
8183,0.0010766455063448979,2.866721454926693e-07,2.3115210428929816e-05,0.01890980252526731,0.0001910770741398609,0.998337565799424,0.000431410078764813,0.0029188567419331296,0.00023444519074710183
8184,0.015248870503481162,1.8597752111759018e-06,0.006420186142549683,2.555797058981961e-07,0.0004939519000526465,0.007378449004306944,0.010157023681418489,0.9313619350450214,0.056398815445651326
8185,0.0013796729676058992,3.771653299484312e-07,3.7030203348846716e-05,0.008420088855854322,0.00018056715926303583,0.9986246718065477,0.0012067340801874275,0.0024154768448934496,0.0002869399672412445
8186,4.272512182016876e-06,0.2526864181639225,0.32267499245114395,0.17486554815364957,0.00011573881803649894,2.1509625424002986e-05,0.001664036812394535,0.0002610943558983253,0.0015002962085741312
8187,0.00015693657978549163,0.18392041100613632,0.8148662567606333,0.010060566557118863,1.2934582793324245e-05,9.681386014293027e-05,0.24788950207352564,3.2514302634987695e-06,0.045478503063875846
8188,0.021932936334484947,0.0019038261259267204,0.0009370665768324478,5.946025241505807e-06,0.0050562466883560635,0.01510179416840011,7.969510327165948e-05,0.0019611366027672446,0.9838287786156502
8189,0.007584550274819888,6.948576974104216e-06,0.006625011252021589,0.0002062540675325297,0.0008949747726483923,0.30165540673992897,0.0021354156510898733,0.011140531293657297,0.1351813307946466
8190,0.9691964719688351,0.006452477423529421,1.9239811977690496e-06,9.34545430261165e-07,0.0017888923171731708,0.034050333857264685,0.012732551286584359,0.011514250003367534,0.02029817854056035
8191,0.0014928113042351637,2.223859266969859e-07,4.669315986780403e-05,0.011432546793391698,0.000186080091117344,0.9982511924548939,0.0010517482398030792,0.0024676101387706246,0.00028718207830605145
8192,0.0017547906979874725,9.154536070473566e-07,8.435478791724732e-06,0.0007123849722099529,0.0025564500633897835,0.9715914626044743,0.005379441349961458,0.056716158145623176,0.000691556191918326
8193,4.261611110038035e-05,0.1554970162193651,0.0018127548331063445,0.23783939152142894,0.00017338592676195702,0.02292793005691817,0.01976596031938584,1.8976554872789167e-05,0.0001368607696169531
8194,0.0045841707566500346,1.0125329052927567e-06,0.01706512760639635,1.0679673514579112e-07,0.0025494767369228072,0.0008079619615402163,0.007380156557217666,0.9923065568215965,0.024093587966741048
8195,3.596605740490283e-05,0.9300008827230866,0.04086772371559721,0.05272671187814146,0.0013324679280525978,1.9655724447076053e-05,0.00425017373730193,9.025166946561138e-05,0.0013752819446270054
8196,0.0018248126302992346,0.9795690587909315,0.012645205090744282,0.005264265720123475,5.540277186358718e-05,2.1585172498667192e-06,0.017409277511026174,0.00035281605726143116,0.13726338901694746
8197,1.4708441478978594e-05,0.4417218499529642,0.22518785443846356,0.21706162496855225,6.723306574541988e-05,2.7586580897134285e-05,0.005209982528792197,0.0001197511502047954,0.0008093839300918727
8198,0.001980623894522246,1.039736828977372e-06,5.428326882572434e-06,0.007130162873604207,0.00028956533588237956,0.9970584961199116,0.0015706792508021286,0.0028122601489522876,0.0005810210199098438
8199,0.001760569879943708,1.9088825447737238e-06,3.103201646856038e-06,0.010715211155241905,0.00039812308588217806,0.9980227895217642,0.0004512877862490692,0.0024358487729250903,0.0007063516728703246
8200,0.0026709044583431447,1.0623972959251125e-05,0.0010484061753243607,1.738798129783954e-07,0.007982065031984238,0.0005357597624719398,0.004300813313178668,0.9983892312570654,0.0032382006266937773
8201,1.7295728102071654e-06,0.2898462649306539,0.6598344514273277,0.01377703178402228,0.0001689580590398992,1.0555205257684115e-05,0.0011659406582333188,0.00025094938182741716,0.005466816764793903
8202,1.4397921102480696e-05,0.4687905835644496,0.21254414352025738,0.0005329974597907851,0.046740177266585047,1.148777982309718e-05,0.003822946011405638,0.011749491369949319,0.0002394801727890553
8203,0.0004016239244546146,0.9977845316575651,0.0005139858982374354,0.011480055754374701,0.00038609011484138836,3.230967316716787e-06,0.003314510730448722,0.0003010638686166598,0.16883387318073134
8204,4.542433434847466e-05,0.9660666066952107,0.030688871472933504,0.025375947060024086,0.00011715993280119587,0.00012477844660270645,0.00643159980491593,2.3318439299642866e-05,0.020802010500314088
8205,0.002518533636478257,9.957937052129475e-06,9.150296379587599e-06,0.0023538764858912534,0.0009673560698993014,0.9976803065379627,0.0006185425566757295,0.0007473454203856479,0.0021587453471958932
8206,0.002647335164689414,0.0010457499592651332,0.017407597811799617,0.00047180721791579807,2.652628645716168e-07,0.0009986985306974817,0.9962098808276174,0.0025051533963182226,0.0010886768904238976
8207,3.526864924664484e-05,0.22692246896984394,0.6118619574366655,0.0009903079515794085,0.00029658411190536997,3.421451885730826e-07,0.006960301527083946,0.003995064683303695,0.07264144933895196
8208,0.0003451929662881886,0.9769199051372367,0.01341826212395245,0.013031215835255931,0.00012108113723347697,0.00016465774568163438,0.003582130023340394,5.324390922338746e-06,0.1057161458675428
8209,0.050325977153039,0.014738378070027654,0.007838269418263967,5.486320792142264e-05,5.184972136190067e-07,2.5542735747006706e-05,0.9967945180222754,0.01322909958448448,0.009579675744675852
8210,9.993087891700303e-06,0.15362877579793305,0.7422874275282637,0.1447238791547668,0.00025115236792091545,5.225056451318929e-06,0.006936946602157241,0.0005145423231346372,0.00046346198137407036
8211,0.0011420458102481058,3.758757183520063e-07,1.851602754823331e-05,0.009930595037362992,0.00024489819173371654,0.9983275514787524,0.0011096630816348327,0.00145266039352093,0.00033302013389572725
8212,0.004479567041423159,8.475163551333742e-05,0.00013613442551735168,7.998864944480426e-07,0.017012073510124123,0.0023254738904610393,0.0020128978625487837,0.9965206576812017,0.0007394387962682008
8213,4.107228689377349e-06,0.5071728446302847,0.4882354752985776,0.04469231274216889,0.00014840923105777695,1.0713452905528526e-05,0.0038467784324439894,0.00036034819586516607,0.0009080847785434465
8214,1.8230591660336952e-06,0.9837955443573541,0.023687758619976924,0.0008425884609079567,0.013967209308292629,1.1526568385025928e-05,0.006788133000275299,0.00278251985851476,0.0008362086454470429
8215,0.0013757124215863044,1.313325559981933e-07,7.953442600355951e-05,0.014505167031446302,0.00019494389378011423,0.9985652989575847,0.0008295259070795237,0.0024268312348303444,0.00019498491983159407
8216,0.0011445974164064595,3.9227168077117815e-08,0.00043291603347846277,0.0021176082537895727,6.153181504601032e-05,0.9395031115747255,0.012717418556804111,0.02386221223623101,0.0011712211063905744
8217,2.4414104799912763e-05,0.1573172734460817,0.7431460958149948,0.00046142188978317216,0.006444483420116701,1.6861303518996676e-05,0.03474938674888938,0.0023986335845648785,0.0014181583143655424
8218,0.0013222593700932506,1.2848972760569095e-05,0.0011584452302082241,7.996365524586995e-08,0.01965606615290046,0.00150076270751804,0.0013868658648269003,0.9982963298269433,0.0012566798826325325
8219,1.0672544506583738e-05,0.40779052914018216,0.45650268834369706,0.1283049521792625,0.000608433092711988,7.238811097261203e-06,0.0049820474594635495,0.0005426227616842063,0.00013933274814709987
8220,0.14651328921609175,0.0010030640528608244,0.004427387615432959,2.1200306184379257e-06,0.00900324538814549,0.007756591850657899,0.00027335150845404885,0.0009709954108938923,0.9184859385185993
8221,0.0026551825811450963,4.2826329599747297e-07,5.318810195979738e-05,0.004546248400883103,0.0002727294092710334,0.9973880554602623,0.0020898687612085874,0.0020616912140512035,0.000562251535477895
8222,5.868549893650495e-06,0.7527414716995496,0.24403689196321182,0.013674792590577542,0.0009742721359724879,6.980215317926106e-06,0.003566528642256308,0.0006188646518299806,0.0009598307204699448
8223,2.9889997414813466e-05,0.8033915768890234,0.1638715826403449,0.05817510317440641,0.00012505467719271798,4.9464742406806115e-05,0.004964261822057956,5.8585891352899025e-05,0.0042636495686496296
8224,5.960059641424186e-06,0.13911009862581356,0.6979513118033661,0.11044673150134784,2.5378126551569913e-05,3.332219942558798e-05,0.024444307391863075,7.556246958740746e-05,0.0010141556661652862
8225,0.002664040463454939,1.6175988887878532e-05,1.4635066283411916e-06,0.0037308814878141963,0.0008177573818837655,0.9973927683769521,0.0012420006927464922,0.0015495777315608556,0.0005050067042243507
8226,0.012371649707350984,2.5008388665046496e-07,2.499250777515347e-05,0.002117303914685991,0.00014568452648518226,0.9389302803608567,0.021883221042253268,0.040553783764592545,0.004581103802473161
8227,1.1947723719312739e-05,0.3476838417256627,0.4359708040989431,0.0005127019285885095,0.010888748609995613,1.080569042790976e-05,0.018041164851100695,0.006889483368470963,0.0003786653252736534
8228,0.0020161259140154884,3.47929508933098e-07,4.896424213564397e-05,0.008297936705143626,0.0003169922102929501,0.9985291327081451,0.0011475366141664894,0.0018256928529168314,0.00026790283499622303
8229,0.0028744140538790445,2.444705069996227e-05,8.299255548872324e-06,0.0010348025995016979,0.0012922459884625918,0.9953844872489023,0.0005101791836620491,0.0017481126525057092,0.0018267243941158967
8230,0.002144944165120363,0.1676245844686423,0.19126418446676793,0.0006048276061014237,1.111832503065507e-05,2.0534601283009396e-05,0.4002662624652972,0.00014799617230319844,0.2979690866823108
8231,0.004780925264403243,0.0002013651987553965,4.966658565997453e-05,1.489287424927495e-06,0.0699427871434372,0.003984541962986775,0.0009609491153765731,0.992203087121032,0.00019691752584131148
8232,0.06630536508220265,6.371415409601681e-05,0.0018644324154640276,7.608725607929095e-07,0.000897006731980213,0.0017755538002074255,0.053367841258030804,0.6727229791496747,0.009032520522244642
8233,0.004502199514785298,1.4163668420551352e-05,3.595222539574277e-07,0.003453698009894559,0.000396861963176419,0.9949518476362961,0.0015946281869650399,0.005100121659120315,0.007110977513196772
8234,0.001945929791898245,0.00013349425478989562,3.432510360922754e-05,0.003047027395600119,0.0008996186073408136,0.9751989628280087,0.0024345392362735137,0.00030041824497787896,0.0016336886645508387
8235,0.001229118599877125,1.9489468686256136e-07,2.490702910166977e-05,0.018676103606852876,0.00014203400991397662,0.9967976764346497,0.0008219852944931391,0.004475613800659063,0.00034537121103262055
8236,0.012513395271281102,0.01969562087383971,0.03525880525410172,4.8853711678425225e-05,3.1499960572587515e-06,0.0006884417179107623,0.983482879718072,0.0012003597945595208,0.00013981899993574152
8237,1.7534848059948094e-05,0.6390998340411194,0.08515183123151535,0.15140560384487606,4.761368794898481e-05,0.00047148151517827894,0.006319225317065882,1.1201468282469527e-05,0.00422887370778722
8238,0.011948804375991528,0.017540779179686394,3.474079565045122e-07,5.445162705212614e-07,0.01802172054644885,0.009865496339074029,0.0003178685244606924,0.9688525677575633,0.023170934763948544
8239,2.0184074875810977e-05,0.28939337862995906,0.75216979150562,0.03504145751394406,2.7815071787701825e-05,9.183046395803851e-05,0.03814018669956337,5.8178121438037e-05,0.0018451596611858566
8240,3.566853575623139e-06,0.17496612393339817,0.5277090725626425,0.4281209205546701,0.0001358687655294007,1.993186725475055e-05,0.001584243215562382,0.00035176449369891483,0.00013002428131281082
8241,5.9252489881779525e-05,0.0026125339404467884,0.003160522081110988,0.0002805195361363921,0.9950055050812179,0.0015255953910887547,3.3456528446995336e-06,0.026060397486325028,0.003946312714088702
8242,0.0005960163322988773,0.9597110719755353,0.013407206193040594,0.00559167193308773,0.00020635359974194916,5.967691939036257e-07,0.011562677232790957,0.0026499476523334613,0.035878360235795145
8243,8.753925971137624e-06,0.8253472066684953,0.20838114711805836,0.000569698299156627,0.006754873214575912,4.992222692804528e-05,0.02218454721013762,0.0005192468148169318,0.005000656076889666
8244,6.911488045512308e-05,0.06572413874233153,0.887492090590652,0.05263163854200208,3.551014972541023e-05,0.0003358754773985311,0.025400448262915456,1.1517541665401185e-05,0.0066878971343058945
8245,0.0012058640163568658,5.314580119513925e-06,2.380030076824867e-06,0.005235355663603896,0.00028722027649576165,0.9983270183120305,0.001054836568867975,0.0006466915551994378,0.0013998558745142256
8246,0.46531863680042485,0.0038175067886493325,4.686459777666209e-06,9.254978338608959e-07,0.002083866292098445,0.06462972023953523,0.008339689117585881,0.12001539745378974,0.344076218728023
8247,0.0012071063761517698,1.305933221885909e-06,5.6367848184580735e-06,0.013215474785439546,0.00038035148126697974,0.9988511357795079,0.00027126830256940325,0.0015247813389967027,0.0004308722101323641
8248,5.586855605545266e-06,0.8091227175570089,0.12579374287428616,0.00048402031139086366,0.00027419858361002263,1.121757072460707e-06,0.0048249034268259515,0.009319975628490244,0.12634719737093333
8249,0.009079051275265359,8.43273573815513e-06,0.0004946878295031272,1.8665215780454414e-07,0.005549369235375011,0.003126663068797549,0.004571818612258766,0.9905962401707805,0.019156777106470405
8250,8.244985499414011e-06,0.255359567247546,0.6931470072688931,0.0009338766713875468,0.008179882896717314,1.9722214907908498e-05,0.019983321237651376,0.003990283877411334,0.0003718645447897178
8251,2.548351193523765e-05,0.2720484074228519,0.008030133077966682,0.690194932252916,9.195166674618604e-05,0.0010510154305307428,0.001361308904641103,1.0657181147694096e-05,0.006703795522677496
8252,2.153102988293589e-05,0.5836505621353713,0.25139611115676486,0.10511910177088994,0.0002373323506943458,6.6672599278090025e-06,0.004927388250134807,0.00038950043670603557,0.0026693026039445625
8253,0.07637079679798657,0.0021839198703527893,2.28564448553924e-06,2.2836773405816555e-05,0.002927357927788368,0.009317180776334555,0.001988126311366368,0.9313140467411583,0.0016630269367871563
8254,0.0011331555788740345,8.803225678477847e-06,1.217888446248244e-06,0.004746861255359036,0.0003565440144651194,0.9987408039077772,0.0007119896175414054,0.0005792238663952757,0.0016570549679721053
8255,2.570873093512851e-05,0.850073820781062,0.1786394224999028,0.014622297054182928,0.00032224121645732783,2.373950398389571e-05,0.029534208237666573,0.000466837498206033,0.00015257822663181054
8256,9.272098503515766e-05,0.11319521500028155,0.8568863211644356,0.019808557605246215,1.5286089293497112e-05,9.669698674514657e-05,0.08347461258039232,2.4323925191507442e-05,0.0077749077144687985
8257,0.030461257106602465,0.0005734080349346851,0.0038004911794439875,1.934435781269162e-05,0.005666794226789805,0.0194922648407737,7.750291382321754e-05,0.0004906305778810113,0.9200004745995406
8258,0.0012625362541850605,0.0022286891706112975,0.00030396881477345243,0.06952056396355208,1.9468889641226446e-06,0.012528706212820982,0.7089135336167709,0.00017208638708444515,0.0024388152643181403
8259,0.002329839436873803,0.00030979617557157766,0.10014931550442353,4.851345134632737e-05,0.009348774768919214,0.0057334621034681055,0.0001867505559422658,0.0014728347991877434,0.9500920413015794
8260,8.134778527360572e-06,0.5039109966978984,0.39215874651686927,0.10072171077720157,0.0004209096865539519,6.612256806711764e-06,0.006280468105181753,0.0006235809870966854,0.000175203494185027
8261,0.002826211823679059,0.0007904550202427893,0.004579593607788004,0.0009967767715749851,2.3788291222855044e-07,0.0010096771241182387,0.9965737047196467,0.0033519194589903462,0.00224107169302753
8262,0.002232471718363213,0.0018296133313476421,0.12378255559279752,8.555371439165241e-05,3.040106150785362e-07,0.0004957109257577137,0.9973792767495456,0.002451194518965252,0.0011149222911475342
8263,4.0740833846852094e-05,0.4702521897638685,0.41773896023379425,0.041669104698101735,0.0026170287366133072,8.580311476023528e-06,0.01255181153846184,0.00040648776553393185,0.00013185608696676982
8264,0.0010997039615534495,6.102157151821757e-06,2.1927214280431877e-06,0.00541964841813884,0.0002792356142438367,0.9981037390014305,0.001082606906040638,0.0005667184222511307,0.0015815330017324941
8265,3.5179417750404626e-06,0.4965541660994084,0.3596779965378084,0.0015268268892315703,0.00947287251384471,1.3310469660036678e-05,0.010067586485050335,0.012501809080354798,0.00012365086572088945
8266,0.04959713260169282,0.0003544549046798483,1.514972268820125e-05,2.5046605596549167e-06,0.01299112238475225,0.0010260420261894749,0.004422902078497519,0.988918795123093,0.001918812795780257
8267,0.11857104846575109,4.4761441539692796e-05,4.660322913704394e-05,1.285894033279211e-06,0.006316795397154471,0.004724364367760686,0.014716211151654985,0.8596818208573921,0.03772599379668398
8268,6.367759473321286e-06,0.5490934194286642,0.41315693780502893,0.001155688722572836,0.009974177926589972,9.86851647711787e-06,0.014846163380842787,0.0060460951557551705,0.00019353425849186944
8269,0.0021373115550155234,0.00014086412065466734,1.3092494799225426e-05,4.6499979985415235e-06,0.0556460739868537,0.07512555584134921,0.0021927447461083755,0.9787532682320417,9.768902247116553e-05
8270,0.006110068011886089,2.347141681240377e-05,1.8171483886127754e-05,0.0003397602698950706,0.0008185092127576759,0.9922560704596429,0.0016162627117855578,0.002335178542800435,0.002599158158974819
8271,0.002212357436915179,8.645966169450758e-07,2.844027657905531e-05,0.004673940859934776,0.0004457696047255785,0.9980750018918213,0.000984726777949088,0.001476162445187881,0.000656640740104826
8272,0.016921975446707895,0.0017663839004904496,0.0021985033857801666,4.536323720129536e-06,0.005050108465289479,0.010686046277263113,0.00012562516788504097,0.0025304540535080826,0.9868702987094876
8273,5.943664309771699e-05,0.008633455493599796,0.003161791172496115,0.0002452322968583264,0.9887845178738808,0.0007258241296878418,7.338682608555974e-06,0.02208853504078497,0.0036837467633685675
8274,1.3412514959150388e-05,0.9827151631405576,0.013493942180423896,0.01874832833272265,0.0007180328509228059,3.4080406883592864e-05,0.0020531005859737396,0.00022819652219912604,0.004308058951123773
8275,1.679620433682581e-05,0.9672553878649858,0.031896505934758776,0.02072938009188778,0.0012423467240742466,2.166740794110123e-05,0.004740173163980438,0.00011123229688532056,0.0026125040278193548
8276,2.0591339988420216e-05,0.0890671798233071,0.7415259131444943,0.0006334843461926184,0.004347241261433126,4.527764301808131e-05,0.042146834138346474,0.0028480501472124215,0.0011632547699897693
8277,1.2048448194877246e-05,0.6084903645125138,0.3011422225040111,0.12185620680936471,0.0006836756910614386,7.759970889740216e-06,0.004280176792832117,0.0005179911095977919,0.00012026812379911481
8278,7.073383545449411e-06,0.08380316591329479,0.8232480286345799,0.11356413788429334,0.00011121466482215648,3.7461145220043516e-06,0.027070509022172,0.00023732567411616042,0.0005108318108668809
8279,2.0925111432081987e-06,0.6564814694622846,0.41308890680148436,0.004739174996564366,0.00020534006032525237,2.755778748465174e-05,0.0014406870067727546,0.0002596838624436652,0.009133849294819144
8280,2.9302023754825426e-05,0.8793294633797881,0.018350718803019504,0.12381954753313115,0.00010959399076159903,0.00017391070636844374,0.0026073464525886905,2.32739057522984e-05,0.00824535396818602
8281,0.0013106262964216488,1.367735262177275e-07,3.491265081365589e-05,0.013818842615033421,8.18025681543791e-05,0.9942750563052913,0.0024796671852258777,0.006529861954748916,0.0005071905346399454
8282,5.5690212505466346e-05,0.015130212453178122,0.003654934639548888,0.00024599126450843077,0.984665674882665,0.0004432338050061797,1.218696299018257e-05,0.017028089309376854,0.0038402737795559935
8283,2.377790939264777e-06,0.11956202775370865,0.846377207801336,0.05002184545742282,0.00018835824919578067,5.7666504705532644e-06,0.002570572465224501,0.0006773947660752563,0.0005276811439392608
8284,0.0020655055052100223,3.728131457358182e-07,6.116965834577579e-05,0.006218938494678599,0.00033790250456105223,0.9977109746570118,0.0024637767282489585,0.0012017435483169224,0.00033518131838186887
8285,0.018781331870861916,9.766594168329019e-05,5.557055569695241e-05,5.424109239930159e-07,0.018081208862913135,0.0017254580105846844,0.004469975654724064,0.9951348617395684,0.003682367704273623
8286,1.6236802261623282e-06,0.9713711799974505,0.02821881700717879,0.0013668472157371712,0.029685420725108463,7.570216813631849e-06,0.004761861747779565,0.00551619350922438,0.0003549507222036385
8287,0.002579142655426915,5.471063193011059e-07,9.414272585877281e-05,0.003409524050508794,0.00033491205043041574,0.9966288655335157,0.0016752774751268014,0.002071878110278094,0.00054097741507536
8288,5.5388226691565895e-06,0.9857950643019986,0.015443212440577263,0.005075736209113341,0.003673477110041663,1.4525939195009013e-05,0.003645659331237926,0.00043883605672338387,0.0017334429778774589
8289,0.028219717300633593,0.002806372909932896,0.00438169050247849,4.822147838447674e-06,0.04026281214808878,0.004565291436083489,0.00014385044871420016,0.0009679774932965211,0.9935388814844571
8290,1.574391033048378e-05,0.6568994730296936,0.31880450727487386,0.001007473315413093,0.006836819778419219,1.014029775547527e-05,0.01479837122769542,0.0043529718780960965,0.000480072263103975
8291,2.064892734378778e-05,0.32131277994637775,0.5624665938760464,0.07579887017515533,0.0009863836023000976,6.847787642355892e-06,0.011058258435048733,0.0003305293361566927,0.0001684868220966237
8292,0.0016030399549591607,0.9989535883219844,0.0011749206698766813,0.002082970487626322,0.00022664770116635633,2.3035587801394507e-06,0.005587053483056486,0.00013895109921351412,0.1618139305290382
8293,0.03314227525707208,0.05584463268362468,0.0010878901337043221,7.439498005743609e-06,1.3440696884729473e-05,0.0002643115819733201,0.9924529556353873,0.08546413252609318,0.002209490989028196
8294,2.2107405116193047e-05,0.9163063849610329,0.07740274314803541,0.0655002236218285,0.00040877378028912164,2.11196715077394e-05,0.0019158788305232322,0.00010093688901401484,0.0025654377401804766
8295,0.14648631179533236,0.0001657716905920381,2.7575099359837133e-05,1.713456236020328e-06,0.0020742888855119265,0.010275849757392019,0.012053910981866315,0.846323605812629,0.031204024574948086
8296,0.006524714009299493,0.0010668272637987667,7.768888357288287e-06,2.2001357323617268e-07,0.07504947108513663,0.0014199560083437118,0.001743904542672938,0.9988910624458112,0.0006313955777039614
8297,1.1747733130546664e-05,0.47730551979834757,0.42180961080731144,0.10793944159507833,0.0005301201615108368,8.241015156522595e-06,0.004652972981835746,0.0005623591618048994,0.0002394091659271259
8298,0.006841239479561312,0.007013941834275184,0.0691382696445969,1.130491857061441e-05,7.205189023150841e-07,0.00010682966125291972,0.9868833007013719,0.004453841172444417,0.009816957530350424
8299,0.01405436067354278,0.0003892574540281578,1.543958122637063e-05,8.727235708036405e-07,0.03147793490695523,0.0010051962954090359,0.0055565538600148715,0.9953879592588447,0.001372689994903135
8300,4.1930524212930686e-05,0.19799847311721147,0.4685232454386762,0.008888000223997867,1.9039895131408817e-05,0.00016342497043900564,0.18950434661663934,0.00013842420274599371,0.0007711959041517318
8301,1.5203793029371658e-05,0.6052721074863464,0.3647887557741319,0.0006355438047542772,0.012051262708412102,7.427342608695796e-06,0.013016747424154375,0.004420216539686824,0.0003766930414060322
8302,2.114506331199926e-05,0.9615313511080948,0.011487929769359388,0.00016537630306859372,0.2945088430598229,1.2734438361978776e-05,0.0005329158932312909,0.003274663220728135,0.0019477683481334994
8303,0.0006117794129607296,3.635202696245575e-07,8.110832675746979e-05,0.03158479166310396,4.5406640531644454e-05,0.9851640507536616,0.0037596135388687137,0.0017854275378242637,0.00017835167998580582
8304,0.004160373190046728,5.964848296984016e-07,6.660716053760883e-06,0.006236123641206326,0.00021779456639014948,0.9904760539113008,0.003817954633673791,0.007762903751940869,0.0030014693301032057
8305,1.17813378551545e-05,0.9839009299019185,0.01851038454505859,0.022637538593865934,0.0013982625277630051,1.7859031569890266e-05,0.00424917898139625,0.000272780777201649,0.0007150692790184571
8306,2.3277837751999515e-06,0.8886767338438597,0.16586962464853805,0.0020476871184629732,0.0011175581731217815,1.3923529057154245e-05,0.0022902060932649382,0.0005255289359815804,0.002973627913856327
8307,9.981852932704136e-05,0.02522505179660255,0.8881655084570369,0.0006814532692421961,7.753846872790783e-05,7.417547723065368e-05,0.7513845081779582,0.00013472789933143833,0.004666462628634126
8308,1.213961488148305e-05,0.8357968427757695,0.10479801550302456,0.04764842824639373,0.00254021483121101,6.363158261651123e-06,0.004990316503258725,0.0011024159576583038,0.00014925019090582635
8309,0.3784864104269014,0.004612832757249728,9.153970339746869e-07,3.3038158655672816e-06,0.0010816763164202385,0.31461861304342476,0.00401793508118862,0.06427457306463112,0.28967947817084533
8310,0.004304038383797016,0.002486452529127249,2.666088110870748e-06,6.625039113745092e-07,0.12455034696886605,0.0033201673474028844,0.0015710478479310222,0.9982318781094088,0.00015670994578859622
8311,5.56901235999189e-05,0.18339804191281103,0.8613073988053018,0.013444720509849009,2.7001949549686538e-05,5.2595540362814594e-05,0.06881817361965353,3.7269780925408606e-05,0.004645752483274642
8312,0.0019733333419768573,4.413258872572953e-06,4.036550250228947e-06,0.0037362560589830093,0.0004238467579317649,0.9989107956117877,0.0011492853675219002,0.0007431568763742652,0.0013977062102972114
8313,0.004006986113469751,4.2059370532342464e-05,2.0936561622804875e-07,0.00244640363097068,0.0013657727261212765,0.9985008119738827,0.001099661663678756,0.0012560622587359008,0.0010160030526762997
8314,0.0003465249687939841,0.9751163398005503,0.0240360191028605,0.004131860511928493,0.000337852315700036,5.2534615664154297e-05,0.038085422951169984,0.0002979826566624969,0.0035369912697681754
8315,0.0005355046486450037,1.4023724375734954e-05,0.00013512608853061145,0.0202726504756358,1.1752369175201895e-05,0.937720322773218,0.04068449115296483,0.000538818973588586,0.0001983202071441473
8316,0.0009569760102149326,1.2478490810627767e-07,6.28679197766495e-05,0.01872379515565649,0.00012898717997419316,0.9980722374492039,0.0008275145757239804,0.0028125209560766725,0.00015196730732861352
8317,0.003946727469716262,0.000763753356020412,1.8749565156101567e-05,1.0365951440907865e-07,0.1263814022017096,0.002457024050219825,0.0007902561820450679,0.9986581598792078,0.0002929058726828394
8318,0.001178548548614248,4.80176603703301e-07,1.351212211750321e-05,0.013554574785027484,0.0001673980433783177,0.9978519617899376,0.00074619099848462,0.0030109287886795856,0.0004324324175257016
8319,0.0016773887517263137,1.7857278379655031e-07,2.4980460616807854e-05,0.010072365233357089,0.00011178688561405048,0.9940924756611192,0.002800528937080683,0.008443510287495787,0.000537109602015379
8320,0.006250143907392633,0.18082502794142938,0.0016132247583263454,7.6589751107888e-06,0.00017150475678919092,1.3395595289057377e-05,0.8928704893150435,0.46400764523158916,0.00012934191884645104
8321,6.508957254878835e-06,0.9926170123143093,0.006624100453667681,0.01196248310060364,0.0024166576088694054,2.555821958870463e-05,0.0024275438692702806,0.0003510418545898091,0.0013788488743580823
8322,0.0011393348976624891,7.39627493362867e-08,0.00029454626252562377,0.003267750109839333,0.00012030070056749469,0.9873250748020846,0.009876049603945909,0.006439691348777499,0.00040462956395206006
8323,0.002454749853926071,1.0156333398890926e-06,8.386636917998811e-06,0.010187187856422569,0.00033626565713832973,0.9980611818690311,0.0009220669803022472,0.005843784394750786,0.00016516994673054138
8324,1.3745648025471203e-05,0.935454344037663,0.06990286879723881,0.00038251912727163534,0.05102194934252314,9.385279002316219e-06,0.015247727383248906,0.0012441019934152275,0.0018777824730672593
8325,0.0010825633045210476,9.11145021177415e-08,5.317017012667828e-05,0.027464924624076615,0.00010750227197816364,0.9954608994634488,0.0008789584580425909,0.005236591631164328,0.0002555160513524061
8326,1.6571488672636016e-06,0.04901316343626412,0.15141232787899647,0.8842069557897495,0.00014005100393165617,9.761398129656911e-05,0.0010872124346832997,0.00011173284691971632,8.264256332068292e-05
8327,0.001137432449164798,1.2333313227565559e-06,6.2100392610190445e-06,0.005463328187642824,0.0001617943055680528,0.9974542465044604,0.0021614351137736786,0.0014821851790974541,0.0010008111012985903
8328,1.8517486692236282e-05,0.001998977533080147,0.003185070222374701,0.0005585482435937745,0.9905046490350868,0.002065409817033176,4.610114999141285e-06,0.040012668866348834,0.0027132648913241486
8329,0.002462380674110209,0.0003084532411476847,5.4685615600627795e-05,1.5185273119841086e-07,0.0860669204566929,0.003425930950995129,0.00045468640582753525,0.998150575332066,0.00025131254679962376
8330,0.001647612145242197,2.2261804735534113e-06,6.191477824022808e-06,0.005051328263007181,0.00036354695542964167,0.9987981627131723,0.0009629914338188973,0.0010744686723539165,0.0007173927315251975
8331,0.009450864774796392,2.1387060933198893e-05,1.468514511406036e-07,0.0020085025877209887,0.0002755623010755219,0.9805219806053344,0.006553223833368739,0.012488748562658802,0.04227576235939399
8332,0.008390878022367779,2.59016744971885e-06,0.0007559726830250176,0.00019623873114680833,0.0002874163584781371,0.9423977575033154,0.005396780893754541,0.02168985854429727,0.0006439390497819985
8333,1.673644543511088e-06,0.8533553633616004,0.1156887995693838,0.007558103399073015,0.01720085903735823,4.68566960434732e-06,0.0034939986217546273,0.008670692881041518,9.455784527983946e-05
8334,0.0031709134331305497,2.421786803438823e-06,9.898883741043006e-06,0.0030111876802761633,0.0006142833277217582,0.9981301537868392,0.0014462352192570601,0.0007550425171463415,0.0018951691313497867
8335,2.5332603101318476e-05,0.6842479792818615,0.21986318669895386,0.07160504943486119,0.0018925303611321599,8.716918357737825e-06,0.006406310800722816,0.0004223392583385687,0.00010310906857110128
8336,0.0008013730276512805,2.200182051976071e-05,0.15135986601074017,6.68907016778136e-07,0.03346395277268163,0.000798154568456015,0.0002741798200485086,0.05283182444322496,0.9883002314099438
8337,7.319926566289953e-07,0.0070582073622464875,0.07971533438371642,0.9799109333398346,5.6827474416994266e-05,0.0008188603439021777,0.0005472883159945043,2.183075157272428e-05,0.0001629154747530375
8338,0.15534580936827025,2.6360576518353292e-05,0.00031475105196416663,5.708185724160777e-07,0.0027281050280942008,0.004529957350330592,0.06306755023110754,0.8449026205184748,0.02911176351223314
8339,1.3865764641764331e-05,0.7712506591329581,0.20944573930177354,0.000954607713924954,0.0130755504406975,9.723926344357605e-06,0.007126974515450235,0.004151981256350562,0.0002601149772954104
8340,1.7771822441510792e-05,0.752087283422967,0.133137204329457,0.05370450041195367,0.007484348304079868,1.1228931751016833e-05,0.002664937199239464,0.0009720529432271907,6.214454235346049e-05
8341,0.006831377090169918,3.940825907231371e-06,2.0555790092450558e-06,0.005116170105858368,0.0020306312819415484,0.9959173894788284,0.0017379343692624507,0.008863295138928211,9.650525733720646e-05
8342,0.015239036069964722,0.0008504406123869191,0.002593750991581553,6.409331436928502e-06,0.006832950597890112,0.011024538421113717,0.00011702485586548087,0.0016850743592680421,0.9913480372249002
8343,0.004553549073614199,0.006655947666570548,1.534903331937222e-05,1.4177943051147647e-06,0.013777115960819384,0.0011313230005951828,0.006388782893689196,0.98887555712872,0.0004939182730287324
8344,0.00012512464711387952,0.9834252954668028,0.008315094325397263,0.03318971086642226,0.00021013252410956887,7.634390198380844e-05,0.0015807533166626937,2.6825911505348706e-05,0.015251289494163657
8345,1.0451997843375292e-05,0.0011712198609771128,0.12507904634568837,0.0005876023520010941,0.5510756197088692,0.0010249393902699146,0.000169228564105922,0.08853653617088038,0.00017661613328469667
8346,4.0840527202695774e-05,0.0006636900371603974,0.16214190285692628,0.16183798581145198,3.7144805860000265e-06,0.005993109869167068,0.2826461252626175,2.204575699537652e-05,0.0007483346499347472
8347,6.21642299997536e-05,0.6884229820755063,0.26858137423964473,0.00047655601047792543,0.007161633956691363,7.096416087385694e-06,0.007271631872699202,0.001968219910967576,0.0021280144941768033
8348,0.002741653349951585,0.00010984246392552728,8.559513266227724e-05,5.368466986043421e-07,0.028300509972273864,0.0020112090119913627,0.000783989063600584,0.9982656465250326,0.0005632613871804177
8349,2.653122225977417e-05,0.21850182240948393,0.27915496137201146,0.0011499767885328346,0.00010822571011416098,1.680544632062803e-05,0.005718415007289971,0.0008444853141620694,0.4100822431704031
8350,2.1502585842703717e-05,0.9196295007984567,0.0588436434508759,0.04466059283234114,0.0003426162095074435,1.2555789569838165e-05,0.003361178515822725,0.00016330348120989334,0.008781054286257453
8351,9.732683300298663e-05,0.060234243510359275,0.0005598561590534088,8.600223527626862e-05,0.9825997538597171,0.006657068106328154,5.198402456338594e-06,0.018450620767315778,0.005367038401222399
8352,0.03376599017754941,0.00013150117875351092,0.0038270751073472093,7.550680447751192e-08,0.00037385142694388234,0.000594896164066348,0.1224730308340344,0.3160836937177977,0.32353804423648175
8353,0.0027804835079486604,1.0925914833536516e-06,2.257032923328376e-05,0.004133524488287259,0.0004197069879885053,0.9981280087266353,0.0014120463419780612,0.001342566536076588,0.000967752298033423
8354,0.003289416041258352,9.241767250788532e-07,0.00022589635510854048,0.0020575841283216765,0.00044102714935137353,0.9855272904306944,0.0014620246776261326,0.008473720182097771,0.00021761089605395478
8355,3.7441326291511255e-06,0.5548951848379041,0.14703179350847,0.20076425482801502,0.00016641502237490144,2.505530205993593e-05,0.0019526826911977103,0.0001426823290343676,0.0009533148967395815
8356,9.799297440993862e-05,0.00022215984635387404,0.33435107167005534,2.2329214984920432e-06,0.267772877551727,0.001108988074986154,0.00019099280508175505,0.010595571729333269,0.1709176877713814
8357,2.9632889150618556e-06,0.958410912408714,0.06176714065319145,0.0060675085478791016,0.0022009880719373164,1.599631109755273e-05,0.005244537659510105,0.002055822184370021,0.00021434113616710976
8358,0.10791172586653311,4.266721321745098e-05,0.00023515094622793796,3.4856451387405807e-07,0.003128187173737214,0.0037766788681552806,0.024159294496595908,0.8018187809009386,0.06388299026965495
8359,0.045926143017196136,7.539864394865865e-05,6.309341803861661e-05,1.2334898572491195e-07,0.0009911327464086636,0.029003561238206757,0.004841709617017915,0.5066986344086745,0.6271093548730782
8360,7.311472918053642e-05,0.3378702886588073,0.30804929590616037,0.0019910966396071493,4.754018068930683e-05,9.174905033992855e-05,0.11006770855603468,0.0006135867874994285,0.0007131811793207114
8361,0.3508562982795012,0.0006234355695891319,6.400898984090178e-05,1.726211357891812e-07,0.002973277863694577,0.03198544912019938,0.0028499071239140683,0.058412194156989845,0.6363072800480188
8362,0.0013462710270628429,1.1361304537076184e-07,4.194353579311595e-05,0.0010465753729391699,0.0009141674637787657,0.845368606309584,0.006597728759551562,0.40757066866710545,0.0019043968094780085
8363,6.0752436038829825e-06,0.12872867689612255,0.8484742188265396,0.02260428850332692,0.00017751416722296807,9.773265317274653e-06,0.026354936474706728,0.0006009776827905238,0.00043166346493896904
8364,6.6909775577292545e-06,0.6728355888279226,0.1701259489566919,0.08957814291791286,0.0014552752955258577,1.0588537711845494e-05,0.0025547775931319926,0.0010743718248449313,8.397785455445218e-05
8365,0.0019418108718287101,1.7111137532337562e-07,9.249204259821827e-05,0.006895684249929278,0.00018689649758998718,0.9976158275116914,0.002768621081021224,0.003514140309710477,0.00019235080474842872
8366,1.3535015841088776e-05,0.7014263102360437,0.13963665062634298,0.14510995039555508,0.0005514138048820515,9.509015859622053e-06,0.0038009480438355144,0.0005097053195316336,0.00019702915829443167
8367,1.5953118643068413e-06,0.9452134090815874,0.04437086122758482,0.002244637931335655,0.022219564047094156,6.075082290330374e-06,0.004460598594237448,0.00455338308614951,0.00044726226836188325
8368,0.06212134939515177,0.0010736447886942682,0.0020772265894881303,2.1896856926939497e-06,0.004994209273472325,0.008793900613494176,0.00026310076518146127,0.002306429318508105,0.9695283469493347
8369,0.00017282949275778897,0.9466708829339758,0.024987205580231715,0.03132788376303784,8.232934750245649e-05,3.080432655144395e-05,0.002705645928386168,6.45877150486112e-05,0.010503907164024719
8370,0.0001506576498348046,0.0001813744938574268,0.00020753033918665718,0.09724353684596776,2.9631768925702936e-06,0.5133586554402636,0.07538145156280947,0.0004394026604788301,1.9509049029555368e-05
8371,0.0017614162831137783,5.86200257739706e-07,2.5173439672705952e-05,0.00628788330893577,0.0001858403742856186,0.9979461026520318,0.00231248880437635,0.0017197091104101446,0.0005528763552697712
8372,0.007911062889059257,0.0018489039663829733,2.7590941593878156e-05,3.945816070254711e-05,0.0058369505005837164,0.3091503239144391,0.0008368103837631419,0.1776631947087334,0.0004772243138718015
8373,0.07453712645812534,0.00042959240265753537,8.407669124301825e-06,5.601583456075985e-06,0.0040834757091757394,0.0023793216655873498,0.00323197383887888,0.9365035982760725,0.00849897483466003
8374,1.7081923683565465e-06,0.9854811267123561,0.01641879709402105,0.0018615981588588314,0.016573601236229918,7.638870011279777e-06,0.0032347508924724174,0.0038061024246188093,0.000531282904316969
8375,0.00037977699352911853,0.001207780095466954,0.016252523746190288,9.715767763478048e-07,0.6580779145052926,0.00150986370078585,1.929438469474062e-05,0.1038548327498136,0.6647655018534137
8376,4.56118684528714e-05,0.8233904179908312,0.1219829621033621,0.039925347803767275,0.00013959181013828412,1.943642906944658e-05,0.010320437470181828,4.659903047530927e-05,0.015687032942186124
8377,0.0001968409927904278,0.0007265949581125403,0.9488542794758567,0.00976022946890763,5.067620437193196e-06,3.651031327915176e-05,0.6927460914921512,0.00017125209784281284,0.011415755023822572
8378,0.001222842240853081,3.3449571697275133e-06,2.742226646557321e-06,0.006222320174781358,0.00031527978751633216,0.9987775127047389,0.0006511122045722929,0.0009560887998157238,0.0009522754672511843
8379,0.004623511615696917,0.001000552329237156,8.866753962229605e-06,1.3832297320268243e-07,0.08683198506955961,0.0015295207901621355,0.0012731377520679948,0.9990700430004232,0.0005760884253602746
8380,0.0027588799273221523,0.0003197677995528726,3.989130394248088e-06,0.00032863606566324686,0.004648003283128406,0.12082806366133741,0.0012591164928404408,0.2884319082244948,0.004528350849349441
8381,4.282705320884126e-05,0.6124687396933209,0.33464424312880375,0.015559225520339623,0.0008576464844046457,9.261886810428691e-06,0.08592911710742601,0.00022099290557937498,0.0003001941699424699
8382,0.002961242773094645,1.9326809603283964e-05,0.0017070645171795105,5.008400464042948e-07,0.010791483449486144,0.0005113679675043707,0.0012749810460201993,0.9853242836522809,0.026576367042200084
8383,0.03520019564447315,0.010684167311776524,0.007223505499575706,8.530495889623814e-05,4.942261964422284e-07,3.652347583825601e-05,0.9967397701972882,0.012500945661145789,0.008749174419004606
8384,0.3470413644886595,0.0012579491528549199,5.9792297695288935e-06,3.360634918085183e-05,0.00013339280460816156,0.10680728580444604,0.3195323279152151,0.00679760877000209,0.016021434916287262
8385,0.004272703047688175,5.081365997049124e-06,1.2325146498401124e-06,0.0043537594498534666,0.0008086327125948482,0.997240751423055,0.001847970002948331,0.006530757814714759,0.00015589018129983756
8386,0.0018388622663192112,0.9748372964819298,0.03475784075309603,0.003717432001505894,0.00023711279358549784,0.00022092132332812527,0.02228649619515464,6.517609327094867e-06,0.02752865849469669
8387,0.0032147376392859836,6.150100040499125e-06,1.4524911861950192e-06,0.0052428497040624186,0.00095660809946221,0.998708783557244,0.0009148333410013315,0.002526559817193601,0.00014277401716549586
8388,0.0010219686159654215,7.324217753187252e-07,9.792015561464181e-06,0.013558643056651951,0.0002067015875733299,0.9984892703486573,0.0004751829549756924,0.0020569410621494953,0.0003569729253474418
8389,3.166665354395495e-06,0.00011548060761498076,0.416047415438362,0.9756118775373096,1.0056226613288215e-05,0.0073528847979358785,0.0032503928270977336,3.834508346355048e-06,0.0006845257089833541
8390,2.096399801023108e-05,0.413082001027894,0.7119062241325481,0.03950418576760713,8.11008373977772e-05,2.7164371947150078e-05,0.020690246410838577,0.00012818018850696675,0.0006668756750733412
8391,0.010460796038798483,0.001045319807850937,9.025443941893942e-06,2.9073213408923087e-07,0.0659996280515718,0.0023958283981464932,0.005397513272392593,0.9974234978279712,0.000706031720985111
8392,0.25001515322043893,0.0031080761191814446,2.193229404555091e-06,2.861352579972664e-06,0.001468004114314718,0.06417775173851278,0.020345026955855782,0.1765999470229267,0.20436596216893482
8393,4.904524827220844e-06,0.6461654850544859,0.4767569325558672,0.004820554756179529,0.0008673427693659923,3.0964984104069316e-05,0.016382378933043597,0.0010944771866402078,0.0004347237246512986
8394,5.159636231250881e-05,0.006024628763955706,0.002223565231929476,0.0002806255874587074,0.9924943944448946,0.001120197595000612,4.529241476668147e-06,0.02357516397962725,0.004301865187367341
8395,5.271237072394593e-06,0.9863681459727832,0.011846467988230743,0.0246436998572752,0.0006545188537982577,3.3829898528543464e-05,0.0017218228781857058,0.00019645963752230652,0.0017533023829041695
8396,0.0019447585497238769,3.32440598163908e-06,2.1754133372126116e-06,0.008901828654993062,0.0006399856630805539,0.9987576376668439,0.0005613505367927799,0.00284995983222485,8.005262914165629e-05
8397,0.002575529968850963,0.00017529080365635087,3.5634694033691715e-07,0.0029616025250351076,0.0009758099489435584,0.9971666757826608,0.0022933388270922205,0.0005317255906386837,0.0004791232136053986
8398,0.2398289411355367,6.419275260801027e-05,0.00013063509811579951,1.3482940927277235e-06,0.0016514434259728434,0.008187852935816751,0.016015977657526752,0.8073266824925031,0.010560014570806226
8399,4.195457996521909e-06,0.1217584998232279,0.8005014732764097,0.060262962421847664,0.00046350126456250955,5.06098912436896e-06,0.0026724460969320784,0.0007798600414720335,0.0003492814191975038
8400,3.695659320763089e-06,0.7962642510333033,0.07184864071034654,0.08027650890142324,0.00019885814999241562,4.16757800052409e-05,0.0012375368181266452,8.209871635977845e-05,0.0035857322294350303
8401,0.0017918695651996503,1.1843983914680245e-07,0.00012691710432384608,0.0108351959497498,0.00019908022778798904,0.9978262146512872,0.0017552041369946084,0.001846944897450899,0.00027388108652044154
8402,0.001753598152659845,1.2855048373671887e-06,5.623371459026906e-06,0.008940836303986434,0.0002815255250392696,0.9976725162122785,0.0012193784039698607,0.0029789714658064854,0.000268934650566567
8403,6.398133762502792e-06,0.9880344436495345,0.007897203824771843,0.02242772851172868,0.00562085260256986,1.0789364501700932e-05,0.0015546255031324552,0.0006250243864987579,0.0005125793158364399
8404,0.013319047476842686,1.505216213849133e-06,2.2724757902131363e-06,0.0021200996885578946,0.00023863852431693644,0.9284493331873821,0.050322370719857894,0.035435794540199204,0.004692706064827595
8405,0.0473714050685122,0.00021175314791629205,0.00011472334616830804,1.8145943735394503e-07,0.0008217125182223251,0.010857382610091842,0.005896822606258748,0.6414217301560495,0.26493616013343074
8406,7.460408848059483e-05,0.008467372262709034,0.02950966179727987,4.339354040277639e-05,0.7569518037381455,0.0001582299763786409,3.502476625176555e-05,0.01832286766413216,0.05425694040446185
8407,6.578807058549464e-05,0.20286164734052445,0.5133310889544888,0.0003532048255417976,0.008732860317561679,2.206224773140371e-05,0.00927857861906047,0.0014733096030682786,0.0036530050563596318
8408,0.0001461904839730689,0.9052169660978184,0.008785757539957955,0.10291479778408663,0.00010799921750857646,1.812986355465169e-05,0.0017228523843000525,0.00014186942854783717,0.005991054822981752
8409,2.299755843300224e-05,0.8730041758049658,0.1520588341721046,0.007390302806881057,0.00015936768366870723,3.750932216211406e-05,0.054463919717961856,0.00047261112953034755,0.00019959112081079783
8410,0.022857778563691696,0.0009294804643826478,0.0015094456972725313,8.578368494690014e-07,0.006565359092123961,0.007065460066102206,0.00033851025507858064,0.013228384289348409,0.9798556680342828
8411,1.8509730034711785e-05,0.7465956111946704,0.36335318266015665,0.005056143394096472,0.0011446404337885634,1.761167024645484e-05,0.051036183841962485,0.0007993456834581597,0.00018296213618624886
8412,0.010747909678695019,0.0020342416098664143,3.430726631676334e-06,1.7089428397908564e-07,0.108052817049521,0.0022056488771806213,0.005338815473453435,0.9977239213736602,0.0006351667463171069
8413,0.003909191259359846,0.00014708785827563826,6.697238523362608e-05,7.261147652514686e-07,0.0301101908631691,0.00161263548486925,0.0010291508957858634,0.998615999010398,0.0005985841356700737
8414,0.0014696328590324344,4.2382261683742564e-07,2.482098540046445e-05,0.010404090613135424,0.000285225401320257,0.9988268305419427,0.0007137828210179908,0.0015680968453671198,0.0003527374067905963
8415,0.6651974776542685,0.005420016018394564,2.5363974493773095e-06,1.0367839426956865e-06,0.0008770227228039099,0.06284354421445898,0.01550406733264077,0.03330220345720966,0.18945563737568172
8416,7.882921412554767e-06,0.3364093623526109,0.6250045085401584,0.000833716832559571,0.007275052990489189,1.347964594638229e-05,0.02347047880208297,0.003949334390537912,0.00037931624497456845
8417,5.0060194192511184e-05,0.021734759735824057,0.004168269273114324,0.0002665494167829909,0.9796712024170426,0.0005092641356500089,1.6195249147187175e-05,0.01632311542096987,0.003010369856143455
8418,0.1306344781537589,0.00036871719286383874,8.876402393839017e-06,4.285588630386148e-06,0.0028429280982749743,0.002866432304354438,0.008989889652494146,0.8609327579324386,0.015761045863202004
8419,3.386393317327443e-05,0.681219642686079,0.2504738207545618,0.011052220301029758,0.00023931162043143304,1.6125898115347065e-05,0.06326186788484796,0.00038512077084240117,0.0002841516775915887
8420,3.897811273616771e-05,0.536085339118581,0.09143518099539782,0.0005171290859240866,0.0009049719443390503,3.472311299440061e-05,0.20866075880989468,0.008893923387191804,8.988223092491194e-05
8421,1.0368422892516793e-05,0.19347073045898394,0.6829069592917488,0.18573855557673508,0.00025113369875522524,4.63494096065992e-06,0.004976313367269632,0.0008326858479794732,0.00031994872096892743
8422,0.05620121968944899,5.691482739712413e-06,0.0014765520510949502,2.5348563681612717e-08,0.006993821267197485,0.005720066762376845,0.007458384659623847,0.7863868802606602,0.2537280461900711
8423,1.3727203406171607e-05,0.450541598830231,0.4083839466507589,0.0009676838728537348,0.0072886947022458536,1.710559817649666e-05,0.01726339082746848,0.0065200430921958,0.0004191901698211363
8424,3.427723403815423e-06,0.971888061338315,0.025905332492369666,0.008972245329397131,0.0013412970100834356,1.5788455742024314e-05,0.004811659897402348,0.00043094511821830777,0.0024729200105728668
8425,8.608273427676488e-06,0.48050474227031886,0.37967436212404804,0.15540899757239843,0.00041511120539584336,7.177800939245707e-06,0.003944084968435989,0.0005093985666577522,0.0001817558082042372
8426,0.5012289006602403,0.00012133651539097747,4.501451093249763e-05,1.4701332924698172e-06,0.0005375610160522836,0.03421015117412726,0.04572964374931202,0.3122671533989701,0.14075039579712417
8427,2.733091145562634e-05,0.036037968451345825,0.8757113368255665,2.1557369646511256e-05,0.018547214172662252,5.030079919212743e-05,0.004429847002072003,0.0004781998333962545,0.07487107024390396
8428,0.16309586708199972,0.0010936716323154598,1.3920735793934003e-05,1.4668564833158263e-07,0.001424527539649317,0.03135857516015721,0.0017800033508907052,0.3720847356627991,0.49952378724153396
8429,2.0874789569692976e-05,0.04502621247688778,0.9070536355937463,0.07386044555529432,0.00024793808324173323,7.387026693070097e-06,0.03775853260041814,0.00014374339178681325,0.0006400800744372254
8430,7.490825918608851e-06,0.09437772605000291,0.9433373631601935,4.129242330847305e-05,0.006310557929776698,1.5878447415345132e-05,0.01795474056185588,0.00039767336245277995,0.03843838773387334
8431,0.01053984030635284,1.563625849265568e-06,0.00015549680765782804,0.00047667653379326777,0.00018354270593854238,0.9259492440256258,0.009503063907548457,0.04058810572365493,0.001619385286475585
8432,6.184263566143435e-05,0.38660371285330314,0.7479267546012598,0.020379182370215253,5.342712753637233e-05,0.00012173303583473437,0.02986248662198073,1.948952838961507e-05,0.008361724562746666
8433,0.9081398508992503,0.0005027139516260741,0.00012549617949798929,2.9651109260733654e-07,0.0005024644062143249,0.004228669013905678,0.0601244179080197,0.00948898660298683,0.051626606090347284
8434,0.0026737987702546294,7.10186482788888e-06,9.356697065551108e-07,0.006200860736247473,0.0009604639879229054,0.9986608969992059,0.0005878067721680172,0.0026389513581695804,0.00014977134048711427
8435,0.0012689678472664735,2.7079719442942167e-07,4.7428146109597607e-05,0.009238219530041824,0.00016082282343657844,0.9980952158615595,0.00181214793345759,0.0027105588776954567,0.00014320900393581025
8436,2.4097006912331906e-05,0.5940613660059904,0.2282613074437081,0.10458513621409998,0.0005452735619047033,7.17051875559952e-06,0.003467020707370931,0.00020525838850323066,0.0027554197136353984
8437,0.970671849426017,0.0036692087892823836,2.8725198705846415e-06,4.7160390369238044e-07,0.0014508246469984573,0.03710373429396475,0.021165083466204257,0.0074187621067790185,0.05167445898819199
8438,2.9282562048353573e-05,0.1984864207415221,0.4594381454628637,0.0009014744132866001,0.005433312199660025,0.00011540164209395346,0.006525136711754213,0.0011073020724959885,0.0017137676524703713
8439,0.0006887248405731649,0.3752333039195695,0.018752116020740242,0.0002521164679667711,8.807806392066567e-05,0.000499447562873433,0.6276806757623684,0.0021203136755298694,0.00020667600366413062
8440,5.289249575027542e-05,0.07620878059594025,0.08917294440420857,0.00012469688784480585,0.00033493661824098134,0.00014352948004810962,0.42756307128410775,0.0608168470714033,3.5760177315742726e-05
8441,0.4339927915534641,0.006583668101259151,1.3393879998316005e-06,8.936460043031472e-07,0.005637335816019097,0.12106682869943317,0.01124429548877404,0.37421160675136,0.035780139036395736
8442,2.7799392872256934e-06,0.7287403982058688,0.2840506688350183,0.01613839018710996,0.00024006200089722214,1.1539119270506685e-05,0.001688572738172503,0.00030376182639217197,0.002761269387715865
8443,0.020303922202018244,0.0020573338178000978,0.006982369811328076,4.304395149761856e-06,0.009067227153634899,0.008931148403507557,8.782387022230787e-05,0.0010646235094224873,0.9930988626890985
8444,0.00179706416702588,3.3033562462221317e-06,6.175132595290089e-06,0.004782286188314071,0.0004256589064561619,0.9987582437264426,0.0010106946248020804,0.0006224452284406954,0.0013080233590233943
8445,0.07444402368423904,5.835155612460057e-05,0.0015510970271500897,2.814431252618576e-07,0.002232544222085429,0.0007326151023533538,0.48074728164052366,0.7837717003059347,0.010110036582935149
8446,0.018288844638834387,0.0001315785456308256,0.12702270798327775,4.078266306045297e-06,0.007403661185768552,0.0022289171257898737,0.0005407250033417216,0.0008734202468590166,0.9955606870261829
8447,0.0006486185022063893,1.5554863984241797e-07,0.0008863283862316054,0.00012042701811262471,0.0016295091465108136,0.7052402159067368,0.008005530176541403,0.5043169467319574,0.0002961046958921994
8448,4.197484003294861e-05,0.06417925829596974,0.6552104046158709,0.026598594694121288,0.00040967395400173855,1.2768268674151719e-05,0.04326329706071857,0.00066591313231059,0.0001456277616907714
8449,0.001115674436709132,3.2715834821729325e-06,2.9070519631780827e-06,0.0053053352689656835,0.00025390111821626193,0.99833420376641,0.001106520154422364,0.000829536787972396,0.0011627372684472402
8450,0.10125167062712075,0.0002097852051404957,1.8537212976566933e-05,1.487181537870558e-06,0.004712418236740157,0.005145292021534666,0.009260368146017686,0.9288271147072167,0.018130081732610322
8451,0.002382439899525928,6.365340252544983e-06,3.3022036600353654e-06,0.0032689210858560117,0.0007378162311591889,0.9987360443559545,0.0006976982439481557,0.0007549833216181854,0.001798594495501937
8452,0.7048656635398816,0.0002607413586289898,0.0004579882723139057,2.6323035074878105e-07,0.0023109363323231286,0.007423966703095212,0.004243976643286098,0.004013298188099646,0.6166513775515121
8453,0.016623764402826043,0.0007616174686994036,0.03185426883376189,3.1959040995686178e-06,0.008661553180438073,0.003931628448229676,0.0003711642259087076,0.0005176427236691718,0.9974498575827724
8454,0.0014422581943001232,8.407850314028159e-07,1.0299885597225042e-05,0.011295526290414437,0.0003217939850152574,0.9986828189971549,0.0005029477458942104,0.0018728786169628598,0.0003616194109502629
8455,0.00013692774550689034,0.3874922297858543,0.11862183583911275,0.02281421188693768,3.8357120664940034e-05,0.0003904786932747243,0.11544415657667634,2.2148015614598507e-05,0.019029785941833587
8456,7.3028890643351906e-06,0.3177351898596722,0.7798224423907085,0.02896612955652323,8.553263105949346e-05,1.6480093870585436e-05,0.027629382268871617,0.0003548734265642753,0.000521248606624442
8457,0.0014068708944747234,4.452034658007356e-06,1.6428918612962978e-06,0.00938297239185529,0.0005830365764663883,0.9988673480709208,0.00029692065771906107,0.0010929693918651083,0.0005073343098820714
8458,1.0858316295669243e-05,0.9379275211277961,0.034168306174023354,0.06858998418107692,0.00033033759110143775,4.545398915213088e-05,0.0019451300516653083,0.00011695083658695434,0.001594928148616679
8459,0.0029225063973490318,8.684827599150453e-06,9.16933415603954e-07,0.005327278997107562,0.0010559021513113275,0.9987446476629099,0.0008910724493470702,0.0028157591141063374,6.831297201114556e-05
8460,0.001684176195204553,5.226054971680085e-07,3.7431793215752353e-05,0.011176656029533168,0.0004180538028681789,0.9979989742702862,0.0007228739603816547,0.001000845306506717,0.000824857520651347
8461,0.011174193133700718,0.00022995883031033025,9.957969012461558e-05,9.082904600849525e-07,0.007836293638473345,0.0009236408706050958,0.014975005262185337,0.9898788485066929,0.0022308806865900524
8462,0.00032997830467990395,0.9633595041791128,0.06668981388628717,0.004188663787011248,8.515501194778615e-05,0.00032135834064116783,0.0059889129508022615,3.750077079635718e-06,0.12732086667341472
8463,0.00022951133254621559,0.009716702027814526,0.19164200658684083,0.00018810948450807924,0.00013748797432876138,0.006684249340809002,0.003007621885784094,0.00022969956388996362,0.28077093941745995
8464,0.10221180344786367,0.0005620111337858802,5.812071710115873e-06,2.1970364666778803e-06,0.008201871547498286,0.003763430382152372,0.005654619521103992,0.9315092280398071,0.011301738244218158
8465,5.9234955450633645e-05,0.13034375437706144,0.002132812837927453,0.000138467100140328,0.9516062875897879,0.0003525595661695152,2.912260075269662e-05,0.014304335151492929,0.0035188112148264437
8466,0.004671485201198935,7.358771404307469e-06,1.0375125813079808e-06,0.002534105695211908,0.0003528361766476191,0.9949238939647103,0.004253484716511596,0.0032444748849143994,0.005113107496088375
8467,3.170330112418296e-06,0.7704751972440341,0.26678958088047605,0.016450406217518088,0.0002125850767475885,1.1930191015445781e-05,0.0023851109659455173,0.00036091844746668274,0.002143334047053619
8468,0.014541957183050914,2.2312494263207307e-05,1.725706482854904e-07,0.001855422241141524,0.0003206584077617331,0.9828871677575762,0.005846585336257651,0.016099392894466342,0.03485600764674994
8469,5.312861283387069e-06,0.7433882180866394,0.2591215685985806,0.0012082549455511486,0.014081977978162092,5.97362904725028e-06,0.009979025443031975,0.012426125216645533,0.00011031709225250058
8470,1.4657221877641647e-05,0.8054575977318279,0.21806766757793128,0.04175341063692522,0.00022869515757925109,2.481468362474743e-05,0.004858787593143345,7.4096606747067e-05,0.0040691653666396705
8471,6.308233747213088e-06,0.14330892621153307,0.8369412190603953,0.08088812675507846,0.0003141915874823989,5.722925278480776e-06,0.00445586042706257,0.0005547658395436405,0.00020040547669690834
8472,4.740113425023032e-05,0.015032377983885754,0.0035974866537389102,0.0002881445309477313,0.984633313499605,0.00046850573371534946,1.0749391847242604e-05,0.018230177192629555,0.0035941072971056413
8473,5.0429565192363825e-06,0.9875141284392607,0.006373240869146463,0.018289637449133936,0.003982638641047273,1.9295288010799394e-05,0.001858649214958296,0.0006775615119985694,0.00030192228700080944
8474,4.715904760906874e-06,0.21696985708842123,0.6002870968336823,0.00023332738366036495,0.004239734335625256,7.023607358230057e-06,0.009975629114261322,0.005938817684253339,0.03087192645915376
8475,0.00015860294009481426,0.9732497236950057,0.01259363471875508,0.017906380071773722,0.00013091006404981236,0.0001252240593293578,0.003614254589077389,1.2559427299839563e-05,0.0868525101856002
8476,0.00928481134800443,2.621718037263048e-05,0.00015988102936029104,0.00010304324432612264,0.0008135834264290774,0.9674874606090257,0.002423654041635738,0.006607760664236188,0.0019618442844580673
8477,5.754385254201922e-06,0.9686120011531845,0.03422906396427864,0.0018435141710751227,0.008897702025866617,1.4532316569074497e-05,0.014717075767296802,0.0008689591201245216,0.0013314511900649865
8478,8.919492504809039e-06,0.23136812430138845,0.7014474168855284,0.19277940194917934,0.0003490611209795939,8.198697236953223e-06,0.0035126349755269575,0.00047472798636894186,0.00013794497849588976
8479,0.0016512335992751826,2.9818389932856873e-07,5.771899390321341e-05,0.013593467214877128,5.291127913303596e-05,0.9820229734172303,0.010413317336128203,0.004040857016168029,0.0005866262717286337
8480,0.0002588010324298754,0.955962092740451,0.03839097087319186,0.0025194259034846335,8.189582196100765e-05,9.941707083605478e-06,0.01950010841721156,0.00012455047455373967,0.3581209838133211
8481,0.0027001055864496904,0.0054554036512206566,0.0029498654074672746,6.373387060837877e-05,0.17590040828396897,0.03462177345390041,0.00042570393406749716,0.00071043246394478,0.6820441370838765
8482,0.00019378127517404565,0.9943775169500917,0.0021305727695149494,0.0011667964498900524,0.0009064100093840062,9.082936149816127e-07,0.0012072578019807617,0.001589326760766534,0.2356276907980741
8483,0.004902029314264625,0.00014201855205693185,6.253726506912523e-05,5.349030401766131e-07,0.028811390909442052,0.0017522543031964076,0.0017724544621815373,0.9981451975282355,0.0008331992040102362
8484,1.046843366213611e-05,0.055085560445340374,0.8497474594883786,0.19380349719632214,0.00018240413711752463,1.0849071816249097e-05,0.005537577115277803,0.00048779159472603947,0.0003289969418366057
8485,8.127370755074105e-06,0.8825554856815452,0.13625329780457046,0.009404138531090808,0.00020663702678125882,5.29077850830095e-06,0.0027039222156481496,0.0005384477637794788,0.01621457076000867
8486,7.212911304179019e-05,0.004771091959397846,0.0018123959470793527,0.00021970782685502632,0.9950822953932442,0.001547119582101989,2.781914824364198e-06,0.024638260237905173,0.005011744778776936
8487,1.7452400751324288e-05,0.9495394795843002,0.04429579218238422,0.04604471319246069,0.002159146553230788,1.7567540414829355e-05,0.0019269600801362155,0.0002448369350923274,0.0008647519104023009
8488,0.23913682320734658,0.0013581739978029024,0.00040913769586088834,0.00010777145520561017,5.872550356748195e-06,0.0031190842619720554,0.9264020042256592,0.003531267290348139,0.001194918409589753
8489,0.01330870880549642,1.7962028895629996e-07,0.05686055856973294,3.801312684952236e-07,0.000540703430317633,0.028896906671604296,0.05426182963427363,0.699336158390479,0.032779105295418796
8490,0.0021736424416909277,1.92029500325363e-05,4.818471846738765e-07,0.005584732332841153,0.0009054415107789963,0.9991202247300539,0.00036922675197840295,0.0014747052249775101,0.0003303104980371612
8491,1.9890132490113325e-06,0.6985368303223164,0.07416650161795917,0.06936931201502959,0.00018958851507497668,5.2731697211004046e-05,0.0009708968672012484,8.955423267472002e-05,0.0029431766381097036
8492,0.00014830346154132794,8.884894573787678e-05,0.0023704442108728485,0.2089691698884953,7.656232461535023e-07,0.14500969446942022,0.2665819722868545,0.00030733824229149355,4.332930958175348e-05
8493,0.007787425664968621,3.731537059256964e-05,3.117345128646407e-07,0.005917345382573124,0.0006819762872375996,0.9484853518832927,0.0016100394761083263,0.004979361252345281,0.12452022664884677
8494,0.037569355650106835,7.4904916171718826e-06,0.002506419273858535,1.396053937742753e-07,0.0006524343700691429,0.006118314376932709,0.011115337715433798,0.845945087081715,0.14332618959932267
8495,2.334123878998037e-06,0.02613217351256053,0.9664760856937971,0.021839008132612796,3.490761825153691e-05,9.467133938520049e-06,0.012347456633666999,0.000248998007924545,0.0013155717194982045
8496,0.024725635325914094,1.1482087168315946e-05,0.0001826541531739193,1.332792112183238e-06,0.031738810347307474,0.0007335690779032683,0.004680374910691708,0.987773696689427,0.009074674344486805
8497,7.810167776973173e-06,0.0018469021553888698,0.051534140104790564,0.7312475624506861,4.014809992824483e-06,0.025833982371153766,0.04265043949818672,1.3789129092894525e-06,0.0031032003749234447
8498,0.012151812146149256,0.0007513255038764275,8.869165503313908e-06,1.7252626630752112e-06,0.054270855968542586,0.0014065051317355257,0.0008742713455400767,0.9975914816830839,0.0010070536008150097
8499,0.0006182323158607135,0.9574984704224738,0.011882821092214862,0.0203292695718401,0.0001144830019477498,4.5093740424245745e-06,0.0038437015347674445,0.00037148538253654244,0.032997122358253195
8500,0.002530398957030944,1.1530798870490624e-05,6.726856220270948e-07,0.00533450021318322,0.0011798394518900649,0.9990243396217234,0.000487737015093934,0.0016602761546383347,0.0001796439231764007
8501,0.010943181035448096,0.0008340039004763067,5.6816011594768326e-06,4.20479102226398e-07,0.10842081826650149,0.0008206608500215736,0.0020861479008356773,0.9984647027625027,0.0010343772737673737
8502,0.0022342752724720163,1.0939523070512073e-05,6.2397860969505365e-06,0.004048963743574263,0.0010206562416769716,0.9981237809819086,0.00047597671624262356,0.00056318480359922,0.002150601326411506
8503,0.0010999666885220024,2.0931797983522343e-07,3.098879056391524e-05,0.01883741716108032,0.000220411450413183,0.9983305152787176,0.0005149605286623765,0.0024861062723901596,0.00016720745892856139
8504,3.7985606520006746e-06,0.29665437834102276,0.6751260073903188,0.004176451323897358,0.01581281218123802,4.256750984316295e-06,0.01995622908254878,0.008965089539726804,4.5857424992775786e-05
8505,2.743051969690747e-06,0.5444949019808623,0.48868906529928885,0.00856937154544943,0.003007392054335016,6.9114373606050556e-06,0.01196169417855949,0.0060153571524077755,7.571322535818716e-05
8506,0.0036398618755298885,0.008858876196985863,0.02564878252343861,6.378986792449746e-05,4.078179801014745e-07,0.0003695765630720554,0.995879007719977,0.0038667695666367444,0.0022912189375709486
8507,1.818459910484377e-05,0.530726923663312,0.014804060410551306,0.4289365515291542,7.802671815847938e-05,0.00288906079349471,0.0020651325358486115,2.545874359124351e-06,0.010535039989170407
8508,0.0032287872389476996,2.719028882906948e-07,0.0002290030710182275,0.0034313795537036338,0.0003271060245531847,0.9958184065495522,0.002282664413593434,0.0022247785652273655,0.0004126929319664081
8509,7.920407403925314e-05,0.007012800240098461,0.22869011631760777,0.12713862012619156,2.455853944307136e-05,0.0018294396319132671,0.03683486402954,5.2993770674673207e-05,0.0018393161498274997
8510,7.659688749940204e-05,0.02217249403329484,0.8626012729501127,0.0017584860679383362,1.0457073234686089e-05,0.00016166501379132043,0.632064330936962,9.730154482644715e-05,0.003944081275890433
8511,3.336475577103991e-06,0.6726666770002548,0.01707598778800885,0.4676755798211654,0.0005082873244691332,8.541807801234856e-05,0.0010287762174213267,0.0001361835877975397,0.0001634142052380031
8512,0.003798849998180018,1.1905148642368541e-06,4.426724904363075e-06,0.013457354709564497,0.0007030190213931319,0.3253238240200482,0.0025693226149721203,0.41866799475733507,0.0009888995740276326
8513,5.820539530251454e-05,0.006385424648948348,0.002000364987366629,0.00031092018106315656,0.9931751566668472,0.0012043234241529731,3.317427544617594e-06,0.02866437470055038,0.0040953866026182985
8514,0.08767613273389292,0.03103632118815156,0.0001103613138367272,4.471027102782873e-06,0.00020825410317174006,0.001501869460062474,0.18862981816441818,0.06850919506664034,0.12337231042054271
8515,1.5675881988930137e-05,0.7054544992658978,0.21200622760047935,0.05285376094050067,0.0019241167470947515,6.842481175890034e-06,0.007066505959699575,0.0007178342113083237,9.77921899216118e-05
8516,0.0001885995873506236,0.1491879550742951,0.29833118964242744,0.0001455449940680738,0.012383274153051682,2.9078751750629837e-05,0.008790114208626052,0.003705643172796592,0.013281712284403986
8517,0.025969064875605172,1.4479317117477714e-05,1.5708407851442468e-07,0.0014828931440254206,0.0009664447279548693,0.9691228994781175,0.015166907457022165,0.03186202413881441,0.00853582938115639
8518,2.427977172052696e-05,0.35661759530287396,0.6791018383324032,0.04234999676812793,2.550148192110371e-05,5.106081463702361e-05,0.0353058970747582,4.771219296974485e-05,0.0024449718617724305
8519,9.965062017166631e-05,0.012030809852885058,0.0008962274629127718,0.00019337981486418346,0.9950899874079158,0.0014644204939285841,1.8245405980050104e-06,0.02078457484988486,0.005792564500278775
8520,1.2155065042316465e-06,0.7968142077531795,0.09236857923916589,0.004454018304184721,0.03332958476449291,2.80402195989701e-06,0.003483370758145705,0.005631164484469534,0.0003534243207561408
8521,0.11160604224902036,2.485231852947382e-05,0.00035604385514020984,6.850950863339565e-07,0.002115921996744339,0.004857547846598909,0.04425504259264124,0.8426633119721825,0.03393214628045054
8522,3.0023594357917995e-05,0.6082077015970835,0.27779784282916015,0.04026400739824891,0.0036379891004490895,1.012726466003108e-05,0.009494378037246004,0.00041998160188105914,0.00010301565783917628
8523,0.0007527616827112517,0.06573931009559233,0.06327216169555953,0.0001701426203327882,7.686978870270626e-06,0.0002764959755129982,0.7478833066455075,0.0034162349890294566,0.00032851703074506287
8524,0.057929981116789445,0.00010970490004211644,6.201790650106646e-05,1.4829692009427387e-06,0.0022462953365398955,0.022115964999863805,0.0065704200222752715,0.8734676409111334,0.0180125395446399
8525,0.008394597194560226,0.0004932667189141803,1.6719056814459364e-05,2.0912000801830355e-07,0.04340515224218196,0.002111583017476566,0.00330170484065316,0.99793848477393,0.0011658898615337682
8526,0.003910062230564261,6.087706802151453e-06,9.59693644340293e-06,0.0015164007158799558,0.0006393196870439742,0.9967093029725516,0.0011187367852157305,0.002254873967321433,0.0015324950089238057
8527,2.1148848156961446e-06,0.658807037852856,0.18190402932506977,0.019193298421997438,0.007959967062803362,3.038787469444056e-06,0.0035530788642637325,0.004529718964858054,0.00016993157745390014
8528,5.3640639676040805e-06,0.32498495548530826,0.4506466622425569,0.19851138042357616,0.00026490208824614945,8.301472903825033e-06,0.003903014230268611,0.00044320774302090824,0.00022073749911680814
8529,0.003438561142507669,1.8125401233209314e-06,4.163103948355927e-06,0.0033792712235391565,0.0004683347741175126,0.9971522322871591,0.004681321300150713,0.0037572857600756925,0.00028225115374704815
8530,0.00021175090937235958,0.9183084469728948,0.04572057755643861,0.004388127102330607,6.46660040714426e-05,2.9657964289663067e-05,0.01794031672938749,6.0245517094290214e-05,0.3957941650235416
8531,3.2611095369425633e-06,0.0834212180203998,0.7452225690852726,0.37051534762094557,0.00013214434275604737,1.2518542231839162e-05,0.0020266032032257597,0.0003338963449282183,0.00020454473756430244
8532,0.0072099965848412126,0.00048729773403010214,0.0022048368473953552,1.1734692926497188e-06,0.0038256454231861262,0.001706450313268662,0.0042782657089910844,0.21453971495668006,0.3975233418506779
8533,0.002159535403670483,2.6913224259665763e-06,8.273935900945533e-06,0.004920410227949994,0.000654982415372007,0.9988111806689527,0.0005949346044243353,0.0009840694663960506,0.0009499312139786519
8534,5.4258238061469085e-05,0.02519557978028282,0.01165122582885377,6.88844757231301e-05,0.4054677749459293,0.007900942263134383,1.6209351437916752e-05,0.00446212278558999,0.01568362714168185
8535,0.07842893460029737,8.66107936864555e-05,0.0002601929045642151,5.366139473998369e-07,0.00020376434281737155,0.04126319129463632,0.16963871241035505,0.05176851365283456,0.45195883372039025
8536,0.07963119908241803,2.569857105869443e-06,0.010101961074022933,1.4522953132294111e-06,0.001894544130020914,0.011166599560280242,0.0029177326518817375,0.13498808610041155,0.6372058882314459
8537,2.7370429831898363e-05,0.17364693989366914,0.12721525092344357,0.0010149937898262398,0.0004500008511939928,5.326070612046287e-05,0.0009647430478649303,0.001391566478621977,0.2973951017664472
8538,0.0036885628025203157,6.997063024665871e-06,1.4654530997301064e-06,0.0032539024956326225,0.0006871605067738304,0.9981508792844793,0.001787291620786528,0.0016319669453630228,0.0009678728014943734
8539,0.10152513721148589,4.122009990474147e-05,8.451774580387851e-05,7.433950061483292e-07,0.0036270132881363747,0.010208687536590872,0.011874935771445393,0.9076772087326617,0.041986299059096656
8540,4.474139349203525e-06,0.6248514521039515,0.3893888586885368,0.0014073623168287105,0.017951528216047317,6.76992408046041e-06,0.010479164968406318,0.013853285820898049,7.276092744429957e-05
8541,0.0013741286041066086,6.001736135171821e-06,1.5581764742921471e-06,0.00879930890189825,0.0005067088714248316,0.9990483619350286,0.000244792566231903,0.001080111376881638,0.0007876611642196261
8542,9.482854171089288e-06,0.5561571892198894,0.6012669401873425,0.009167284655209254,0.0003279591241427288,1.2165983391345073e-05,0.019546708492787338,0.000740585021130447,0.0003259326838928579
8543,0.017919035421673193,2.439505226312109e-07,0.05465427420166085,7.553742165009254e-06,0.0007726374770656274,0.024728682377518046,0.00977445994881042,0.14212627887443732,0.41037063836590904
8544,1.8702288630830491e-06,0.059893901254309934,0.8996672348723037,0.05963459337883002,0.00016457160841374635,5.2840724092901225e-06,0.001679114001029097,0.0014244367613943042,0.0005055278601334873
8545,0.0009543907022040699,3.708125144345375e-05,0.0005594770285159074,1.2809801149945777e-07,0.030864646843939067,0.003231410948676585,0.00037023224057336685,0.9887402735725833,0.003365131820660565
8546,0.02683134764856268,0.027002888266718487,5.878135217150254e-05,0.0006796144388463346,1.1173354994467692e-06,0.0020545718636133213,0.9896885082928252,0.0003384302840044808,0.0023641622106304835
8547,2.261066709037084e-06,0.38065299481618997,0.6314325750788112,0.014147152224705587,0.00026069999461202884,9.686213247302173e-06,0.0009917288502065936,0.000211675548770101,0.005169748602512116
8548,0.33165517189786126,0.0003642255683377726,0.0003093345994302251,1.7788981402301893e-06,0.0001137368182772423,0.006205020895202701,0.5063095400218818,0.12913977397392898,0.040706183472985685
8549,2.1156730992708225e-06,0.05273770676712309,0.8085956009467048,0.3045452923629848,8.580578377041948e-05,1.1314565200925083e-05,0.0017926549645306275,0.00036121729773964744,0.0002909732415570107
8550,0.013951198036223592,4.41104056399123e-06,0.013269666262139438,6.993387766770615e-08,0.00203055939755786,0.0008819431034904042,0.02663779916579003,0.9069947909098257,0.07205492466901454
8551,0.0020055722896060403,3.928255299330359e-06,1.8324832033967921e-06,0.008921291230320294,0.0007361855426145842,0.9987217208182364,0.00038078908211926037,0.0015721237909217063,0.0002777686147084498
8552,0.008751057868239438,3.2400712747226095e-05,0.00020642837304659617,2.9085774140539903e-07,0.0028841422440120073,0.0011469104080361965,0.0018142363458621034,0.9907971284313798,0.011283076579240424
8553,7.322330279917096e-06,0.8373818574742784,0.0987132544641635,0.014295831815546065,0.009177841500355477,6.918376725014859e-06,0.0057723282713109895,0.0019026447308363918,0.00014696133237492988
8554,3.558318853485806e-05,0.15329892387612434,0.6148031027298834,0.0005299025349071985,0.0022931912231809208,1.0396074950444065e-05,0.1563049619563023,0.008422191428220257,0.0012062050521177128
8555,1.279012625850561e-05,0.003757960566769463,0.025399525755916346,0.6614913241208428,7.345031239687068e-06,0.034868476306729825,0.009500156725345611,3.065822475750374e-05,0.00016712860883618183
8556,0.004484613463610436,6.084263022089572e-06,0.0012806097889309562,0.00013155608944792556,0.0011718867738060234,0.5272691122159006,0.0008368095241172086,0.0014782797849135477,0.4414880955640949
8557,0.0012705408115676721,0.007405030005031389,0.02775169242592294,6.2766904222586845e-06,0.00010346583237507358,5.742377539838237e-05,0.9103300704980108,0.4979991093720623,0.00013343474418326884
8558,3.0006999849750747e-05,0.24464669736150388,0.6039938377987346,0.06393878088539913,0.002045622353797172,7.723338763428852e-06,0.009186565251535023,0.0002870033870711825,0.00018453373170013098
8559,1.127069660904627e-05,0.9873453263835763,0.00893435968665486,0.03459417426102617,0.001637174812213422,2.5548771478019363e-05,0.0021515761862758893,0.00020946600778026588,0.0009177105441547886
8560,4.250126642031874e-05,0.04894680489161445,0.6184925173851444,0.04223717765299337,0.0038539486693215863,2.6062088450914635e-05,0.0028317873756152053,0.00044514077386711114,0.00029667925394044435
8561,0.03568624254358403,4.937564842777151e-06,0.0042850516829244,2.2444387732339458e-07,0.0022984615597841335,0.004579096872916556,0.004402127486406953,0.6176218697867679,0.46148360067340627
8562,7.885833230502983e-05,0.9408810668293611,0.11548089885605738,0.008310186939490741,0.00017338571695181513,0.00039546002113271297,0.007599637476802122,1.1696777267239005e-05,0.022374325648713552
8563,1.0042608450471515e-05,0.3696680696641495,0.5638326655798329,0.08992297368928247,0.0003445348392060319,6.617431215033238e-06,0.011499873201602616,0.0004838346663153328,0.00019425994537704917
8564,0.007881971245784993,0.004925494968376537,1.2841405807195803e-06,3.960243116008018e-07,0.17581829893550063,0.002394048628948264,0.0021271464539999326,0.9983882566619348,0.0002266202905862469
8565,1.0277966231557684e-05,0.5272641718986923,0.3160894331737837,0.07398781191007667,0.0012438127040599238,5.162420775227889e-06,0.006909078248207023,0.0008979492957696078,0.00015334617492583367
8566,0.1257138435518605,2.867167751866902e-06,0.004714902528153829,3.1167816837878045e-07,0.0009696903140755846,0.013083612034466152,0.008927777712601425,0.2414732928004842,0.6306691049736488
8567,0.34163792275007343,0.13380871475179154,0.0002064068219319711,1.1980817732959551e-05,4.999011430461469e-05,0.0022091369302498836,0.43654683030391367,0.0015477566930432942,0.004626726689985314
8568,1.3395110434765688e-05,0.8454318036346977,0.11247234507902827,0.08075830684574954,0.0005667121954512383,1.0108968386727554e-05,0.004257622601351738,0.00014415588084377968,0.0014213301010761346
8569,0.00840221811339469,0.006291275288728053,0.016572402613524058,4.162062943201158e-05,2.622648957162267e-06,0.001278989013896697,0.9038361142428972,0.012992457661941416,0.001100282562185029
8570,0.0013258643077871278,1.565767860977001e-07,2.8339953845613755e-05,0.013885197032968817,9.289703192493377e-05,0.9946875018832642,0.001978890089833316,0.007280523753398201,0.0004765502704378071
8571,0.003775541762620231,0.002102673397373327,0.001976602645076192,0.0008793859704350523,3.596668183634695e-07,0.001358876405155976,0.9950838730425866,0.0013746387204729448,0.002082947576886704
8572,0.0018816978135047634,4.772888414059024e-06,1.0158307502207281e-05,0.009558942827303086,0.0013663199203285264,0.8972496121957027,0.0007616802518507974,0.0017784051519294808,0.2717712244970663
8573,0.0004818087321898043,0.6815951828005614,0.30034368933277483,0.0015234215202535875,0.00020872230266898932,0.00018866104143200856,0.22716873278656152,3.7877035059510474e-05,0.016720280284916844
8574,2.3197329182079692e-06,0.4646673590720558,0.5852235735442494,0.014326972969294598,0.00013845790388539227,9.214144044164517e-06,0.002839467338973311,0.0005086861270549018,0.00210135258397771
8575,0.0377253043463528,7.26172790098474e-05,9.524921953437247e-05,4.113265603810366e-07,0.0011573171916824379,0.0021047929743410443,0.004857113665260978,0.9474099416953254,0.02827050408137643
8576,0.0023929074905075756,2.8823755927138236e-06,7.657848624701858e-06,0.003937501585188987,0.0006308936336792709,0.9987756146641501,0.00078942478990495,0.0010286025978510733,0.0009012850399028624
8577,0.001068120795356386,3.905479011419324e-07,1.5048155523068952e-05,0.01800584703403257,0.00023066279275770382,0.9982858387438927,0.0004255168387719998,0.0023606867035858244,0.00021931211537690043
8578,0.07841864296475738,0.0028202418224094745,0.0002556623351356171,4.135066240120885e-06,0.00018776788115795648,0.0018960800802969634,0.4934109647219603,0.3936999520948238,0.007122755523659073
8579,0.0018432890194620766,8.279547357000694e-07,7.610840379547507e-06,0.008634900543204269,0.0003469929491846067,0.9977009708709356,0.0009342664384755143,0.0017423476792486677,0.0008145932246067975
8580,9.748171035083154e-06,0.9805309574813956,0.019319836422136347,0.008319541837229728,0.003282764129846395,1.4602066771223384e-05,0.001661331956396999,0.0003367246802847113,0.0014212479661710265
8581,1.659429305344511e-05,0.2794677809080305,0.7611580092265064,0.023389581766115695,4.7125451319428166e-05,2.7324846837263414e-05,0.06543711741584092,9.183095463750883e-05,0.001454579983063108
8582,0.010905951405807222,0.007838411259979694,0.006087548082971983,5.2893615990215806e-06,0.010124708480428879,0.0035652695098713156,8.711978710005e-05,0.001365297755675919,0.9924270115346157
8583,3.243723961160484e-05,0.01528837911374353,0.007705246689521633,0.00040207715936409465,0.9748372963833856,0.000332304153593908,2.4713212259418045e-05,0.017245631192476577,0.0024490764223564355
8584,0.0011231421261576025,4.664892791371633e-07,1.3587405906747683e-05,0.017956371625697687,0.00020767684375756052,0.9981228320162808,0.00049815314133478,0.0030007154559731,0.00017654115942163199
8585,1.3473205081940479e-05,0.610824742124155,0.2114830602677989,0.11395687831558539,0.00022742733780244738,8.576158891820422e-06,0.004862518714381361,0.00013383253230375372,0.004224550725784659
8586,0.0009048960726312837,0.00021855477219860417,0.001829823072952742,0.001051230715207401,7.000858941707134e-06,0.12482704060216857,0.7067135906486082,0.0019010139610657,0.00013332144876917115
8587,0.005192108581084666,0.00040360890500373635,2.6591295947979053e-08,0.0020658783675258493,0.017624967177632254,0.8065138147848417,0.0010258225273053541,0.5179727063301629,3.3049398557107004e-05
8588,7.81543189906422e-05,0.9562190520522469,0.04407411123523488,0.018841805532416763,0.00016385532518374714,0.00022124330436322625,0.004116565769812989,1.1932828085447003e-05,0.03260532307668975
8589,0.016150803333162947,1.2407341621340778e-06,0.002929086016608077,1.7189829996541972e-07,0.001223089322748338,0.005083736808803363,0.008666565481171656,0.9533716843567683,0.1029860739343205
8590,0.00038616120421188036,0.0001522591229117564,0.9148761890134824,5.924758572074284e-06,0.002051029474181391,3.918356263707321e-05,0.005447443952705071,0.00514678173571822,0.9473586745779643
8591,3.6789000514263636e-05,0.0013746166363302853,0.004942050068323829,0.00033850929165555406,0.9921575677211865,0.00196706951719596,3.6097728150060282e-06,0.04316339701507063,0.0023542182425862574
8592,0.008038771306908455,0.0017627712006740824,4.914308536822265e-06,4.580503215517143e-07,0.07267602894393325,0.0026530137972834195,0.0012930059865489936,0.9984614718279412,0.00047320538519402753
8593,0.6831522378362862,8.115065521329484e-06,0.001139985048015891,8.006366724479817e-07,0.004192423700974104,0.0011737700834549935,0.07502805442772238,0.5472292187320604,0.0012892040272529655
8594,0.0027559542175244712,6.687447422462766e-05,1.309511022393725e-07,0.002779531906461975,0.0016561854473295748,0.9990584574823728,0.0004699999409750097,0.0007280377189250822,0.0013081859006322642
8595,0.1982570475497654,5.006705324728436e-05,5.277305152118142e-06,0.00015338861275692337,0.00012097724102539751,0.29719990762542325,0.14432567437285834,0.01442012905291974,0.019962112330701245
8596,1.2133788296412539e-05,0.004703390629849274,0.1782177348476192,0.8950245760024724,1.302233696709154e-05,0.005099248406497234,0.006189706736642406,2.3058995165109296e-06,0.0040793776906389734
8597,1.2601359585318422e-05,0.8857378593505417,0.0883120972836354,0.0002038806574719623,0.05058687602355378,6.643572190527026e-06,0.0014114266143785202,0.0017250554893080345,0.005030432721425368
8598,6.088581805298824e-06,0.8289860197738104,0.13623182650228038,0.09565921544045684,7.101730989262361e-05,2.9620050140413652e-05,0.0068097386143053384,0.00014216357163283541,0.0007326285437308526
8599,0.00042228185720122416,5.142351102704087e-05,0.0017458309611314703,2.532469166298076e-07,0.038916692323900486,0.0017356784697974328,0.00015973897283549153,0.98095351863353,0.0036545114846925496
8600,0.016032231004675025,0.0016792419635799334,0.0034709336187687136,6.968742087517489e-06,0.014972279733609017,0.006711141528706265,3.322014779201296e-05,0.0015112841201810072,0.993540791926563
8601,0.08797934143014646,2.6552776218844174e-05,7.730463866431145e-05,2.8554706796597646e-06,0.001014752729733534,0.05027680413256403,0.019214967400377113,0.7263015481503294,0.04126953361946098
8602,0.00012761266640496806,0.9832130233484077,0.04184905573162677,0.00829050888783067,0.00018011113305866814,0.00011207338598872453,0.005394040829970645,1.113863042667943e-05,0.02394213262230828
8603,0.006487293696694882,0.0009002813210629465,9.050064306372013e-06,3.0105962786822984e-07,0.07518052491874457,0.003507497308974371,0.003873933499821887,0.99763902595331,0.00046380591869249704
8604,6.252269381905071e-05,0.5396527072835322,0.35243386225734585,0.0003632787232374233,0.007976678790490958,6.505099430960852e-06,0.01606097753575527,0.002415789079687888,0.002410741172727102
8605,3.629539015496926e-05,0.007703413660265233,0.0022676493138244582,0.0002566075966672817,0.9880423481889935,0.001199816231407405,6.029887196409704e-06,0.02826006237436761,0.0041564371508222425
8606,3.5306949065361006e-05,0.007048015321374915,0.0036037502551903907,0.00038866863029840673,0.9882550774676093,0.0008412421973548687,7.270938283190514e-06,0.022934774498329855,0.003050018766339631
8607,8.220582896343068e-05,0.5038559758896254,0.21809000292862396,0.0763684605488865,0.0005152527488408386,1.8864189057423582e-06,0.0012823384496566392,0.0005543227628346106,0.002451177172865881
8608,7.880680777597045e-06,0.3512002981783731,0.4977222855700516,0.030166794376520728,0.008719825428335548,4.852154622251981e-06,0.005927979431838996,0.00286363522239603,5.059751495633354e-05
8609,0.378317379448105,0.1818080314589964,4.3809365252303236e-05,1.2733534594998432e-05,0.00018766213079649563,0.005975912051728133,0.634928802050075,0.0019390618844554051,0.0008041235857928117
8610,0.0018514696854048194,0.00015909023344283234,0.0008169152309936874,0.00020844495046899654,0.003422078718591219,0.8765859720901005,0.00031338575578509104,0.0008988823842917752,0.02121751369795582
8611,6.588377016037889e-05,0.005884379792882404,0.0023216822473938075,0.00025706217944814917,0.993337718191661,0.0010295996283479596,4.253492230593726e-06,0.0206947605709843,0.00461412764759989
8612,4.880705967387709e-06,0.1363331523515268,0.7785894924982766,0.159214584195893,0.00010665105248055975,8.940482571797981e-06,0.003216447808195211,0.0005445495954332936,0.0003469230005716241
8613,0.00014398273233208556,0.8478380205976319,0.008207467537517556,0.1259075393122501,6.801169182581809e-05,0.00019443593899210317,0.0021461427988131295,1.518071900716218e-05,0.020141632522008297
8614,4.3499819299186706e-05,0.8430573530322594,0.1611043274204985,0.0007461148142443218,0.008805883814484326,9.104024899239456e-06,0.004754127399667776,0.0025421883567461824,0.0007772373576322288
8615,0.005566767033079135,6.199306507244e-05,0.0008428162981189449,9.449686742508666e-05,0.00126411694356761,0.8334679105020617,0.0013124659353815058,0.008127014729231432,0.0023170964093465756
8616,0.013924323586678732,1.0216294950405837e-06,7.324980706385429e-06,0.000744970546875918,0.00014416721324349063,0.8097539447246395,0.029242132070702646,0.08210393397980614,0.016408082731575156
8617,0.00012740198680064648,0.9684593615478226,0.009556352149673663,0.010981958263678013,0.01231871178589099,4.415610170495136e-06,0.014720191663121348,0.00034915098397646455,0.0027392983088537688
8618,0.13751538147531372,0.0006747253780711933,5.079453567558416e-06,3.1544792816529855e-06,0.005625915439870898,0.0041718173380873545,0.005651290779684137,0.8966259454522455,0.01290483022947099
8619,0.001534070435288412,2.115079228515203e-06,3.5342371136398697e-06,0.00970386745128235,0.0004008934251483361,0.9985881413461709,0.0004236542412409532,0.0016744357765577783,0.0005864331954922235
8620,0.034227546229528165,0.0001633952990444854,2.139176589417416e-05,2.383660715012467e-06,0.0032247229766253693,0.002246983414707739,0.001666974593646726,0.9619985194570103,0.009642126756237556
8621,4.023295857965637e-06,0.9689743691567732,0.03723667510356006,0.0006804414471027054,0.006774463103058579,3.1605956746642726e-05,0.00934548379696752,0.0008545719088964615,0.0025615642688131953
8622,5.2190160876181686e-05,0.9006757828214785,0.06776296771547907,0.023420704882844465,0.0026555416381607196,1.689686380763916e-05,0.014078692545150581,0.0003771425449681099,0.00012646665046794046
8623,0.00119762511334777,4.880792860642137e-07,1.8242403356103064e-05,0.015508095854758756,0.00022716368698648138,0.9985608286146246,0.0005163029624357792,0.0016630743294258983,0.00031100437001082106
8624,1.3767579483587089e-05,0.8161999614732569,0.18925362704894913,0.054739006648917427,0.00041678968609254154,1.9345860710220217e-05,0.004392791168377931,7.877794765317836e-05,0.002092317723785204
8625,8.608210184661219e-05,0.006644066469105783,0.0020523609043461843,0.00019167767589969628,0.993464024482015,0.0009000359674448574,3.583432538986773e-06,0.022194666759006415,0.00504307823743944
8626,0.029943123157165116,6.530712095280847e-05,8.070565000441121e-05,0.00023020143124162973,3.1437537273067586e-05,0.12419729161410215,0.3430492873214308,0.08398975592601374,0.006407920493452775
8627,5.216851167007625e-06,0.03449518067793173,0.9849701818607001,0.004566401900796388,7.798176893357206e-05,3.824360525853187e-06,0.004461046921989361,0.0009307099300028148,0.0019693968708064708
8628,3.577846197554373e-05,0.9769404607292665,0.01594683078480473,0.04704833102421125,0.004168760847400582,1.745511607158018e-05,0.0028379961581211114,0.0003417909509352952,0.00020630516162736164
8629,1.1341464659675158e-05,0.206832847696406,0.40624150741397286,0.25500644293825636,4.1429608147459616e-05,0.00010122813350569343,0.0062320704545806,5.609363784642659e-05,0.0007907699831651702
8630,5.856889174674896e-06,0.9965249128790871,0.0043551908267793985,0.005928255440283036,0.003647428101433991,1.9195982054642764e-05,0.0027765886492857627,0.0005477509107301337,0.0009148515797560528
8631,0.0008973367829480028,0.00012265978668590642,0.00012518099857379997,2.4284755507559305e-06,0.19561558036141513,0.010913008672310858,0.0012463438165223385,0.9765086102161523,1.627656174510217e-05
8632,0.04301090440227648,0.0002541908947210609,2.996819471524653e-06,9.942093167832927e-05,0.0018470908198311578,0.9041196476652248,0.0023487241737823786,0.027061148040597883,0.008976042726167628
8633,1.2636926923391367e-05,0.15377937448421064,0.8079332925357197,0.07315614444108036,0.00023470093041486151,8.806131666881355e-06,0.017733085349056515,0.0002994445156820586,0.00028076552501905204
8634,0.001218765779179387,6.781504716949436e-08,5.377601948042101e-05,0.034176870534726414,0.00017921496155058698,0.995028038395838,0.0005868961579766572,0.0043824561731366386,0.0003206007822773676
8635,0.007214682794119744,3.422881488285675e-05,0.00017671596218148504,1.1746391647824617e-07,0.020011727748046784,0.003515595353963782,0.003628481895585294,0.9939025608066818,0.006791040160050553
8636,8.669234556055308e-05,0.0911185571394275,0.06981542606122483,0.004484243455101348,0.02142257307806591,4.834176799468574e-05,0.0056381193407067836,0.005257640608167133,0.00020910498388260426
8637,1.1183178496500549e-05,0.9954888683754458,0.0044561981007262596,0.007040788401039219,0.008002808634426213,1.853723177556838e-05,0.0029030780890301907,0.00042303439734652485,0.0008526351103618675
8638,0.0016642898849480387,1.7210894561818522e-07,0.0007551950178453003,0.011575658816372701,0.0005073441414285406,0.9769682870700563,0.0012144121008151765,0.0026838141993654656,0.000689639359977909
8639,0.0011994438485905378,1.344839137860384e-06,1.8070752048506374e-05,0.007752409753908275,0.0001247913780411612,0.9967575122644726,0.002733143562777209,0.0011063447914821825,0.0005663754815240197
8640,0.19570769955801545,0.0001889719372774131,7.408284649884557e-05,1.2484418103647456e-07,0.0005238038075911923,0.0251217617834633,0.00784806186545418,0.1868549345901464,0.7457486443815816
8641,1.1429876619068087e-05,0.5629057866247882,0.28444907346154585,0.15201530412330685,0.0007822620385086514,1.1570639435104151e-05,0.0023389137275748265,0.0005384890032511298,0.00011078596212635739
8642,0.002621202436958183,6.463859232554847e-07,9.33995147668094e-05,0.0036112013234809127,0.0003261013162968442,0.9954954216393506,0.0016033448604967186,0.0033832412277367656,0.00036681381375872323
8643,2.7399476792766923e-05,0.002674996658117714,0.007902548135222934,0.0003566780119416543,0.9864836774510274,0.0010493357436109785,1.61807146656482e-05,0.02393068946992371,0.003207603453038951
8644,0.5091220470594849,0.00023762993001924805,5.678780517584641e-05,2.738755344457335e-06,0.00022879204735445834,0.05025669600712687,0.22050643753860544,0.12517693954774556,0.03209199591692952
8645,0.0001100818023326482,0.996021690802738,0.004904826707809756,0.002915038335548028,0.002843297740248498,3.8132953415415485e-05,0.008352829665899064,0.00033104086516076936,0.0030297527141700054
8646,9.192463169017843e-06,0.20460961889268464,0.6799481728647494,0.18433606800117885,0.00021122963442930413,6.591763378304458e-06,0.00552408276540786,0.0004710353360304031,0.000305762677523
8647,0.07005710092529566,0.0010004708342092536,0.0005772635712489904,7.87448269059294e-07,0.0027416128365539264,0.011386748050476594,0.0006436632266676601,0.013675001188100257,0.9388271409642182
8648,0.2537396373430356,9.760866139790932e-05,0.0021695429153958893,1.1111899151491197e-06,0.00017813873045472757,0.0006227173809746698,0.680681125665484,0.25451521304343433,0.00982939087212449
8649,0.002321204316856885,5.728328301294086e-06,9.99583145303672e-06,0.002655444302054417,0.000829887775789864,0.9966699764171405,0.0005795594107612347,0.004263641001895908,0.00035590370364605025
8650,0.3336257771982901,0.003829607773974047,0.00017667036615745708,5.411786411973589e-06,4.991950597028625e-05,0.0034248696642066685,0.2712008296573019,0.08427897155490567,0.013831628887959956
8651,2.2790965737252e-06,0.0421920780732831,0.9429370393391027,0.06055420316931443,0.00016310851677849058,6.528165550223435e-06,0.0014303867045612872,0.0006903423927399786,0.0004082573461283825
8652,9.686712699949404e-06,0.7527546445912253,0.5335626167578489,0.001199429339508224,0.00013276136035967798,4.746620304036472e-06,0.002139947294241391,0.0006143624369592895,0.011614897686064607
8653,1.2120521395718214e-05,0.9903494257565026,0.012147891661157468,0.013646025672644353,0.0006105167298091006,5.8412044608666515e-05,0.002303578786399601,0.0001081196731976689,0.0023700187274726357
8654,0.9368785725455647,0.04881283266413004,1.3213372109084182e-05,2.8468385646100472e-06,6.0827536611623475e-05,0.001287746280024471,0.6256051562687547,0.0019093394996164896,0.009232471332854996
8655,0.001974787742438661,0.0001210404270671558,0.0031378346808581675,0.00010179080130556667,0.005091191104561052,0.05502973099605363,7.440525098028995e-05,0.000585334397301601,0.9881292315379072
8656,5.579458288626278e-06,0.9685441367503883,0.037078304237384195,0.016259869736903115,0.0006522014184505032,1.5266188370717925e-05,0.0025226608452072327,0.0002683064372041869,0.0019130984083444128
8657,7.164948063516143e-06,0.7140168516881717,0.4422130949389536,0.00013149136155557508,0.013283674772365804,3.4085378003277284e-06,0.003023542653870789,0.0014300873904174228,0.006544335572249979
8658,1.3831987334265361e-05,0.5759737545777275,0.3509588321129732,0.031753559537814786,0.0015297638276524693,6.762991844806905e-06,0.0057991443474437404,0.0006969075204977501,0.00013459743980010044
8659,2.1582110193763563e-05,0.39537624959603385,0.48978848326500973,0.1281211341588001,0.0006961242561181394,7.340421685228802e-06,0.006072593572890189,0.0004514192550497387,0.0002065359734570355
8660,0.0019984435698203085,3.662320768478383e-06,4.822160636188421e-06,0.005585124437707917,0.000662068790908388,0.9989742684696765,0.0005582411468768982,0.0006547021002353745,0.0013419056518624163
8661,0.07206691154000747,0.012766252855588193,0.0011417664089824091,2.515122760227857e-05,0.018098990160937106,0.010549703383883266,0.00014285236344046575,0.00023071672838210716,0.9710158580785125
8662,0.002254262772922101,1.1148637229728083e-07,0.0002002454977855382,0.008684915953932486,0.00018021557262700927,0.9969617327764726,0.0022843347929673062,0.002590288306318883,0.0002388190745570279
8663,0.5101058570349254,0.0005063006589691003,0.00029875968983918675,1.7284446469981112e-06,0.000267390737004782,0.0016799439019186658,0.18274842015308365,0.16493005774604466,0.009059350712197139
8664,7.109695146159757e-06,0.32367049396141984,0.36378873146601354,0.15248394930779768,0.0002944526941967049,1.893857043961834e-05,0.0025277098256429867,0.0006146105492289902,0.00018560671694237892
8665,0.008405316720105914,1.1322130519980999e-05,0.00020006691445107705,0.00015499596683093186,0.0005162505116980028,0.9694584191627119,0.002802200664638991,0.010519433147620253,0.001103740391299285
8666,0.006076834209824443,2.0514809431443397e-06,1.6963932621479649e-06,0.006532462986604009,0.00024393557567250766,0.9838742385961878,0.0024535969148963875,0.02321719310805051,0.005449770049433986
8667,0.8466210507375844,0.00513163488997461,2.2638121330918375e-06,6.433942130186352e-07,0.0015322102858939856,0.04489319984004548,0.006600550017313409,0.026429611155903185,0.14013888413708617
8668,0.00447074098976923,0.000994309660591196,0.01575062298580781,2.851045488015424e-06,0.03353831046643439,0.003983136241086339,0.00012692462931478674,0.0019458551096150137,0.9934438976052066
8669,0.001420220415936667,3.5305422919388956e-08,0.00010593508178766688,0.03967727600721029,0.000319787084218415,0.9948685963623316,0.0006878874226289201,0.0024735407217781062,0.00021311399603531303
8670,3.1906308293947475e-05,0.6047620271012494,0.34197153108161993,0.0003521104564598889,0.011955413622585868,7.321051137848101e-06,0.011052087839742387,0.0031812806526712767,0.0009542483435729718
8671,2.9577732401579957e-05,0.8901327339707037,0.10318072466206751,0.0011050615009141468,0.008827991543701645,1.4657818517145557e-05,0.005116270331360228,0.002003242785927964,0.0004106112945054837
8672,0.0025291689240701243,3.1978695198599633e-06,6.733375996711722e-06,0.0038631099192128053,0.0006270466887123726,0.9989591088822212,0.0007831943222957314,0.0014405824383683465,0.0006808599479469603
8673,4.527197544459337e-05,0.9448106254950639,0.02704828804029188,0.001480536357147634,0.0034868932668935273,1.5076595719507765e-05,0.004963429151304949,0.0009044084040508879,0.015675952575823847
8674,0.004952644141717232,0.004855020625655394,1.8792425046769752e-05,9.063913306791267e-07,0.016947137925392694,0.0007827742593121456,0.006327620170315172,0.992158359932916,0.0005588510796748268
8675,7.360237496497634e-05,0.8206554808089995,0.08047428530066862,0.007248161029187218,0.0010500952295730338,2.371492234123705e-05,0.045075297095361073,0.0009559413632133047,6.967156913036777e-05
8676,0.0021905790093647596,1.819448035986905e-07,6.66459260715243e-05,0.008073498211844523,0.0002186936364278506,0.9972017991227041,0.002612505429475972,0.003252479944061163,0.0002038092835255423
8677,0.006338372958854164,1.7739651601190894e-06,0.00022698955193989928,0.00024591251818290776,0.00016032810822081233,0.9417632366283323,0.013792927329671495,0.02730486432327417,0.0009148365381249903
8678,0.0012530778570365494,1.5191339091425047e-06,6.447226724822812e-06,0.008282671649245102,0.00032141769390420965,0.9988661376063329,0.0005921271362360838,0.0009137851150379803,0.000706817752135284
8679,0.0012839906697227758,4.563997893147768e-08,7.418780274924366e-05,0.03405260079701671,0.00020724549396611204,0.9952455198542276,0.0006463783406620235,0.004762803534739005,0.0002591974191261466
8680,5.633631241418381e-05,0.2023374092330966,0.6906333873799307,0.01431598377852321,4.218512511758863e-05,6.308028755364938e-05,0.081746908773052,2.562495143814498e-05,0.02298428744819147
8681,0.0014400936537549928,0.00011557272091117414,0.00013792905710286078,2.5591723824856446e-06,0.04130550959732145,0.011026940015076337,0.0007160148436834288,0.982965025403654,5.736056622299232e-05
8682,0.0024293908098410493,1.2151456150453938e-05,9.036721203557384e-06,0.0015494289714684303,0.0010439204356607673,0.9957293602054942,0.0004972622057254938,0.00257712948548588,0.001002418345237417
8683,0.011846562856976432,0.002122711778778786,1.2644746545785604e-05,7.069198046800496e-07,0.015063219971625368,0.0018998339491566201,0.005287015320476033,0.9919929991310088,0.00136889633215497
8684,2.454698655945255e-06,0.11627570283429697,0.4476907737911774,0.49522772955932903,0.00010715535019606416,2.2162482628396292e-05,0.002108215963129742,0.00024274980861110237,0.00015790469321088702
8685,1.5583602603540333e-05,0.8961681272341857,0.09673313237886051,0.0009675080645324915,0.020769974009019882,5.86173469863305e-06,0.0036353325932912224,0.006008204565710242,0.0001897100829381627
8686,2.729327474725847e-05,0.9833164190956885,0.003395502627187263,0.03196903550725784,0.00038254381279562117,9.468635864082287e-06,0.0030646607824449277,0.0007801900378541897,0.022827567785267077
8687,1.6255701871928388e-05,0.7026211260930646,0.20250455585193125,0.06768154236804864,0.0021163657519224976,4.838968673396816e-06,0.0063027259994098885,0.0011316974792874312,0.00010364748864096097
8688,4.640054170578354e-06,0.958111786313015,0.02032271079379762,0.0023244823098272542,0.03112801005851044,2.2347861295084866e-05,0.0029891583234287213,0.002384415123153315,0.0004508299317110181
8689,0.15741403957232938,0.00025612481046742737,1.3165182974320645e-05,2.759301128991335e-06,0.0020471093607723266,0.005460089459741047,0.011519772896437262,0.8243197228352004,0.02733082975929235
8690,3.8316492031051945e-06,0.35895548031648433,0.4804272275273126,0.0446890871596183,0.0026011871703557577,3.029881356095602e-06,0.004149720770308208,0.00398898028659661,0.0001803831087601716
8691,0.0007320660030665635,0.0008136317827592895,0.00010927423731756364,0.019192365911670606,3.977117558366265e-06,0.2456971583589047,0.6434042856770286,0.0005995910094239836,7.824823027411592e-05
8692,1.1900671621011257e-06,0.009045907930435854,0.07091824777716622,0.9773073016290668,0.00013983626380278315,0.00030608717361538566,0.0007152035233678007,3.940172673964637e-05,8.976526944078323e-05
8693,2.081437161194674e-05,0.6379711461719855,0.29809458782022874,0.0004050007490762307,0.009709098979438162,5.768274265981126e-06,0.01574914436041578,0.005005830068157822,0.000603774950549734
8694,0.008128659233960273,8.008475205517699e-07,0.004000616567338498,1.3987086936519804e-07,0.0033134559149138798,0.005164778758244392,0.02135166470626823,0.9758412583122216,0.04582576977425807
8695,3.450677936855082e-05,0.018847029231878882,0.005508123886847601,0.0004218368383162972,0.9766375856778811,0.00032264204845437164,1.6903226934081228e-05,0.01663101612453923,0.002665876673899666
8696,3.1161854824502785e-06,0.5642518236126104,0.32665411845410863,0.004891889754254399,0.0054285781869235685,1.0111117311104065e-05,0.013621542905109295,0.00560513911713077,7.471227843413962e-05
8697,0.0040565686121434505,0.0030962618596884033,0.0018515192659636487,0.00016565523827132258,0.004731956916273316,0.03146149316206165,0.00028691439539651353,0.0003949717944261608,0.974057595056881
8698,6.474521730329651e-05,0.008161060544857955,0.0027393832582256372,0.0002246524743287241,0.9913540544611961,0.001022007066918852,5.5442062195355535e-06,0.018298295993015624,0.004528989824265522
8699,0.03711960894601681,0.012006507847081111,1.7090427070395855e-07,2.32526896504293e-05,0.0034403585997474953,0.1029677191828022,0.0007353645400711754,0.7964030107151404,0.0028327019845559177
8700,1.6169796854331706e-05,0.935097943180449,0.0469358467596355,0.026331089686317147,0.004284883524128622,1.1134271196200708e-05,0.004186448795708239,0.0006451145610129648,0.00027019860688635777
8701,8.93206932457776e-05,0.09358226467220607,0.2655461031220949,0.00019703830774336548,0.00035377240974434205,0.00012927414453088533,0.4710122426406484,0.0064909318980337595,0.00019912743321376608
8702,0.015904328138803492,0.0003387951766267012,0.00010709525645163418,8.193833380377904e-07,0.0025671077961348025,0.010333066672808103,0.0007174704630866683,0.9106237915638441,0.003372338136420346
8703,0.003432457774833905,7.442510660077487e-05,2.616204114671094e-07,0.0024001821620736065,0.0015372321629649921,0.996711621428418,0.0008122942638350661,0.0025020453567961287,0.001043752293446633
8704,0.10367963824731075,0.18685663885782505,5.7000053573876255e-06,1.5992035603196432e-06,0.007231141668307561,0.001021982212775924,0.029071930273187673,0.3587095933797159,0.0005472820342986304
8705,3.5744829721934656e-06,0.6072092305194368,0.45488235767276924,0.006394861111842851,0.00028643267038682503,1.4869972637694623e-05,0.0040649001534104135,0.0002523494771090283,0.00389888365547011
8706,5.61721613855267e-06,0.5537455540885566,0.3415632185619092,0.15662570758365874,0.000142023437854471,1.3304023909850487e-05,0.0026030160123669726,0.00022478312269895692,0.0007393221766779868
8707,4.3572130708173725e-05,0.08499646322795783,0.9039453974583479,0.03503093658459796,1.7115282226969352e-05,6.037090821949567e-05,0.07253369911077161,2.561790163154444e-05,0.0074241787875863885
8708,1.0468623872307632e-05,0.9952431508468971,0.004997226513830036,0.015769361905615124,0.002274297420797353,2.606902667042776e-05,0.002002238161145806,0.0002327953457340821,0.0014128927138443218
8709,0.007332120316864217,2.3894040120524035e-06,0.0003767437603299354,0.0003144165295348149,0.00032119077144813417,0.9724099175374329,0.003383326041766542,0.012726060549682677,0.0005823405247032874
8710,0.0023785251454749067,1.6624607437294566e-07,5.377148153809042e-05,0.014166412158150581,8.295100471486229e-05,0.9899488139807988,0.004673827797368738,0.007444770977237223,0.0006376874804761508
8711,6.152113927265437e-06,0.7173955256164984,0.2139654788860228,0.062328172104914085,0.0006667801914956258,8.599117733094604e-06,0.003224204604670615,0.0005689215561920672,0.0002841172914891242
8712,0.0026285490471866153,0.09805519183180718,0.0056507003578352,1.6101213780455504e-05,0.0001831241473347681,0.00010402836925470674,0.7788219095639024,0.17008715686218667,0.0005520601242058624
8713,0.012398496838840018,0.0033521931649757174,0.0037098661912927234,6.118842499940785e-06,0.010380329769223519,0.007958156506238212,3.7065712447792126e-05,0.001096550762272197,0.9953397332188271
8714,1.2795852705963246e-05,0.456881255634338,0.37362550004018424,0.10031033027082663,0.000788457163126038,6.0012386508992835e-06,0.00616105377974514,0.000632746052677353,0.00020729253431538844
8715,0.8310349003434261,4.0337082950816e-05,0.0002654097102339469,1.4166395945063105e-06,0.00122873456242844,0.0052458145095350085,0.04608619484202765,0.21357078273396365,0.0032567826680201957
8716,0.11288607948377836,0.005569064738815655,1.0290670799578164e-05,1.90456073856077e-05,0.002052439752203705,0.2111985298768071,0.0017145319379221556,0.008664964092801875,0.4921842903068897
8717,0.05372800539932856,0.026327290951879155,0.00017414204628763373,9.96459535294487e-05,0.014424536405569828,0.0283372488386918,9.295314492505709e-05,0.00024191602245159522,0.9548123367339031
8718,0.010597206038388186,0.00022729604505206095,0.00878410924057589,1.78579552137976e-05,0.012983342535042405,0.003098581245248883,5.129486476495292e-05,0.004107543720072658,0.9835352478049738
8719,2.665573617999015e-05,0.41382106044385225,0.46469186512135385,0.06545173038303816,0.0018113247555192073,8.044045940627854e-06,0.00941312888341547,0.00036024656515083194,0.00013674049527033543
8720,8.267562128320208e-05,0.9696664714219968,0.030142350252843737,0.01932895550656885,0.0001868019425871365,0.00016936720516636683,0.0023667066654802925,1.2033706681254355e-05,0.023450908951942493
8721,5.0280856379087525e-06,0.7129412833219398,0.17765244274631845,0.1533270345826405,0.00028367619330484675,1.3176967114932112e-05,0.0017149418929977636,0.00027890229866369467,0.0005782069210669523
8722,1.2329413131957394e-05,0.8894609723019402,0.06870941898313834,0.07364026294406112,0.0012333751622218517,8.94622148031101e-06,0.003717757297304924,0.00038519113945757283,0.0003504929800780548
8723,0.010363374850080221,3.3142807700281314e-05,0.00014562087544610922,4.02606319479013e-07,0.002035015229957161,0.0009196869669390279,0.006726939213071191,0.984641709073434,0.015340410668620902
8724,0.0015437861665787745,3.4619060339470964e-06,2.1513498380255027e-06,0.006239758192241736,0.0002521290325564961,0.9978293249238903,0.0009876560067416868,0.0019239673916627469,0.0014194405353370966
8725,4.269511813522045e-05,0.0243884333455546,0.0036898110014416522,0.0002956082930333345,0.9742132664233077,0.0003626123917466881,1.609008645054507e-05,0.01902079969171451,0.003023425222737829
8726,6.358536269125709e-06,0.8074022661566703,0.160213342606913,0.020918199424033748,0.0004188442805470528,1.6554137683923573e-05,0.0014985205559617583,0.00011095158477087692,0.006544783738832183
8727,0.001892195765974223,3.6605044749278916e-07,1.274920297343715e-05,0.00992696967747832,0.0001652491504088419,0.9950303219192618,0.0020494808476876057,0.00811648789744147,0.00037127977778595876
8728,0.00043613385710659594,0.013462243064887466,0.18543282366142624,0.001604499367356174,2.1023908696219435e-06,0.0011368578072383571,0.6303337637613436,0.0005487018378876118,0.0006536979347811412
8729,0.03990898207077274,0.0008085295172198485,1.6140629875916512e-05,0.0001673464583715716,0.00475450897151154,0.07905933055167882,0.00028698095029556614,0.002928217736935663,0.886789352810816
8730,0.0012762498091840597,3.4220150187467314e-07,3.1059714947498815e-05,0.011667401981285505,0.00017885468899868568,0.9984450042533548,0.0010433313120978905,0.0023113151936377287,0.00021162410398584453
8731,0.14995926471645027,0.00017984523115457216,7.877730537928227e-05,6.085981304110607e-08,0.0009895873581536039,0.026277642596308888,0.007305334673385031,0.20724637780028277,0.8375407005147165
8732,0.00013782420962715126,0.9853425648456157,0.018294339453443286,0.006537699824677514,0.0005287271039730904,0.0007027842445087788,0.006271741040773367,1.2616831862085647e-05,0.015203160992675116
8733,0.0020233966775344402,1.3038120128089325e-07,0.00040658846740999704,0.006835280532645526,0.000157141116893222,0.9952994559011266,0.004026173272311988,0.0016842257571107997,0.0002816750554431064
8734,9.579479261558756e-07,0.8106558332290714,0.1861619191058893,0.0015066217209706734,0.013806389869107682,5.530882332343153e-06,0.0027366089753904986,0.0066506296789674655,0.00045652235466410234
8735,1.801770893077893e-05,0.5134763322686533,0.31017460521666573,0.032724602449377985,0.0026084921488475936,4.077681795690221e-06,0.012496102721067243,0.0016866992227399912,0.00019958293502901305
8736,0.00750029629836488,0.008202149672890333,0.0019241190139665043,0.0003141969522111576,5.206991710360325e-07,0.0008582296075933652,0.9947913130216545,0.0010685094961579947,0.0019086986070018107
8737,6.439093151165979e-06,0.9599188146966018,0.03662258356880648,0.018206899706079183,0.0028946655848493433,9.943388232754904e-06,0.0035297185045276938,0.0007071182115646281,0.00039233699125206976
8738,5.9641782083583706e-05,0.966017122570177,0.026704024919885744,0.03588519605130769,0.0004353809200918152,1.1306197249745378e-05,0.0025419830874247947,0.00011551108503502095,0.008243351703714371
8739,0.0025000805312435817,0.0002217134652904446,4.9114691321098164e-05,2.782874838116862e-06,0.021870870606690313,0.014904756658638418,0.0006504440323685156,0.9817795923156417,0.00013598024218003057
8740,1.720311377482678e-05,0.777330879302762,0.1662189217451743,0.0006352928083543164,0.014814872684558323,1.089114887446657e-05,0.004064872834031843,0.004540818849706664,0.00040347544012573304
8741,0.0010783013429636022,4.6231518856342815e-07,1.3898800041740933e-05,0.012667603345286374,0.00019187230604055964,0.9980013040817466,0.0009454030387096787,0.0030255001712817336,0.00014081324232186835
8742,0.00012321350979294782,0.18852733391082174,0.3075711426806152,0.00016025396594598676,0.005805557647708604,2.5918777175985966e-05,0.024891121358135742,0.0063883589999230795,0.003974954111287277
8743,0.0021084427009486254,8.034674277308341e-07,3.7044510005859904e-05,0.005176051735239443,0.00041237847494735735,0.9979235065675227,0.0009180771285799455,0.002413008811486536,0.0003467308104221966
8744,0.02231468066233977,0.013225009056091527,0.0011245193284645041,6.392414182436319e-05,0.013869287427923777,0.014936108723003032,0.000261049657068226,0.00028238336936705906,0.9654291817969965
8745,2.535292278147564e-05,0.600151374213073,0.010613525532947069,0.00046098803153090935,0.6979133847661951,1.4189679221869359e-05,0.0002410170305983738,0.006650480526329087,0.001546225422903335
8746,4.5023901558941545e-06,0.4541420085394251,0.3677782729388047,0.239032232982695,0.00023293604132674,1.0072565031326131e-05,0.001736219364084696,0.0004702540373726375,0.0002610247912255955
8747,0.24720517976791345,0.00034444112876320145,6.077057441929544e-05,3.3180591928306785e-07,0.0009763912420974877,0.048231996406728254,0.0027020814383140325,0.03140190878487458,0.700281718824295
8748,6.464830137703789e-05,0.034711413032636924,0.8779778350291696,0.025217060030878043,0.00012186503920928312,0.0010066048844448864,0.007866710992542486,1.922503536769609e-05,0.0066450309299597235
8749,0.00031500874522071617,0.575688522012735,0.017370937972894684,0.0001399350696201071,0.0009050786430885361,1.0099446156533402e-05,0.38412793019167657,0.05359266130200477,0.00021701420491825166
8750,0.020048083804598157,0.00018981503451078832,0.0038120744022626385,2.7417993456032708e-05,0.011571837862510015,0.006894826173641103,0.0003826871619036996,0.0022409936984186174,0.9817392408083452
8751,4.061661543686199e-06,0.24678649168156752,0.4348190207299798,0.31429841060555674,8.344406301401157e-05,1.721799137707914e-05,0.0035462938846344202,0.00019272273173813974,0.0004368204089530625
8752,0.002316504079665734,3.5891194634931564e-07,3.764366342910359e-05,0.0067158050841913015,0.0002403163125962827,0.9977152157714282,0.0015467104953316168,0.002679775425193711,0.0005259881126062333
8753,0.00011931491947407609,1.0049944358125922e-05,0.00026452348616355604,0.10414881381007812,7.916862852902414e-06,0.8805083250635043,0.00899744405686883,0.0003256272968212439,0.00013963820196622497
8754,0.0032130358825157327,0.0035442684598451894,0.007372100796542962,2.043577227948741e-05,0.024183638983740166,0.03264456876601009,0.0002866817840169982,0.0015287544444048137,0.9094918220138813
8755,7.423423064638478e-05,0.011676897749953806,0.0014435910097606093,0.0001925051452490036,0.9931050781309273,0.0009190192936978941,3.5586673363456e-06,0.01955633886939321,0.005565310464388285
8756,0.0018163445277795773,6.450795888552305e-08,0.07786981576112977,7.626006377594523e-08,0.002055234959378459,0.001720071672903288,0.01798445588829463,0.9914013995689911,0.029592070145006647
8757,2.1623842419186983e-05,0.10372048894468183,0.011317637171760398,0.0007153630707863334,0.8761353763145104,0.00011747077465097581,0.00010824092188900062,0.007362580390436448,0.0018388792534936539
8758,0.002052329001472819,8.15840766536256e-08,0.0002186192545714029,0.009609937736856082,0.00014901365304309207,0.9959991874739221,0.0028184436589008743,0.0032338715102927834,0.0002967540553452441
8759,2.8462357390653526e-05,0.196847289444691,0.5215943121063389,0.006773695345650075,1.787148484271117e-05,0.00010013099041966766,0.1391168935045953,0.0001663507608145697,0.0011497788618225117
8760,6.804824020786745e-06,0.9322949654899882,0.03794090623118899,0.10494252510087466,0.0005932623269855229,1.6341524547496542e-05,0.0014576423273817748,0.00020713960028929175,0.0009101802790570494
8761,1.737730103925577e-05,0.5510732600955757,0.23001287507468401,0.04929804242330875,0.0005162547654866528,1.037472314846557e-05,0.00639495224964705,0.0007481748379022138,0.0009208106189632825
8762,3.927211637439002e-06,0.24342993923156142,0.07434424263139153,0.7048565304163329,8.378704268105992e-05,0.00031935927505403236,0.0020714372211811756,3.492256870897727e-05,0.0003507999057172981
8763,0.00020887399105790975,0.7868932511305446,0.0442134217584661,0.029997358226503568,7.058095686402608e-05,0.000274174692365862,0.008037277418798776,3.3273838027614545e-05,0.03644221922553884
8764,0.004591399870565243,3.3662121550847406e-07,0.00012780965693805788,0.0029457802871071027,0.00019687053742606524,0.9876309038628492,0.004189351769341912,0.006689860467308916,0.0008525629124827965
8765,0.00423181658654006,3.1195308827277785e-05,0.04970535082459566,5.005526025702294e-05,0.016661177913950005,0.0026694351123079355,5.438321871037784e-05,0.0015505153942458288,0.9933342542311374
8766,1.0616931512810278e-05,5.3235073561150756e-05,0.6278442909121456,1.589218066872512e-05,0.16054226748716632,0.0005410799545233554,3.249984466813504e-06,0.24042855526696388,0.008806394562880012
8767,8.604412865793817e-06,0.43790890740864485,0.44447596593131705,0.19273874528253895,0.00042663969059327124,8.201083624913321e-06,0.0028974501080361887,0.0005623743134134165,0.0001264638091320006
8768,4.057452941262069e-06,0.22313619816049052,0.6146058741258921,0.2435934411982716,0.00013553653581625062,8.38872575493521e-06,0.00368454037363771,0.0004332113124304089,0.00018467704332302047
8769,0.0037660830120999286,0.00034849651571064656,0.0002776973357833849,0.00026696395239767895,0.004383746134121808,0.8818748336794885,0.0005538163442080695,0.0010118277765200846,0.009602632909757674
8770,0.0013763719802478277,2.299282478747072e-06,0.001757315142548984,2.203002799916267e-07,0.00940179696666943,0.0002659096278280322,0.0015176791505383206,0.9989143280296868,0.004984859226005129
8771,0.8229090591379062,0.006853919602812274,3.715111635003832e-06,2.045515475456457e-06,0.0003862090367330274,0.03179629753893696,0.05342734868180311,0.027145002636511116,0.0533965887468581
8772,0.0011634897709101072,0.9941584362943751,0.0024835771414980297,0.0010347902685677306,0.0013182840106266385,0.00014220705250077498,0.019663571214425798,9.090111944443694e-05,0.08569046653386762
8773,0.0016115514185927288,5.542653427739799e-07,1.065952178266066e-05,0.011393171156270506,0.00021812712346606878,0.9971354146166133,0.0011012845700169875,0.0035095123421161165,0.00032627846003791385
8774,2.354805444889432e-05,0.87173280157016,0.22084990322368764,0.007476384913130366,0.00013728598351090413,9.276887836329785e-06,0.010881888981547795,0.0003278623834726216,0.0009246608368252061
8775,5.9580815329578214e-05,0.8163634825207662,0.2537192369572099,0.025662208649580392,5.444403964206374e-05,6.46027122068431e-05,0.017040945718429214,1.8834972966819623e-05,0.005546633413737813
8776,0.0025839401581787902,2.5989827329160954e-06,1.2464928245908177e-05,0.002570559460475892,0.0006482873342307282,0.9984869988215103,0.0009670665307921467,0.0012390693733882931,0.0009504682817022042
8777,0.0024610438203718638,9.970494862662061e-06,1.142979663340128e-06,0.005627325521682187,0.0006509703403125113,0.9988738735430897,0.00039773780400012896,0.0012181282716715901,0.0015022520975934205
8778,5.656686009641894e-05,0.2882172220475806,0.29711725047288,0.008873795616907588,0.0002777408115923401,2.470666142322387e-05,0.11561623688382262,0.0005873634813235292,0.00016858055894964055
8779,1.7517538792620266e-05,0.575471824449395,0.37604184901016596,0.0158071474526663,0.0025671294826650087,8.384221922582498e-06,0.016966563591131783,0.0008350553791489285,0.00011384204273041798
8780,0.13456890118970213,0.0005416392402277457,6.674582859734834e-06,6.454519695317474e-06,0.002818642953188236,0.0025906474439923903,0.0061582418296067575,0.8255197984352828,0.01745250187675024
8781,1.7032740032705744e-05,0.8853340362432153,0.06268610875065124,0.05920531229172926,0.0021492116919609636,1.696364191901008e-05,0.0034423543676738886,0.0005758703607452707,7.958109504587065e-05
8782,0.018072472710324073,0.003783044694797048,0.002771607475243222,1.8907481052158855e-05,0.012372534434947858,0.02206695006443277,7.634190755080498e-05,0.0012705143685696162,0.969910817452773
8783,0.002139458647558656,0.2927799773166874,0.004095925244483506,0.0006314876606182193,0.0004397632342266556,0.0010925922378303336,0.006582255432372595,0.00012910257400473364,0.910879685333211
8784,0.010150253921863648,0.005247708262172651,0.0014840809818413379,0.0001121481938153268,0.008229801289495308,0.02178618406176139,0.00018860614225947356,0.0003402292470112883,0.9664761898434908
8785,5.156996303992847e-06,0.5700145181703753,0.2539614374517994,0.18407457733119537,0.0003277094761294081,1.0304575590278898e-05,0.0022740061062723614,0.0005694309210088194,0.0001650394132940568
8786,0.0022076574915245685,2.2223741966611327e-07,0.0001638014200505979,0.007997580811395202,7.534967931178122e-05,0.9686195331142402,0.022247672663239307,0.003597192239448633,0.00048514444291909584
8787,0.0004913291768202678,0.5106814565231701,0.33205690691215217,0.005276665167447523,6.474164177862042e-05,0.0001267102007917849,0.059893535924805875,1.1705097446451338e-05,0.23735525066463986
8788,0.0019878374936026155,2.1881118965483573e-07,6.210040180030455e-05,0.009219749413828198,0.000329624338214201,0.9985267061533389,0.001200457025133534,0.0013429986437221984,0.00035244671237962216
8789,6.210447386997131e-06,0.2201645988409867,0.2088956965874627,0.17775370729722978,0.00013153430439657426,2.758972666871811e-05,0.001374557613030137,0.000322670923655588,0.0033198331682248276
8790,4.2743526915456485e-05,0.5647029913523808,0.2841019820866873,0.05359328398958724,0.0035582627454405725,1.0175091707837398e-05,0.007923323277065577,0.00042390133157425765,0.0001490030796089723
8791,0.0015081346023129974,9.32418764319957e-07,1.7238727200592322e-05,0.0062611298463879144,0.0002325614608271122,0.9986273427936372,0.0014392651148503483,0.0013376594514408167,0.0004894576834351454
8792,0.2984479822402735,9.052703944340785e-05,8.00218645882892e-05,1.4433666856267328e-06,0.0060737155569860184,0.0015455340608008649,0.011150110963210886,0.9134768862639345,0.0008508757334707396
8793,0.00010959375712225947,0.9772701565326483,0.022333815433800253,0.026397408516866755,0.0001284619457842358,5.012709492610625e-05,0.0016920906181687365,4.238150050702526e-05,0.006680596859996116
8794,0.0010090124260132402,7.752139598919858e-07,2.4995869157810638e-05,0.010109550438799438,0.0001761178197472019,0.9968072135585987,0.0018952351092203846,0.0009054297097204063,0.0005598962818107377
8795,0.007740394837279037,0.000611777853515811,1.157084762884806e-05,2.756484019656732e-07,0.06940593368873556,0.001045847364082622,0.002875704728480976,0.9987193653056348,0.0007543089951909741
8796,0.004035456950056199,1.1048126195570812e-05,0.00037293422148101555,2.4053624243308105e-07,0.006840807903631604,0.0010544430139228691,0.003054889528419133,0.996653651741775,0.009105970749041747
8797,9.786579377585136e-07,0.048870743133043924,0.9282035533038262,0.012724709021987631,0.0028534471414592513,2.1169167114123333e-06,0.0021208533679573536,0.006978624517215561,0.00011139293597258837
8798,9.073535450277213e-05,0.8179691748483456,0.10995988074490634,0.033188859866521814,5.929819035422861e-05,0.00022557012999060145,0.00957792915180049,7.5677815266255015e-06,0.014454648462968196
8799,2.0209563536848987e-05,0.12411223273236488,0.838759107468355,0.06402651224075519,0.0004340352253671111,7.55363187766222e-06,0.01425147706194824,0.0002649254599944408,0.0002883366485459673
8800,2.5312954324792917e-05,0.905899197613122,0.07741470888820293,0.0009066313097858696,0.01479552516607456,8.849371639363089e-06,0.0038018576558226567,0.0034668678077965785,0.0003248465101841771
8801,0.02417393279870681,3.3366915016029456e-05,0.00016258417023489016,6.587039987674317e-07,0.016333003192127292,0.0009129426307283457,0.017909367444483546,0.9930020250245332,0.0039934629683543695
8802,0.003696589642244574,6.312140665116729e-06,0.0007866601020804536,1.351087388710383e-07,0.008554349363652784,0.0012185648251231693,0.0026162718491882344,0.9971621454400271,0.010101577565246945
8803,0.01125009892763345,5.075202317836454e-06,0.0012134197801247936,1.301797414610675e-07,0.001721157492666769,0.002520046487284855,0.003557767363424477,0.9761576527092677,0.05767704820170727
8804,0.006945259386685088,0.00011806193205241627,3.6334001308625234e-05,8.142198396864078e-05,0.0008323950672553533,0.9700505020931492,0.0020542987837078694,0.009187500017776068,0.0014100524477698418
8805,1.032152518308951e-05,0.9942073251247147,0.005543155903027017,0.028747197602415724,0.0009790800060706121,3.353892699118114e-05,0.0020010732351754975,0.00012631591796836907,0.001864389582391836
8806,6.2220367689357015e-06,0.001915062004077182,0.6752285255252664,0.6979520965136344,8.436366578779869e-06,0.0015652846648246206,0.01380654856569473,4.496527104071543e-06,0.005191812829028557
8807,0.003330277392479435,5.609766474064147e-05,0.00021301622573319,0.00047913085748316084,0.001685479875936514,0.9704746023447711,0.0008414757342930447,0.0005917568219320695,0.009217105732122272
8808,2.807943487672899e-05,0.7679273677622831,0.29270253706211297,0.013254445892474237,0.00012606449679416874,8.655993756487437e-05,0.04833653778403309,0.00011178962109230927,0.0006774217312144368
8809,0.008185031270324406,6.495384657903284e-06,0.0010638400432155563,7.566773115849102e-08,0.005669206028212473,0.0033574531584206653,0.0031226185011038908,0.979840811639235,0.09433879903895949
8810,1.1632543622824884e-06,0.009246461836161844,0.9842276128278549,0.03142281962864965,3.718038081551994e-05,5.906552913015919e-06,0.004945795821857356,0.0004056190421530904,0.0010149791687254124
8811,4.1878449819274284e-05,0.004826792286856645,0.0028140666475542243,0.00032382357875786465,0.9920101467029142,0.001130661582459987,4.802142292610776e-06,0.026155702807463516,0.003763701115116923
8812,4.156273212236258e-05,0.003562630924069194,0.004112360464590952,0.0003323443938226416,0.9908898088156651,0.0010724134755049175,6.64983390724118e-06,0.026545073006326934,0.003345626788905831
8813,2.994027534201395e-05,0.002899727787651644,0.07760408609207672,0.149681258063319,3.748249457412333e-06,0.005193148051067991,0.12454887308892955,0.00012889732127263927,9.03613969484841e-05
8814,1.9747127782221384e-05,0.415976447839231,0.14201212068213628,0.000573646616372422,0.027070777592727444,8.80916625752652e-06,0.0009913076074988605,0.007285654851767235,0.005617454232311258
8815,0.002301492125801533,1.3385548506390932e-05,1.1702062949936275e-06,0.003960989284704357,0.0007961697123534567,0.9990443776044495,0.0005726785982050162,0.0007494119303359747,0.001408029922823383
8816,0.021571769516326837,9.049761925484862e-06,0.0018795145315398398,6.516600505075434e-07,0.0021375218724781946,0.004001104634845767,0.06825517864073294,0.9150874385277711,0.012068186267831144
8817,1.5463459949922228e-06,0.39698760102959707,0.4329571038535509,0.031179310320702924,0.0001132479669241422,2.0776672072609332e-05,0.0014309486032178,0.00021107698412588155,0.0024414334903304106
8818,0.005613749451502906,4.7849204347423066e-06,1.3691906805780322e-06,0.0032103164952753762,0.00038624504848553944,0.9940251969747951,0.003443892992847232,0.008518922831972217,0.002711714247706847
8819,0.01716928827625289,0.00032123618143183405,1.3941207947324242e-05,6.242943376709231e-07,0.3705756426421574,0.001215890818043243,0.006075458008173164,0.9947423463787521,0.0001839685613297608
8820,9.634959637790967e-07,0.8881181549378776,0.15457454297463546,0.0007565550263873866,0.004219093089200151,8.42403062137647e-06,0.0012712616149087334,0.002423401164859751,0.002293797819957474
8821,6.218477767520758e-05,0.0069766822704219475,0.0027169407542778743,0.00023607416338833614,0.9911975653563122,0.0009266729479475548,5.553357788475476e-06,0.02320468773705037,0.003990287257439681
8822,1.4419022337217437e-05,0.6790911015656441,0.014270723656256297,0.0005823096221996023,0.5252919570138848,1.822171164811484e-05,0.0005996467719183935,0.007455306953428409,0.0008795134407783914
8823,0.009663378725176221,2.2675555622273396e-05,0.031099238077507235,2.2748552922327544e-07,0.0005236874609796863,0.00019994188861595496,0.1389890366380066,0.8801052790818288,0.022136335694594233
8824,3.7197502659849674e-05,0.7079213510255614,0.1963670957321115,0.04606773196160884,4.362303802748815e-05,2.9854434954657058e-05,0.009836474507488436,4.8969309673098537e-05,0.002276503079977454
8825,0.008391475123082314,1.7002412453882111e-06,0.0005490679374763535,0.00033691040667392104,0.00022516485590961136,0.9501948431826065,0.007161235804905445,0.015708446037896093,0.0009937494243257381
8826,2.4458513996224037e-05,0.9191441023706443,0.04271711714521329,0.06840825003023514,0.0016903115181320161,1.190400264908917e-05,0.003753002628867784,0.0001972584970480729,0.0006579862431993993
8827,2.6599479048972597e-06,0.6122792632317777,0.50646259762875,0.0014788871579032902,0.0022935312806396857,1.4705751833741408e-05,0.00786719658822739,0.001243443052778128,0.0024767710759183033
8828,0.009889037507567724,0.0015839762073640497,0.009981229148158261,5.862894831354866e-06,0.014062778983589224,0.008496836383624707,6.648426773817111e-05,0.0011424131067539047,0.9947518831376475
8829,1.0533155072045017e-05,0.4755064259044143,0.3904100459382285,0.1383740427360736,0.0004009956623200253,1.0521351907511989e-05,0.002590796761399322,0.00021792905699377643,0.00080291315602034
8830,2.6802218013553206e-06,0.9441200639845182,0.04382268114436506,0.0015634269703923903,0.0397819059167573,3.2281194647898806e-06,0.0046354751674031885,0.012481817965026471,0.00042870887475157334
8831,0.006622527247418577,9.965976418755898e-05,7.452604253208734e-08,0.00435530668534702,0.002063422693592041,0.648454544760515,0.0003766593395659775,0.5724326850953961,0.00035481977180790007
8832,2.7401538483460025e-05,0.3041525531122079,0.006659525401435166,0.0004191482185657337,0.8286620647559044,3.6969217671466434e-05,0.00013885030791917715,0.008362416847399688,0.002218351611463994
8833,0.029604302667945743,7.55794782399203e-05,0.0007929770304418053,5.9469585559091515e-06,2.6961642318593907e-05,0.037113549367081146,0.7703274424033035,0.08061890946091428,0.023108339401427914
8834,2.6021840197460996e-06,0.17352995184849712,0.8423421648149537,0.009402198975469582,0.00016540517364270582,1.6055775817675857e-05,0.0013302448699750633,0.00012813438402512877,0.009955569489613873
8835,0.08037736827732726,6.527773240129797e-05,6.171989504590509e-05,5.784037179070186e-07,0.011597986014681589,0.007262106594457948,0.010782045130497405,0.9586085101661449,0.018913478559693716
8836,4.346341914811502e-05,0.004769738662989145,0.0033630281379508392,0.0002798352446301321,0.9906557383639506,0.0012134834469932046,6.432922187658732e-06,0.02579124193355708,0.0034482393589966506
8837,0.0013503640973774904,2.2192028427540727e-07,2.6588954976045403e-05,0.018033590006580443,0.0002338984032768932,0.9977077772924575,0.0006807094768375393,0.0029843203916280754,0.0001909499234015144
8838,0.04559413044349552,0.000397822197179001,0.00021055455827923532,3.4675802301113964e-06,0.00266070159325605,0.058013830140570294,0.00028784126256501953,0.005879639780392209,0.9259854061641389
8839,0.0019030562324988294,1.1953705287407842e-06,1.5496415584721654e-05,0.0061742690722331245,0.00030236726099248983,0.9983073145525466,0.0013291414942627866,0.0009347721785092437,0.0008418125933935226
8840,3.853706952987612e-06,0.1143993670599062,0.748526050508552,0.017749572624541108,0.018868767627842214,2.57244542062287e-06,0.007604922165408783,0.005630209700130901,4.621271916653026e-05
8841,0.0029148225594292617,5.9676375309079065e-06,0.006854919341882226,1.1095308483899835e-05,0.0003531325294778159,0.3234332562760664,0.022282836330401682,0.20470150227614953,0.00040163500692514444
8842,0.0012193946860617453,1.3603616389461158e-07,2.8852209711345417e-05,0.022346718174064896,0.00016422106603670533,0.9962379910708243,0.0007514701906684397,0.004499254059491145,0.0002779586341408449
8843,3.5467580054336755e-06,0.11235225584467672,0.8444218666005371,0.037844405067458425,0.00035513658882758373,4.604567895303549e-06,0.004642466367150291,0.0008352671018288743,0.0002541949240421451
8844,2.614623168402829e-05,0.8730099153945526,0.1282137567532263,0.0004046530839351697,0.012635499104604772,3.2868022928733294e-06,0.008978524975521646,0.007486415090619605,0.0005716474943389506
8845,6.112467495997875e-06,0.36575403323822797,0.3105097551023965,0.006711024751773282,0.03579484802411529,3.857470932434645e-06,0.005250130176989129,0.013131889015032127,0.00011462542274863849
8846,2.7514724188095685e-05,0.005891669948153014,0.04819337217312915,0.1628604785015465,4.576032282640802e-06,0.014208628803687836,0.03465118900740828,3.245078189322226e-05,0.0009449777227921489
8847,0.0003809387375868976,0.00010740110702398559,0.00016216159011248326,0.04809298979005569,7.348289349446553e-06,0.4844494739011301,0.09212415858460833,0.00031217076852671694,0.0013635628767679454
8848,1.079327278980946e-06,0.22943850063322885,0.518380004289884,0.02814216609663629,0.00012959058011410363,2.3703141266618385e-05,0.0009664207135886249,0.00013586051967435231,0.004081007962981128
8849,0.1920062492284622,0.04736554217374873,0.001571139904953305,5.22164066323942e-06,3.385953207076066e-05,4.330711720066258e-05,0.6441592091564348,0.036247703498126504,0.0010183743040983251
8850,0.11371262574343052,0.00024723620401301705,2.2210394651596887e-05,2.5459508756100294e-06,0.0116525358895233,0.0009817754149882077,0.00744805224250891,0.976417516084014,0.0015855362465142786
8851,0.013143653155157699,2.9438868576740386e-05,0.0001299929471220733,5.202045009634434e-07,0.004879402616772041,0.0026603337575450414,0.007657877830391532,0.9881621980805709,0.012403878095736611
8852,2.486628938564131e-05,0.33638928191126843,0.6493964547667979,0.05757096697458211,2.3716055143297407e-05,0.00015523283704167414,0.015788123706500807,3.4722983949055626e-05,0.003177819400756771
8853,0.0034324403021743248,0.0030713688132510764,0.07176681405767223,7.585555287589066e-06,1.2382924344497404e-05,4.2358266860562006e-05,0.896824469741139,0.16130157022914718,0.0011075005902668517
8854,0.004808122664587224,6.02438757386514e-06,1.6521685417739253e-06,0.0042656824644874336,0.0017485578861038355,0.9962488780748239,0.0029243161402157393,0.002967452356500038,7.955839357666598e-05
8855,0.0016541774638140737,1.897192270438539e-06,7.09303209312724e-06,0.0056014642644299575,0.00036276041821634296,0.9990144405240144,0.0008409413682338937,0.0012467594515490439,0.0005716247817127249
8856,0.0024389088262776735,3.6377990195518175e-07,0.00016689184229229145,0.004268496826473615,0.00024117104172549056,0.9963910504922174,0.0018503558494392962,0.003090475119265117,0.00026767511403138334
8857,0.018839662151226875,7.684824397212182e-05,5.932240903765891e-05,1.3091036627605884e-06,0.00790931331819974,0.0020562736156697226,0.004514911132886835,0.9897990298811329,0.005855473695509696
8858,1.6661644707392085e-05,0.011184687317947936,0.9898423875370872,3.706103181382689e-05,0.001935308539349506,1.2930953744828724e-05,0.003858257985539038,0.00024323393907573688,0.09165988644818567
8859,4.572756437260715e-06,0.004008184094026026,0.21311993781666677,0.9379513214295506,1.5345896857270818e-05,0.018856039986131317,0.002641470678565785,1.7699958151408825e-06,0.0011079262243332264
8860,0.0011518762870602814,0.009292668224551522,0.03476148358895608,7.87064063783209e-06,7.917648301064726e-05,0.00019380883406826298,0.9559185119506435,0.1045678836953191,9.282122280577555e-05
8861,1.2167334368941913e-05,0.036606582354910405,0.9255484121228194,0.028474343540597573,0.0005121088961091325,7.179060187208588e-06,0.006698162835224617,0.00023816140741888744,0.0017571063287944476
8862,0.001587053474153742,4.182348351045805e-07,2.1058918951178625e-05,0.011687728408100357,0.0003566755095582186,0.9986130769790722,0.0005688294192094546,0.001625697820699532,0.00042812790301650775
8863,2.3561224391265513e-06,0.03503095165932675,0.04410071028634325,0.9579979377740935,0.00010971718331950069,0.0004341950062551523,0.0008560310264845924,2.1304503945852e-05,0.00032163773357480306
8864,0.0022066949482764074,6.23574002530102e-07,1.7391385041791135e-05,0.008348399434785462,0.0002636621054800277,0.9979193682597861,0.0010604632254610621,0.002886107426819348,0.0005932590245633693
8865,0.00321861560670843,1.1008659377828504e-07,2.020757467172508e-05,0.011527927176484026,0.0001039524482664175,0.9782657022038755,0.005893569044854744,0.01731696926778499,0.0021239326118472827
8866,0.04647030719900656,9.196593404691016e-06,0.00040018767340569653,6.949155071751237e-07,0.0024439208477411247,0.00520615668371402,0.011750905352584964,0.9347973108504869,0.04682472441610811
8867,4.717301366462168e-06,0.9357834453093556,0.0287049142312838,0.089189157217084,0.0005657494466119944,1.8451154324926455e-05,0.0009950281494173244,0.000189257608558151,0.001304161898600198
8868,1.7583509305384305e-06,0.8869440706911776,0.17099348520389046,0.002111958712197691,0.002020211312907463,9.003650998714759e-06,0.0024178609562451174,0.0014299660387502562,0.0011769440517128233
8869,0.0004324585090103154,5.031373073671499e-07,0.0001510634417024329,0.00019652650681116924,0.002572114080840548,0.8966647147130736,0.0030907512845913293,0.09297464014403299,0.0020974080541371724
8870,1.3481792914394282e-06,0.971526578753012,0.03900496562342545,0.0008294837264401875,0.015675428062847805,8.572401400708997e-06,0.004529437296878292,0.004238995731131305,0.0007518842010303318
8871,0.004372138852266396,0.0024205375586323187,0.0210042589753993,0.00016310802765509032,2.6597624910120556e-07,0.00037084223570631587,0.9977053178789468,0.005526561826145346,0.0019798970850946093
8872,0.21062098410070385,1.874538319786064e-05,0.00017094384943723787,1.3493221157571484e-06,0.0003010254539969733,0.013479839418945292,0.015987656238267912,0.4132459661987748,0.2143051814789024
8873,0.14354494385471614,2.1778399951831308e-05,8.800609807093918e-05,7.332110050760366e-06,0.0004081825058714385,0.099132765420406,0.059932232306614396,0.3880894842423122,0.04035565570913916
8874,0.00500785688597787,1.7024200754848885e-06,3.363560541623942e-06,0.006338283007406845,0.00034303745474968314,0.9940973840483821,0.0017900800955373373,0.008004647453978908,0.002402780504805733
8875,3.954589275878647e-06,0.9650460261196885,0.03134054750407262,0.004326907775608427,0.007158601733214641,1.6277137634696822e-05,0.002883900139360641,0.0010686866002630527,0.0010807986743200891
8876,0.0033724690240334292,0.00014260297881684854,7.094679519743575e-05,2.734752095813366e-07,0.06463499265877214,0.001531999971110207,0.00103504648011503,0.9985997606881861,0.00046869769408637726
8877,1.8238335459972706e-06,0.8630465528653396,0.12820188960807222,0.012747792941809345,0.0019890831456637345,7.729114056406098e-06,0.002545239517577293,0.002026189970063174,0.0004514450408160342
8878,5.4150042973666734e-05,0.0033732673896188017,0.8491347249974184,7.90015302603046e-06,0.0008421565628810116,3.3084294896604854e-05,0.004893289702400703,0.002594865901128687,0.380663979222758
8879,0.0005424694375785113,0.00033615623562770317,0.3205513766639839,1.7405567769339678e-05,3.9856611802842965e-06,0.00015051998108542444,0.9751653242043995,0.04910964089494863,0.0008509913779459361
8880,0.0013709797607567766,1.984735882529714e-06,0.00013176633763847752,0.010753762757814377,4.896257221940669e-05,0.9358587262082223,0.020659621648935762,0.0011543258214756658,0.0008876081193954128
8881,4.020304079034455e-06,0.22862294257729524,0.6422038688171756,0.16074650322729492,0.00018709374560009658,7.524847451507861e-06,0.0028858440781779414,0.0005159668439355964,0.00020770370073186321
8882,0.030407206495798606,0.010470764691714235,0.008334585364013476,9.417640133013877e-05,4.316533472323674e-07,0.0001407714176333495,0.9978444593487792,0.0023069387510873786,0.0011624825543667487
8883,0.2897844318297925,0.0017742696561712553,0.000289091355672785,2.0891405506386755e-06,0.0044611057923651925,0.019709110246769124,0.0007852470001299992,0.0023253231826342244,0.7907125598155482
8884,0.0004136634513338839,4.2376126924512906e-08,0.0002450564442694802,0.0015139005680118438,0.0005377265173244311,0.972976483840918,0.005607106697098979,0.045034878687193025,0.0006856642177394753
8885,0.0010580170722799803,1.6775933431487897e-06,1.097694713408243e-05,0.03485794428837605,0.001251165681174481,0.9348244603188243,0.0004398211768843621,0.0012999260986987914,0.024846497687099445
8886,0.20128117912986707,0.006320424041712292,9.317204746255504e-05,7.296421323911051e-06,0.00017487016138751542,0.0807299882751852,0.1294603097190711,0.005518533057631354,0.002981897437171808
8887,4.121156642184031e-06,0.14834796027333114,0.7332403699222529,0.147204802929503,0.00012738816872295323,7.271794635982516e-06,0.0031941478061982735,0.0002739584365139297,0.0007659139378212099
8888,0.0071288059945767875,0.009794889136758219,0.0029286011536063163,4.6061762596493486e-05,0.0074683978496633335,0.011185102780250944,0.0001843858561445247,0.0002803284538170563,0.9831094051502905
8889,0.10033911759629327,0.009475885634456938,1.0030409555121995e-06,3.2060067685395874e-06,0.002365845253722651,0.010254239970807119,0.001414517211280027,0.937783639173556,0.004175084914494929
8890,1.2856179308727119e-05,0.35400279846869964,0.6318360010673946,0.0724522521534833,0.0003147248546375209,1.1614307644005844e-05,0.012164759354712814,0.00034800265561074894,0.0001799881339725831
8891,4.226738873221678e-06,0.978740086266365,0.01839826997505202,0.0068009675119099664,0.008911219684165049,9.017739025177045e-06,0.0028311494300709526,0.001172612851531039,0.0007310152871372881
8892,1.5940547960144852e-05,0.6859343311839606,0.15656190436267303,0.14959851728745605,0.0006395257945268301,2.2225343308674564e-05,0.0025975392568939677,0.00016818800532096431,0.00041890383811207696
8893,4.110733151146029e-05,0.0034689303115768813,0.002562252944594036,0.00035792637455590165,0.9928791770323826,0.0017833649183303364,3.7770698667588733e-06,0.027791519084880444,0.003449155151699219
8894,0.0035287259999481333,1.3387752131699096e-05,1.0635230383764826e-05,0.0010432910605756472,0.001059376629245061,0.9963731944864744,0.000987356205277157,0.0017673607589483598,0.0011478300957454568
8895,0.0009208960200279899,2.6790220930556357e-07,0.00011695546189707889,0.018133106555651347,0.0001158625864691826,0.9951221326572366,0.0019620178222259648,0.0012016498371065993,0.0003652139375230621
8896,0.004506691681163082,0.00034465123744462583,0.0048757967982049994,1.5124633705816429e-05,0.005021887365658191,0.014863349351323326,0.000156180698722063,0.001806279567034688,0.9908001736389291
8897,0.2148860689246049,0.019567584780954845,0.002629508944068978,5.007605914037311e-06,1.8088930848747583e-05,3.712573922838406e-05,0.9232586655225418,0.025210148628625653,0.0026116318673213897
8898,0.001513609652340583,1.2413598795649377e-07,3.43855877012565e-05,0.016322341082959914,0.00014675125198429541,0.9957516442183132,0.0013164344026169914,0.005044900727466928,0.00046397578231442677
8899,1.7599955287720248e-05,0.7136632226757418,0.2801734725583053,0.0013140648309965847,0.004582531848221169,1.5807348972979606e-05,0.010213241642898989,0.0021652139726829637,0.0006213258499742956
8900,8.088878154382737e-06,0.18635671746170532,0.7409216262724371,0.2001362307969864,0.00025569102464630735,6.495561666683399e-06,0.004564752805120903,0.0005136831747520601,0.00020077725913017735
8901,0.000739102989607058,0.6302114179884682,0.17373373408121892,0.0018200505100743987,0.00034213481457783017,0.00031735831272229853,0.16516505672503046,6.239321451181028e-05,0.006728872341517555
8902,0.0005576816090520015,6.53620113262152e-07,0.00019388246287331703,0.04627039726311518,4.4924501664636575e-05,0.9783043052127662,0.003442943723175913,0.0013205876993059675,0.00013322841568741124
8903,0.0021414148040103317,1.1609088058346317e-05,6.57931501804274e-07,0.003727474558506026,0.00047014716948119115,0.9982141337927041,0.0008459664838232716,0.0015449504750725295,0.0023771103684090173
8904,0.0002913726341411623,0.9278349939367151,0.0631838061963904,0.001461916211240937,0.0007095526818769642,3.791997086327974e-05,0.04356909536543286,0.0006917664876033365,0.0009268953625876983
8905,5.1269551812193005e-05,0.3631099598137631,0.5594428228112296,0.0010052854444004605,0.001305023673875869,7.87892245624887e-06,0.005916325893003942,0.0009540270314405292,0.005275341673005717
8906,0.06463310609896458,0.0009389614613489896,2.549608576290776e-05,3.5154948322300675e-07,0.04263946156987708,0.15550290495974373,0.009286742349536891,0.32689045111415127,0.007672777369066751
8907,5.295232355887572e-05,0.0046002601909927885,0.002251173942881269,0.00026831482196279104,0.9936878532216349,0.001302628223434748,3.748044856391145e-06,0.025602252937293558,0.004349474756313563
8908,0.8405796203248754,0.0013191596529525526,2.5915698292940766e-05,1.1502781069549015e-06,0.0006378880888622871,0.03193475685325778,0.20372259927686118,0.015797789491575998,0.017687053840419752
8909,9.001958338891138e-06,0.9111013726647248,0.05293330730208005,0.04703039256201232,0.0007958041527493051,1.5874533492415376e-05,0.002597984740220401,0.0001464086957162049,0.0018196048221556529
8910,1.1096318989435443e-06,0.9704863348043129,0.033567285482567516,0.0007433588862995515,0.025121643545704182,7.015631768608204e-06,0.006885923322266455,0.007149855865128144,0.00040182792860105965
8911,5.6524475850882104e-05,0.0020860551683925393,0.0030716294368377255,0.00018818745875326032,0.9927623798391609,0.0017311751567158074,3.955290507892423e-06,0.03745251077139926,0.003630014528354727
8912,1.8148662241569067e-05,0.4140936931522603,0.34058048327875245,0.07257190451576687,0.00020215198492133562,2.1308947641923115e-06,0.005807947465053495,0.001547230190540656,0.003423881675486712
8913,3.909015587833014e-06,0.9245449565644437,0.05628451414044246,0.0017873808335353086,0.016215503136723524,7.857303090793995e-06,0.007384774353166036,0.0018852808181567605,0.0014672419579300085
8914,0.018839077464247792,0.00010416774511285685,4.113739432372047e-05,1.254710114176058e-06,0.011055562728756936,0.001517150654380586,0.004085070260181133,0.9925977737043831,0.004425754957116105
8915,0.14256052258786295,5.118081968166047e-05,0.000116282073329605,9.199316428565154e-07,0.001016535242713442,0.024031911646027828,0.039812520267364544,0.7436695924574476,0.050319563016481786
8916,1.590976435244127e-05,0.36410486604711895,0.46018051218847994,0.14534568624245953,0.00037894264845595306,7.49630756768852e-06,0.005622440331089478,0.0003443523193514251,0.0005024653751232456
8917,0.004018303083324134,8.383200456888902e-06,1.148228305457202e-06,0.0031445278447330203,0.0012435465610026028,0.9985340211754808,0.0017090708134605223,0.0023712569502659328,0.00018000293945907975
8918,0.001611907361567034,4.241910903478024e-05,0.004435539407979369,0.0012144437434726866,0.005662787171841273,0.2213455257007773,0.00015728591645438293,0.00021508861245869796,0.8718215876923907
8919,0.0028899917907884215,1.0591371263597852e-05,0.0021875259687473116,6.46334215977546e-08,0.010083466920362051,0.0019352945065952097,0.001999707841645088,0.9691966642518215,0.0991105369710684
8920,3.2397401828068136e-05,0.38092475299381046,0.5160721804882322,0.0569880057816547,0.0009683272208679146,5.681233466238808e-06,0.028342730575567757,0.00025931402854376627,0.00020445674996934424
8921,1.658311119624998e-05,0.335827512070729,0.48603055883902846,0.1451908942002835,0.00021064148522067418,7.65083017163999e-06,0.0041425914078365355,0.0001487827490815955,0.0013502317113297637
8922,0.001805778964317245,2.624581475449722e-06,3.861746692802026e-06,0.006970849126666791,0.0005308822380208541,0.9989447458243874,0.0003857620743051856,0.0014664887542040525,0.0008377533222617252
8923,5.841503984302785e-05,0.004376694143107849,0.0025929523651438903,0.00025096412940566777,0.9936106248742389,0.0013421711447800036,4.027708149469061e-06,0.024020442595959243,0.004174801307383636
8924,6.6401723664886934e-06,0.9820759007714298,0.007609437276061918,0.018987628986013107,0.004967637170307288,1.8341387926385628e-05,0.00285323142033114,0.0006777037381835792,0.0002934684619079817
8925,9.299577823864577e-06,0.4222079637099007,0.7034549800805155,0.043652121996864635,5.644291043800353e-05,3.0193681374827465e-05,0.02198954115309335,0.000197447864869398,0.0005073315959437335
8926,0.002731660644996363,1.451869586583045e-06,1.4734313405417363e-05,0.005678267322297347,0.00045072557761493073,0.9980561691439873,0.0009133028070887736,0.0016093469275971317,0.0007276563128952485
8927,0.0031530363181619912,8.426437025856517e-06,4.820799908395257e-06,0.002698360654779066,0.0007376961736266516,0.9965589191492298,0.0008607144270639206,0.001620405155288832,0.00224936208878974
8928,1.8388038203878123e-06,0.06077401380555375,0.1937340316638223,0.8596841159216242,0.00013067003242900463,7.174127092501941e-05,0.0007876326567843636,0.00012390585563495075,0.00014881353816783408
8929,0.00011806048739182367,0.9948107778510539,0.005244641923565648,0.02227999692462426,0.000298583688713986,5.610165285858796e-05,0.0017919599002022622,3.368222071617448e-05,0.013858565286217355
8930,1.4634624639777302e-05,0.914545729618957,0.023719651770106633,0.007058686451970294,0.03047083025521088,6.660804267210857e-06,0.0032900852382689205,0.005038308803468915,0.00044631503193792423
8931,0.0006006775343844823,0.004049857528497112,0.2512889362668808,0.000432844469920498,1.950251183049357e-06,0.0010641567895488047,0.8942780194271589,0.00075894100597116,0.0009233851542929779
8932,0.0027251528603078508,0.00048196374796068776,0.022840594847814016,2.473724074394628e-05,0.004888221105269795,0.01392472703575881,0.00020966579125182493,0.0008220447689139488,0.9900835430585448
8933,0.002260880602507515,2.930316658908681e-05,0.00034793619183177206,1.4878066556053198e-07,0.022493711823520317,0.000782630727989074,0.001169292202722542,0.9993464492198794,0.0016453526082684982
8934,1.2889594093109685e-05,0.9658801904998238,0.0390191119696362,0.01505981093173528,0.0020182802001311667,1.5683820092466906e-05,0.008276371981462685,0.00043405867496262596,0.00043512463627726753
8935,0.0019253655224972838,8.830587412814486e-06,7.627948542184444e-07,0.006213661888320483,0.0005009871743062846,0.9983064281895522,0.0004725815225063365,0.0016747038982102848,0.0011502783729973281
8936,2.3573642945119328e-05,0.6500067538239066,0.2904282430052509,0.052945123585420396,0.0005256147077704202,2.566836816710995e-05,0.0035908685363567703,5.474043955765557e-05,0.0044986876590207385
8937,0.0011238785020722618,4.087681747482578e-07,1.479017196416834e-05,0.016764411311785757,0.0002401685633959078,0.9982828831291601,0.0005410399899367365,0.0028445550107422204,0.00011334624173590385
8938,0.4380462037344046,0.0075065460058398705,2.0134624182626156e-07,6.521906278536642e-06,0.0017477446275666604,0.14655662015519227,0.0019833600185054255,0.10533463940224935,0.21518855185772962
8939,0.0017814665058801203,0.819310068362682,0.017001371585139917,0.021786208581414623,3.7776295664965085e-05,1.5827742148808594e-05,0.014015860294887633,5.8134558017312035e-05,0.23795596669390437
8940,0.030861024964852588,1.176932588807007e-06,0.003927813143078557,1.5617135884392333e-07,0.00045566632691040356,0.004737360303114264,0.01571606917416055,0.8676214998460038,0.18208553804567637
8941,0.001912233091668948,0.076638127633373,0.08033553239154344,8.276128742882059e-05,6.27165947924685e-05,0.00032602376093670264,0.8526276620283003,0.002644171405716133,0.00024231391115574482
8942,1.2904810283639287e-06,0.06308293283695422,0.4401189768430349,0.3759701416992996,0.00011462171336953312,4.6965345037753796e-05,0.0006531489490922848,0.00014669881941734847,0.0006350035829856327
8943,0.04617322245757812,0.00020835568941018635,3.748253888485286e-05,1.0955220451190683e-05,0.005372528972461225,0.0010204163696385647,0.001199334639665869,0.8252488737721928,0.02426637528522951
8944,1.4258086045848795e-06,0.9727970009428079,0.027650662644799907,0.0010190636369360403,0.02520144679731121,7.407746690992401e-06,0.006212053789397005,0.008024980173881978,0.0003967163683791649
8945,0.20654383563539525,1.2141871827628002e-05,0.008275335049409792,8.421912298261366e-08,0.0005614039505055189,0.0010691111724995463,0.1416028379575629,0.25814371124119767,0.048010484338005505
8946,0.002484748944409518,1.3954644507162354e-07,0.00022082434327840207,0.003171908645918428,0.00012719878029577526,0.9773943862737373,0.024182839583580303,0.004259450404167409,0.000428595914070541
8947,0.022426000811083688,0.0002585012806659766,0.0003033913535501068,1.4665599324150728e-05,0.00324129162779406,0.09080881063493675,0.0001318502059494386,0.00201817197999197,0.9341866980166554
8948,0.0014713034030668381,1.2118378844593506e-05,4.788284724165262e-06,0.004842700917606259,0.0012661651409672597,0.9986185954541668,0.00033276653990476057,0.000337121614230399,0.0028667664439071985
8949,2.2087975082967637e-05,0.22614288811176445,0.6969680982880315,0.07143629650064612,0.0009276392685174782,8.225140505790838e-06,0.010449742873839703,0.00040191446587795363,0.0001718420780790608
8950,0.3435806552911701,0.0024673125683917514,8.34116882337255e-06,1.6766909374052174e-05,0.0009965049564549583,0.20848346841614956,0.012709939462929701,0.010180451223293627,0.0890018860109005
8951,0.010263747100781461,0.00010051905320037645,5.739323710430341e-05,9.390438739795437e-07,0.019371957353073004,0.001414769275800662,0.004107289810143964,0.9969873368581679,0.0018402095280688191
8952,0.007327519364216615,1.1971557203179934e-05,0.00016107265898634683,0.00021432092988752914,0.0005873230078648603,0.9767614386094073,0.0030085942823982995,0.003465309166661528,0.00254898877972761
8953,0.00040580211821202375,0.001062328431083528,0.0015203258176163306,1.2861332702565128e-06,0.19936515768474924,0.0001692645822810313,4.036640097602147e-05,0.809852754284137,0.390697456156199
8954,0.06512881452695728,0.00037768571631090995,2.6856413579294833e-05,1.3645639664490902e-07,0.001353094177271947,0.009939446010082746,0.0023535713992116525,0.7289993858385705,0.2690844941612875
8955,0.0005717046206393499,0.9756994017044945,0.00713250061387204,0.015034686690206744,9.598459928920956e-05,1.662169709845511e-05,0.004117305129877858,7.856512938140365e-05,0.07857478618922761
8956,3.089385451799069e-06,0.977127301737728,0.033011451158437725,0.008639236791225883,0.0006100071905940122,2.071548452579733e-05,0.002450545804830803,0.0003128828182108548,0.0023952853453270417
8957,9.449353863715274e-06,0.4052302914747223,0.47245461617528484,0.09690814283874702,0.0004987908487799087,6.365141765387335e-06,0.006454802188518199,0.000481172005580427,0.00028404231999677775
8958,4.496689545923322e-06,0.12810244786989086,0.23563574509973245,0.0011003614192731728,0.08553724948059972,4.706841771224567e-06,0.004175057924044612,0.05069059213146774,9.644149359017628e-05
8959,0.0026719835459530312,3.5105340003274314e-06,1.9514159281063914e-05,0.0025934261840650937,0.0005904549380598198,0.9973379044969116,0.0014505701420222013,0.0006810244041629146,0.0016987696747073156
8960,9.188381020505429e-06,0.6449853420822858,0.24808065580468916,0.1368188970528644,0.0005921433517814361,8.184027829960069e-06,0.003477384139251503,0.0005774222288277056,0.00011721012596893156
8961,1.5744313906560849e-06,0.06684614515815758,0.9495059621764337,0.01007521327098275,0.0001588449219324878,5.0862515793669284e-06,0.005933429139090846,0.0010465716374807523,0.0004975555679208704
8962,8.513449384952278e-07,0.9692595800417989,0.03123898740059,0.0010788023025360468,0.022355619494901606,4.752136842153708e-06,0.0052039038567409735,0.008436304084942173,0.0003747218215250898
8963,3.7724224300619e-05,0.591955975963271,0.11794883188078731,0.13717876203856383,0.00010138227891442487,0.00014757300421353785,0.003778101612536683,1.9642585777144177e-05,0.006099837906601841
8964,0.04306570545895636,8.125182962950779e-05,0.00018276936126410614,4.516243468539423e-08,0.006369089656713907,0.017525810499044517,0.0024849881454231506,0.522985703762411,0.7210888217219592
8965,0.00238120018340823,0.0006825698114543629,0.010675565692658229,0.0020514777624761203,3.1491239948405956e-07,0.0003609304204114979,0.9947331676198942,0.0029129852719444243,0.003884027671258724
8966,3.972170597700815e-05,0.9949046742413689,0.006133689066160878,0.0072515771146836215,0.0011183346949514064,5.889328663437656e-05,0.004779394195821205,0.0001947101525391223,0.005526200749707209
8967,2.6668212203826796e-05,0.7581164927021756,0.0839511531317951,0.0005974818725975518,0.02356159130590008,1.6879316112246116e-05,0.0023909452935070986,0.006742389283443824,0.0005234948159894755
8968,7.987741128995098e-06,0.468729688272297,0.40062934996565924,0.13704089374239461,0.00048099957208654005,6.67144041383591e-06,0.00453128725739875,0.0006179455921998728,0.0001624575251336843
8969,8.571978452017263e-05,0.5030718198172867,0.2448942235292368,0.021160989592758014,0.002846761686697499,1.0676798844558344e-05,0.022419730424408733,0.0005818024740758053,0.00010432947381566114
8970,1.214850900160377e-05,0.7017270116651236,0.3078648621516316,0.0015884938298193771,0.0049637985223082125,2.1823314335870613e-05,0.012371600826832854,0.002044296011702333,0.0003161265139529042
8971,8.253514558153196e-06,0.5154032663582715,0.5803607862228423,0.04754374633921155,3.388006463977496e-05,2.392095446750504e-05,0.03064013806340657,0.00015515142206971402,0.0006620837126206869
8972,1.5790829320384677e-05,0.00010482461441754006,0.632675722365155,9.520823859981247e-05,0.01760922840441472,2.3715348745353914e-05,0.0003495048020500854,0.4004196744828217,0.0009370576282587208
8973,3.987638251157704e-05,0.017105574572546293,0.1003687605239257,6.770313677569222e-05,0.00018353378421232127,2.0584242739004252e-05,0.4248797806136024,0.16813489153731312,0.0004078986281105039
8974,2.0063383623648973e-06,0.3639838687543595,0.014536434100799921,0.540452576628526,0.00015492438004597242,0.0007168486984525865,0.0006299952865183876,1.3795835518003873e-05,0.002354729228750034
8975,5.687292525403926e-05,0.15623462391197,0.43230523580762986,0.10389529803897539,0.0001386178909494306,1.0998355280828667e-06,0.02954787518827283,0.0021604526708974116,0.006983207310513853
8976,0.0322878853245045,0.00015327373660368017,2.663027640420508e-05,4.1647009250896234e-07,0.02645631006726094,0.003474810501020429,0.010629235558884384,0.9873949450230171,0.00564728573756011
8977,0.0024285345335256204,2.2292457572825483e-07,0.00012955117197068907,0.005394763373184015,0.00021129212696602872,0.997352861942574,0.002259540252844301,0.0025746538281428226,0.00030589476248630095
8978,8.938918672995106e-06,0.002621834922938907,0.8188924514333695,0.6165291982797992,9.386633490729488e-06,0.001057510648095644,0.02846525587562844,3.914176972710081e-06,0.0030234973467581677
8979,0.010489960410470879,0.0011212449580757626,0.006181400637080476,1.4521649629955066e-05,0.011065023831925284,0.010629638153858662,3.330838338146063e-05,0.0010565938544219084,0.9894292681363842
8980,1.2683778994875613e-05,0.9892049413944977,0.010893380324022291,0.02828444919344052,0.0008788291887446293,2.8412547367729147e-05,0.003356783985714279,0.0001596207548590563,0.0010014185248931819
8981,1.3675824070232776e-05,0.8256956075771718,0.17941096451974065,0.001227221718570203,0.011726796900355949,8.36277907209078e-06,0.008683298132416783,0.0048902937868779755,0.0002010057354298249
8982,0.0012472896191325232,0.15972369957855712,0.5359188416718585,2.0002897603526807e-05,4.7583151744062114e-05,2.0016741834492734e-06,0.1280182172290117,0.0002552180989945562,0.9708537816053991
8983,0.0095615664488117,2.5427113368668906e-06,0.00018608144768412577,0.0008045975429873584,0.0002607448924081105,0.914418281276506,0.006301463332299027,0.010668600873639801,0.004809531669428071
8984,6.386687909965574e-06,0.42530962315020726,0.4546875703250062,0.032491090707381126,0.0012086193799774392,7.40406163935461e-06,0.00711023441904955,0.0008496674701500964,0.0002936864794758888
8985,8.495148511984116e-06,0.9826909255068205,0.01260458374269713,0.021230132758792077,0.0024151799824465255,1.1562910419767136e-05,0.0031731402629954475,0.0003300270586014426,0.0008698387267494191
8986,0.0023683818242126683,6.218970928761e-05,0.00019668718863557547,1.8451177975486679e-07,0.026445643366935542,0.0009516834372569197,0.007257016072388043,0.9980469587161181,0.0010274401641219343
8987,1.933547400248767e-06,0.28569435063200405,0.6930948210854541,0.02349110769539327,0.0001557838149582213,9.190846646532735e-06,0.0017147349119234832,0.00045749378136991946,0.0013152505156074248
8988,2.813608189736568e-05,0.45216119724696,0.47631352996378384,0.0649327210175036,0.0012389396914415562,7.426044804561083e-06,0.01304437257319508,0.00044258273061271026,0.0001435368323409564
8989,0.0018989090631623266,5.169282384602401e-07,2.6617248364617795e-05,0.006760821718442915,0.00019035086649905693,0.9976166558855522,0.0027927792286727296,0.001346769377299319,0.000661172204020871
8990,4.299332003189555e-05,0.599945425741381,0.3206042018257442,0.04237452947060157,0.0029417024936913153,9.602587916560511e-06,0.012622928550002218,0.0004170785226210118,0.00010674952548061192
8991,0.06975026386316195,1.122819438327315e-05,0.0006976745640762415,1.9296524695833448e-07,0.0014075026747101596,0.007347603134076966,0.006017726979857666,0.8257882203996101,0.16727209633272655
8992,0.001132613451332776,2.0311018586103793e-07,2.443826384343594e-05,0.01851905269811132,0.00011267215923847028,0.9964735019071866,0.0009950498661799295,0.004854423246782521,0.0003305742961491924
8993,0.0014884160177920495,1.5540127304057492e-06,4.180747064902449e-06,0.012124723967749801,0.000590041337638623,0.9984889712823768,0.00033910785658771016,0.0009419936790878709,0.0006117627907752488
8994,0.003111158130014047,2.554720641867706e-05,3.8817102538233e-07,0.003980943261627889,0.0012163805897598993,0.9989691287877576,0.0006467830579731517,0.0016411749509076287,0.00028390542508778256
8995,0.11233498961922411,0.000307126220761668,1.0674611290898517e-05,2.722278283726585e-06,0.003926820112859782,0.004488577580558946,0.007058400062377302,0.8984552510800677,0.01659472817546271
8996,1.7779382136321735e-05,0.08976578259710911,0.936170401080758,2.4808370591771914e-05,0.00938786037482791,8.956326080800594e-06,0.005942343441997536,0.0005778951516032787,0.03809958916963798
8997,0.04244492219374909,0.0003088321852111426,1.2260499021233486e-05,1.7936090661099643e-06,0.0025364169101840485,0.002349197194537727,0.00812352168842753,0.9615245356798164,0.01081066972183598
8998,1.7071072067920531e-06,0.2029725282461044,0.7308037344060265,0.007924914881631034,0.010372235415228439,2.1465058901177317e-06,0.014502762263020923,0.01367475634725103,5.215294001982934e-05
8999,0.8412432366131551,0.021935691234537653,0.00017959765426976077,5.8023187663209066e-05,0.03090500776535342,0.0031430700702517983,0.0002344032829298895,6.547779993512526e-05,0.3986779785171883
9000,0.10168667059634103,0.001607484119588664,0.0038127032842063557,3.052451659836149e-06,0.005841021458338824,0.006259062845112335,0.00019660889617863854,0.0007534930199617273,0.9485325421889323
9001,0.0011763304980002094,4.182666678362056e-06,2.5322322334693367e-06,0.0052489560958765774,0.0002904137499931038,0.998436980948054,0.001002841085185185,0.0006983837677298168,0.0013120384448996017
9002,0.005710536736486842,0.0008413498012024144,0.010353825266720738,8.750226209378426e-06,0.013966364055195154,0.006197304008006209,0.00029706700967056836,0.0017952911158821262,0.9922142682981719
9003,4.300144738217032e-05,0.8652141181829339,0.16379711432161387,0.009567745700572925,0.0002636312363165807,3.071066113362617e-05,0.07701529704394983,0.0003451262126997653,0.00021350298511112434
9004,0.007232402427227506,0.00034785598054938024,2.637227308450603e-05,1.6306836279327526e-07,0.08403430627357725,0.0029586997325365644,0.006655786684086774,0.9967272449453898,0.0006206598641577285
9005,3.0094682418610976e-05,0.01840794830452953,0.004129559412706456,0.000567814901879719,0.977285910147838,0.0006022747427934062,1.2267267910565778e-05,0.01647325287965356,0.0022746657972390508
9006,0.07524039810505968,1.0899812748947488e-06,0.017898708700572568,2.895616529659326e-07,0.0010386727210354091,0.0008785010238835596,0.19234966600066788,0.8483130360934406,0.022234163261671068
9007,1.7468844903136106e-06,0.49235949944631224,0.4070595934419364,0.022965526926250385,0.0002272300161279076,1.397094849257398e-05,0.0009440807601284897,0.00025193950397071755,0.0028435022495796537
9008,3.822511062081079e-05,0.015604251146574113,0.9790197696623478,0.013834564632570647,4.248200042953712e-06,9.929304060594282e-05,0.4895245019580292,7.505521607090571e-06,0.02099928391884691
9009,0.007976071436933935,0.646351690280848,0.00023722103801986072,3.393925355255764e-05,8.974454581639534e-05,0.0002568460110640536,0.8676667952438538,0.11844703654832665,0.0001312799815929587
9010,0.012837228952580996,0.6708559969828336,0.0008003542488695579,0.0004312067804793267,0.0009134217873355566,1.1723115917683077e-05,0.1425084739758027,0.017647168344192724,0.013244794747373017
9011,0.0002807384918432611,0.20836574313641634,0.07736281095123056,0.002195620816983194,0.001970892572746914,0.005010968327178525,0.0011525387906278477,1.720227741706907e-05,0.09994739745229307
9012,0.0021802598427117198,0.00038369750083377236,2.67699206984167e-05,1.6111089342924295e-07,0.06975771291062483,0.0022143860855859177,0.0007764555315953368,0.9988792993106841,0.0003739537573425341
9013,3.2761968003567535e-05,8.908663789970357e-05,0.13780801430159487,1.9155701207606586e-05,0.7729540553964197,5.371683918814196e-05,1.3013434487064603e-05,0.4813966887576261,0.024970091703423042
9014,4.322384723006351e-05,0.9870560863306681,0.027553782344058052,0.00550589315116839,0.0004757537032914034,0.00021149722448205293,0.0066901251559746645,3.454724551468079e-05,0.008217132987027677
9015,0.008518624486959524,0.00028218926881100223,0.00015822577797180274,2.890296736960763e-05,0.0013842679028752128,0.8707316409520911,0.0018927582825834033,0.010767610149456557,0.002873750478756629
9016,0.0002879522198683561,0.33537217893729615,0.35617709033868516,0.009918524112569013,0.00048479533589212135,1.4396136525409168e-05,0.1885589630195901,9.45376784639873e-05,0.008075656454155061
9017,1.129038045949576e-05,0.21325422073782607,0.5893843338107281,0.12373146964307476,2.1771655684486343e-05,8.720545942963953e-05,0.023430331291422433,3.988334587199898e-05,0.0014731843280371656
9018,9.512293343390763e-06,0.8941131367612346,0.06536815972757631,0.00820582665164755,0.02439656283249109,7.874567499381173e-06,0.003390531944171049,0.0024461843929230115,0.0002506585508645367
9019,0.00012092364837283831,0.7126210126143595,0.011736947791829988,0.19206841663816826,7.557224113768512e-05,8.107477639938569e-05,0.0023814161661259194,4.012940979900679e-05,0.010884669906143648
9020,3.5753753253317e-06,0.24801819751914075,0.8180740011308864,0.007275414645829796,0.00014223980122146076,2.011174594814214e-05,0.0017046284554588188,0.00011020394020692406,0.012625013202893337
9021,0.003824499603028801,0.0010214724673802994,0.01679453354721657,1.3377225099326805e-05,0.009804842837793723,0.01522822669793608,5.720749240571879e-05,0.001951991388053186,0.9865946842659953
9022,0.0015921388536545226,2.7395923387463897e-06,4.240427507404833e-06,0.006836418853386631,0.0004954563814571074,0.9991450217339536,0.00044291917033124976,0.0010012025975353097,0.0006639828819854861
9023,0.002636481419141649,0.0005996814672622697,1.3719043873190263e-05,1.72203720555388e-07,0.09042198806210235,0.002005779334125183,0.0007768175221521104,0.9990989066858479,0.00039222598612926744
9024,0.0010329868376319279,1.0205846549200813e-07,7.509550779824541e-05,0.02647773064661775,0.00018553446632960666,0.9979608576904563,0.0005294320010686968,0.0032747354727798656,0.0001167001248772389
9025,5.956725155823903e-06,0.20771534353477072,0.6358250338654359,0.017220924400564802,0.011551078351261589,3.742008318253125e-06,0.010570106079504458,0.003644672096313686,5.355428418040403e-05
9026,0.00041998140601760456,0.03998254604829295,0.0026804259328957413,0.00015913427827682136,0.4040937220968036,0.024337442763540287,7.814571109404524e-05,0.005650558404145601,0.004954910223515105
9027,0.0003613073468376128,2.565370116565955e-05,0.0037976228934902792,6.47481754727446e-07,0.11620204470089703,0.0052157719332629185,5.006075097831195e-05,0.9727614604601248,0.00020343949276230137
9028,0.9472005634943608,0.007405303106545073,3.1243166201103837e-06,3.9790630502627013e-07,0.002416141034475387,0.020986938529759337,0.06280532624826488,0.011513580226066833,0.059269345368226437
9029,0.0018999201671302778,1.0193827374578153e-07,0.0001337351443530888,0.01391621394002549,0.0001381294729047576,0.9963733776611993,0.002187111704620974,0.0030522867068453847,0.0002470534985025794
9030,7.653803190374266e-06,0.6172956617688444,0.36649782933116537,0.0009648382322788182,0.011372540206048786,8.006766864750635e-06,0.014007256622618109,0.007056232101515027,0.0002033625522162254
9031,4.4406998582958184e-06,0.7402979786008574,0.18265586627858374,0.01661541003196138,0.007574739770836732,4.922415033480042e-06,0.0034235863760774753,0.002710301351270321,0.00010982937022026355
9032,0.06888872573942016,6.098731868441394e-05,0.024122132835912333,1.2362571339697186e-06,0.00011777709274988309,0.00020464004749770403,0.4106938858281267,0.46090178928937664,0.0036231117425636786
9033,0.005736836628497278,3.40374546238463e-06,0.0014473293463729718,1.1360543630360563e-07,0.00659258841528802,0.0012411792651067816,0.0038965461700567134,0.9947705510774795,0.016982007898682233
9034,0.011631733184961154,0.0009631485105384586,0.002179546285157752,6.2981463405722e-06,0.005752344239352855,0.022131528018758166,0.00010185771655098277,0.0024264305929357862,0.9837568553715249
9035,1.1822928031584615e-05,0.8424095294782535,0.11845273141901158,0.001164125021902991,0.015358879424224958,1.4073327692702123e-05,0.00329326522448634,0.005233989916076012,0.0001845806165910231
9036,0.0002442858494454112,0.9642537421500891,0.0073785016923104945,0.028632218091770478,0.00013989328622139414,0.00010339279955401001,0.0022083422479444417,2.078673441532831e-05,0.05505176086387616
9037,0.001947277607330631,2.3639973134700495e-06,5.040043351266679e-06,0.005565050408505284,0.000258362572703985,0.9977021806895309,0.0016196937692327434,0.0012489482418653432,0.0015755467034566841
9038,0.11276035099159644,0.00011912501649703226,2.092599435269311e-05,4.10062757609655e-06,0.002746698517432144,0.003503048657602438,0.009185710439941206,0.8750587571924984,0.021059119240253305
9039,0.0007588877421056536,0.0029857636305461225,0.00012790788953784567,0.03436268746008907,6.416132764990559e-06,0.22492545107852424,0.5307146535000586,0.0003035961176872822,2.8393514464659073e-05
9040,2.86348760482856e-05,0.9274400501024178,0.09372125879819045,0.022807367486721103,0.0009501498257612049,1.1805336547788234e-05,0.020407509155014974,0.0004931037130642514,0.00015374112084105682
9041,0.02429526676529719,0.00047061943595628374,1.7726391555310395e-05,1.6889142819348328e-05,0.0010657630673431278,0.938566929923377,0.0035805098904509547,0.013412251247615215,0.0074100528299621314
9042,5.527904002614317e-06,0.1250100901027162,0.8387890299192183,0.16445658842611194,0.00018518479726092128,7.725721216763651e-06,0.003469655345421065,0.0005453753347190164,0.00021012091934410177
9043,0.9104656442031539,0.018369594826464934,0.00025568617371957885,4.013215174776683e-06,4.444018333421467e-05,0.0001993966015390128,0.6942089535045753,0.006728143647989739,0.0023645163859226624
9044,0.007259176600401985,6.065687534840659e-05,2.5698734696228124e-05,4.2222209632234735e-06,0.03998989197193793,0.0005448910291653365,0.0007862307719485259,0.9965051443291016,0.0027166518648839683
9045,0.013813395039357832,0.0010796074073153167,0.013222279923240725,3.516566732499281e-06,0.012104427743786743,0.00380949717656796,0.00015320738307975985,0.0008185963662389659,0.9978525493074992
9046,3.6954797379889064e-06,0.003900587150569612,0.361642392080743,0.8963767920644304,1.4798868172423706e-05,0.0014492822757420235,0.008025979016366239,4.042705864223405e-06,0.0012389505470011982
9047,6.542230712706673e-06,0.9590604133035698,0.029496267819758403,0.030560041300687544,0.0039389890154533196,9.220627377575655e-06,0.0023418947984434873,0.0008202391593892374,0.00032454495946829395
9048,0.0012504068133630955,2.8251062828280158e-06,3.335935408699203e-06,0.005287299531841234,0.0003032497223707796,0.9986420680745174,0.0009936045032650624,0.0009648730297720583,0.0008206507020719734
9049,4.321471333910293e-06,0.2050476323921454,0.5782490803630878,0.28361193281295777,0.00017529821663015736,1.182621365162537e-05,0.0020619788918113903,0.0004275624648114429,0.00019167900492590042
9050,1.6412646653646095e-05,0.8686857656834394,0.04472558212810174,0.003752139792373878,0.0012033712669282505,0.00012584621899150883,0.003607180601397673,0.00040270559097020935,0.012242011512766266
9051,8.038519589489188e-06,0.7988274474892726,0.1151693025093814,0.09991068651787313,0.00022896012357524902,8.077889441313457e-06,0.0023762751026260545,0.00025711907668124885,0.0031816574534670665
9052,0.0017005402766373495,6.348255102527073e-06,1.405567531787855e-06,0.006563427869674836,0.00040580101467756484,0.9986416179153285,0.0004650603488638213,0.001430071922471686,0.0012785476043857664
9053,0.0014054233337875194,2.781948052198156e-07,6.248085744852825e-05,0.008209192128020407,0.0001380183427898702,0.997830114161927,0.0028442861104675684,0.0016654479462591245,0.00028641015103649046
9054,3.1349652838652276e-06,0.5339030859490704,0.3459948670766209,0.04064017712919478,0.002419426226228516,5.310190311445789e-06,0.0037411507179941766,0.003078185299859586,7.757639209122039e-05
9055,0.01174570182526585,0.0015392588850488438,0.004075919451888881,5.7376032962413815e-06,0.006896293837413594,0.012848792595409166,8.967537591598525e-05,0.0014683235790827912,0.9904241397543958
9056,3.92577233262831e-06,0.017094789266981766,0.041170239333888435,0.9648576392534989,4.824775959796117e-05,0.0009589592828139528,0.0012339263878275181,1.6592799430054035e-05,0.00046244326992082245
9057,0.004504801645766627,0.0013976420895011753,0.0021915946858072862,8.552979497195204e-05,0.011818446819979473,0.05280880992268364,0.00010373892577426407,0.00043712426944869247,0.973424926016118
9058,0.04644854750161754,0.0004957665959246036,0.0005459534193137119,3.5045396311419246e-06,0.007352381486774479,0.0029375029392921196,0.0004254009373827785,0.25003518724683804,0.31255854994566146
9059,9.690111828876858e-06,0.8970905021812521,0.11313278981571459,0.000853082836554283,0.02148305375124988,2.6972898638479356e-06,0.0051911844761046945,0.018402034956530606,0.0001393535041629165
9060,0.0009204074976751452,0.0004246929255301047,2.7130139156938698e-05,0.02566257377561801,3.1326754267436207e-05,0.7731354436479444,0.055040377179160035,0.00038724111088295275,0.00022942946891048736
9061,0.0024622062861312977,2.510382472992994e-06,4.111918802486176e-06,0.008987224183143743,0.0012503325451725055,0.9986289630782013,0.0003204329246843949,0.0019142762520975118,0.0002972018845641373
9062,0.0012803570548932481,6.383767125213875e-07,9.05404911551913e-06,0.013593283721829707,0.000295726419349615,0.9982175678545473,0.00048042191413455226,0.001996302965219787,0.0003605211635790555
9063,0.002725321015948022,1.4170286912662328e-07,0.0001810065420511109,0.004413273498742442,0.00010589592147290728,0.9938390739029155,0.0070761866792406125,0.004349739176747806,0.0004640741460378552
9064,0.0023736602254959454,5.834737257037943e-05,0.0001236759843235121,0.00030520642305591255,0.0021808151713529,0.7842489150014132,0.0005410265068525659,0.06612475798893719,0.0001984577293139478
9065,3.6886538140775064e-06,0.9316953827227202,0.05382481373305587,0.00877646869350301,0.014781436463579167,7.903552029335985e-06,0.003187767313469622,0.0031081903975905475,0.0001652132689862505
9066,2.021242615895536e-06,0.5225683445935425,0.30079439801892255,0.052303328361844814,0.00014376960349635795,1.8409246735421973e-05,0.0014079759468464633,0.00024362405843861865,0.0016480934667441598
9067,0.08888914939536426,0.00010275065745433361,3.939115563074199e-05,6.3808677422239515e-06,0.0015492176244918268,0.20478758405614958,0.0004357583837038599,0.0074429470806603145,0.6566040462830172
9068,4.3347152013909215e-05,0.7229934456930791,0.12781201894730618,0.04449894425407341,0.00645457957567565,1.1725804523339093e-05,0.006546476278611878,0.0003511681443563023,0.00010925261952756452
9069,0.0006971186469666792,3.313969374626148e-05,0.00022469994032522282,1.4282526746911946e-07,0.02858773381355857,0.0011559070789891688,0.0005013167537888523,0.9995562229046383,0.0007863431572218663
9070,0.0018125388593681186,0.0002091659329815089,9.468840037735692e-05,1.4530662312785724e-07,0.1017371318789088,0.004119289606108664,0.0005105913792982973,0.9964538779064495,0.0001436090551057523
9071,5.603610203485183e-05,0.005009607444265407,0.0027935733065775317,0.00025946289759779667,0.9926688495399686,0.0010619179948629595,5.138148477855012e-06,0.022701513460872347,0.004222295125448092
9072,0.023591748051251023,0.0017328825296499852,0.010087869430606671,3.11850300656494e-06,0.010599206856192383,0.005804399935960856,0.0001415680128033879,0.0007365082226226309,0.996439207180117
9073,3.661309310512718e-05,0.003447855000490182,0.0040747547364276574,0.0003727596907658052,0.9915057933564004,0.0011445359051013473,5.795717222799832e-06,0.027066331703107644,0.003209817732470972
9074,0.02166361450751028,5.3647987926435025e-06,1.5692036389065338e-06,0.0006520653710249179,0.001285717788478719,0.7880321028158832,0.01608103871414026,0.04022746621581837,0.03452865991535586
9075,8.13302524602429e-06,0.48047511124087533,0.43342177154007133,0.0007669315220797901,0.014933044293523153,6.50919074951566e-06,0.01616531570399701,0.007577061180991476,0.00024860580460921427
9076,0.00023391019584852047,0.00036655093013760864,0.0037537435604096266,2.2285918316345622e-05,0.003657936839387926,0.006778851526399507,0.003783817113334847,0.7624157838216249,3.7476451650491026e-05
9077,0.0011493677169266939,0.00011736845228815329,0.00022089404097356568,5.639617073187998e-08,0.11121746914475177,0.004030786452702372,0.0003568377640230081,0.9974321718559073,0.00015168848500583308
9078,0.00015843035572011657,0.03820313310169468,0.8967186652529414,0.007154082947302588,7.79611985055354e-06,0.00020496968371673605,0.3050934342669084,2.3066665726867766e-05,0.006607643071323076
9079,0.0021023635722517134,4.735167870185937e-06,2.774460641394153e-06,0.005725171362490136,0.0006279267334064124,0.9988484391933753,0.00044339712003959816,0.001200021091627461,0.0012147863427303999
9080,2.6610445901225873e-05,0.11376611126601158,0.010079006301737197,0.0005256169632382058,0.9081283168397476,8.219079383126843e-05,7.069726383932889e-05,0.012100570412800727,0.0015657122567400768
9081,3.0232421965852404e-05,0.18554481823898716,0.28598756501641526,0.2182115403952172,3.731088751795464e-05,0.0013858093732262153,0.006369884794187723,4.01697498530863e-06,0.006862204239983771
9082,0.012298904235715571,0.000243765370020173,2.5113358475606358e-05,6.683193086635645e-07,0.04939546031717324,0.0009709161354287953,0.00555707597821773,0.9966866969242565,0.0010720544210350185
9083,0.0012587019499129839,5.0920422450869805e-06,2.239920800093363e-06,0.004721656726631308,0.00027806999493851226,0.998263557644687,0.0012387105150989276,0.0006735701756078132,0.0016315298278951715
9084,6.542533728046736e-06,0.29694408652648396,0.6190228892252605,0.18509149995435023,0.0002056375308626451,7.398867159325435e-06,0.004688778790980976,0.0005180039767901246,0.00018716301704192225
9085,0.0031936845139513607,7.696541482804599e-07,6.216608256648906e-05,0.0033814663042038024,0.00017221694256385522,0.9875274723994448,0.017469185573748654,0.0029637893324832272,0.00028144557592316226
9086,0.015553295687091986,0.00010284853909448176,0.0014393165820036397,1.410178191423902e-07,0.002066115303222869,0.000726495632185755,0.03621912074492175,0.7846498914341831,0.07106853513605804
9087,1.6974703389361669e-06,0.9643097040610566,0.024628416389387408,0.004704791676774891,0.01857155185371474,5.9190443555109485e-06,0.0027794541610327893,0.00394488858748963,0.00030896019375821
9088,0.0026566862331292122,0.00045529874130414337,0.023257598794055347,2.5406987108536956e-05,0.004912980712528613,0.014899197960426734,0.00020684631102807686,0.0008350577961922694,0.9896682007060376
9089,0.018317835910939138,0.0004322130504227901,0.03663650426860627,2.9661228487468397e-06,0.010788891693052183,0.003223128571422079,0.00035059531041521695,0.000632850357820308,0.9976369147423261
9090,0.014999324195248407,0.00066595780998344,0.027959722018245363,1.6389976228373993e-05,0.0190794727162195,0.0012182590332318354,0.00011573728409393666,0.0008260165325275064,0.9892137670353455
9091,0.0033318085173736486,8.38666777193466e-06,8.122174855390988e-05,0.0006816657872624706,0.0008409435788425728,0.9885988278619444,0.0009177349793517815,0.0034400900151625707,0.001134991395723476
9092,1.5278425311192212e-06,0.5560966157697002,0.2695121445464092,0.016168891790743746,0.0214980434728036,3.1517082287129485e-06,0.0022025978877914932,0.012988231081225708,6.031092965842591e-05
9093,0.0001083884309220046,0.031081991116178775,0.003690759866025953,0.015199524157477367,0.0007995200561452648,0.0012038859567814948,0.008442622739324798,0.002771314396664774,6.595792277814966e-05
9094,1.4533700744836385e-05,0.5431008155907621,0.5777269240208253,0.07907945544069468,8.101015242060233e-05,3.658849516693009e-05,0.008514376345469137,0.0001723635161508247,0.00044332043677757074
9095,0.032976548672960175,0.0024204090883680842,0.0058582234226471595,5.958766204436023e-06,0.010306415354535357,0.005726120364573185,5.59633369588825e-05,0.0005660319764803731,0.9871243511226625
9096,4.429553579823596e-06,0.256987664541971,0.0452153128046389,0.0017621256401254117,0.5385743782901701,2.0775737695815922e-05,0.00048627075160587055,0.011752093418813104,0.0006198927165786965
9097,8.819042372352795e-06,0.687355316683936,0.2907439692238919,0.0011277823283560714,0.013774370387421192,9.099143784876424e-06,0.007960999817565864,0.0052288171464340335,0.00019073160077248173
9098,9.536283507035278e-06,0.3396664369606409,0.6421989465191275,0.09592190435253398,9.837641100211352e-05,1.5999276781064993e-05,0.00963337343409877,0.00028090473533290227,0.0003762217558908298
9099,0.0004889917879779661,1.3157168060557094e-07,0.00024369340374964967,0.07782691484212297,0.00014730274594876715,0.9935810125884142,0.00037174238338105183,0.0010657288309051385,0.00022650400214510876
9100,1.95004065863626e-06,0.9722078818720907,0.02611129564432185,0.002621867580264194,0.02365172590209101,7.570144024351874e-06,0.003462745501844061,0.00469450663996336,0.0002748669883847652
9101,2.9471501178303925e-05,0.2903931231670423,0.7419413812297574,0.04950378854254211,2.5242328101969045e-05,6.0579166411560995e-05,0.0329133026845622,3.488905498960289e-05,0.002786947809331161
9102,1.8162216119581514e-05,0.21947758504839912,0.6968987942508816,0.1698631032877285,0.0006404906705388049,7.2172132089467065e-06,0.00464745098018069,0.0004705200647463547,0.0001794657196945987
9103,1.012273682772703e-06,0.0029279623942666637,0.9209135445838145,0.39174054325392726,7.102996813159631e-05,4.289630634622767e-05,0.000685097399692489,0.000172824370013193,0.0006244511267297936
9104,4.226782415916095e-06,0.5923988838447348,0.11596897078397107,0.2993520691986023,0.00021558810287496293,3.7162046845265244e-05,0.001003133605377777,0.00021010807240361582,0.00045016870892631606
9105,0.00444709087242269,0.8499167852465982,0.050319806304643604,0.00046069979235388787,6.362128212132807e-05,2.420458298368662e-05,0.09974405516816744,3.10426658378735e-05,0.7048418456956962
9106,0.0075895475009254065,0.0004773401711281414,0.001939147155041216,2.1113571984426395e-05,0.005582363053068045,0.0404756679749718,8.118301055714362e-05,0.001025789088571684,0.9821545178961194
9107,0.005972360461560688,0.00014050038698454402,7.060354927160758e-08,0.0028203072321473727,0.005643507319453935,0.9989730435777608,0.0004554086104571751,0.001125660554057222,0.00027748575799610637
9108,0.0032861399184439008,4.87060021853278e-07,0.00012547431127334384,0.003769078589014105,0.00033624474994657216,0.9953712831460828,0.0016395445292513864,0.0030824120776793917,0.0003734966997501129
9109,0.0017547759249145413,8.088966879512468e-07,1.92593650833155e-05,0.00815931621839643,0.0006421808480085692,0.9988069829291241,0.0004740541289496686,0.0018049278906272228,0.00029606200959868663
9110,0.0016474727696057217,3.506037633848913e-07,3.353962322477559e-05,0.009331515588088438,0.00023995001119625272,0.9986130480927591,0.000977253511288193,0.0018632256916466733,0.00036749072465125485
9111,0.010892046810868477,0.0007440694197739502,0.003157954598346723,1.0974365192813827e-05,0.005529827890838882,0.024528060625535156,0.00010906746938985026,0.001277087834137809,0.9849493414248711
9112,4.72510768247594e-06,0.932385625919647,0.02539516142047656,0.037847019091700226,0.008550840186407114,1.2327353687362134e-05,0.000548247618577603,0.0025771648038299096,0.00025580781701903206
9113,0.0028150621471564313,3.555485580533459e-07,1.869862038774235e-05,0.006229803234731843,0.0003887529482858951,0.9964566508395896,0.003935261013758879,0.0024380002166319746,0.00022997796725652428
9114,4.608060715041467e-05,0.002668689823472982,0.0061567051056777965,0.000313833792948407,0.9907083068450179,0.0008880556113382436,8.15360909622776e-06,0.02668991878886477,0.0031671568345300032
9115,0.3308707475722384,0.0005371963273437992,0.0007797426163641608,1.1304775365027677e-06,0.0020390853332243643,0.012926107798623606,0.0015712617352622933,0.003172897917615629,0.564356725346169
9116,0.005032835028144539,0.0023727571844727306,3.3972908447465917e-06,4.361704948648267e-07,0.21471570180755445,0.0035407584927535604,0.0013491774361093613,0.9975424904536628,0.00011045484608243335
9117,0.00974324676699749,0.026588141403703427,7.180990805943514e-05,0.0005905459485739706,1.1231199430467962e-06,0.002249454711196108,0.9911029205321807,0.000622224716550611,0.011144039511413998
9118,0.7647395462814964,0.0005197098558993278,1.8413577804351086e-05,1.9387713983808423e-06,0.0008177561240495753,0.027425346627658588,0.018493766305259618,0.211838931642257,0.020479436085227978
9119,0.0027665787972098272,0.0003027185065569535,1.9000121825814872e-05,0.004868442604502255,0.00015034107760152684,0.9134255016344028,0.07930334053601426,0.0012441908482912112,2.8420694920260383e-05
9120,0.00467408322015695,0.010487068490945552,1.5343426199223048e-05,1.5477935220605608e-06,0.010705200567386705,0.000728718316739091,0.00821345165959118,0.9893666278746873,0.00038957037063317584
9121,0.0016158162619809686,3.3593650254463217e-07,4.8123888593658724e-05,0.00790675495638584,0.0002109462495617518,0.9983689317545485,0.0016897531485578702,0.001725496094051921,0.0003017186855161428
9122,0.0003835280345429108,0.9098975004560345,0.02285078756005199,0.003210925674541826,5.801168121423199e-05,3.0488270703011953e-06,0.027252673244009526,0.002510754318361743,0.08906915306917698
9123,1.2732364666723861e-05,0.40100729271071367,0.2210234145183228,0.02384758431680053,0.0001678155379019369,4.759202279683643e-05,0.0015190703209171268,0.0001589589602695768,0.037496980019535775
9124,0.007481760021481523,8.969019612904084e-05,7.67897825157055e-05,0.00010084268458284723,0.0013971294101157263,0.9686841055319368,0.0015066196116112279,0.003588537288962817,0.0034141752733871877
9125,0.0014596557115389688,1.65448551620962e-06,5.7569315430765045e-06,0.005521881594160097,0.0003023319020951837,0.9985038388388846,0.001290050127016144,0.0014408891716719394,0.0004654657499639366
9126,0.00026745276658068283,0.3740502952479151,0.004729985835869068,7.994689005590425e-05,0.0005671200301856253,2.3232726127796167e-05,0.633635481651495,0.2718203561214207,1.4566634546235807e-05
9127,0.0006117738709583822,0.19175755043385687,0.30561336506151693,0.0005315856867870856,2.4912008175249402e-05,0.00014170495039925383,0.34740405969679183,7.451980642687914e-05,0.0226727925630954
9128,2.7642355781405602e-05,0.5663722412379805,0.394581860149673,0.08958511951569541,0.0005320159997688821,1.5311169382849424e-05,0.004762366771839167,0.00036647550652911255,0.0002442161480535915
9129,3.732098750982108e-05,0.6966311561154067,0.24533176937588907,0.051541647452695,0.0029896743985267514,8.329675574222006e-06,0.010002917307029104,0.0004242600118843907,0.00010129194678837393
9130,0.010964771158972866,0.00030596657423438256,3.240731467916905e-05,1.501923949409126e-07,0.04545186203685756,0.0021497709923879896,0.009565393632456934,0.9960076118629954,0.0016373592018867325
9131,5.8335796332269294e-05,0.003411565278904387,0.002856936008126672,0.0002538573158194575,0.9939538847079993,0.0013803409534616055,3.868417049497876e-06,0.02627349734268904,0.0040028231283200984
9132,8.019816020066633e-06,0.9686216055280868,0.019003830823085908,0.05534316783307204,0.0006879229677525505,1.8578826748400216e-05,0.002872294266984968,0.00018071532672154911,0.0008693020727664646
9133,2.0815633631491493e-05,0.3635112062216349,0.044686788222426575,0.054606095905642825,0.0008677528056175061,2.064035440405878e-05,0.0006518959324088244,0.0037831463468001236,0.003275247676660923
9134,1.3204976524244045e-05,0.5878303869419026,0.27679199454425274,0.08257369013403891,0.0014666874160895991,5.816876641338204e-06,0.00537094985373686,0.0008900281088739425,0.0001172879960567959
9135,0.00016888236375431153,0.9791076193060035,0.005829445937264764,0.0297344029180818,0.00012531517869465432,0.00015604039673951413,0.0023426276932088878,1.892474343410506e-05,0.037989423980653754
9136,3.6539116191259625e-06,0.9509278354350814,0.03986384987811682,0.023763223466115892,0.000938256073203095,1.197053175832053e-05,0.0020466440659516597,0.0004563298857407909,0.0011616517094644569
9137,0.00833534348517464,7.037073858942862e-07,0.004159556827564943,1.3953792286023215e-07,0.003226997217831177,0.007993985312983632,0.05218539786655059,0.9708457237785212,0.036023608269594026
9138,0.001131145696549623,0.09099228675264347,0.003709826952641399,5.617168162316332e-05,0.0003051183909935033,0.0011323454540411288,0.4565758678482779,0.05964918419272533,9.865777920253418e-05
9139,0.0004494539502672088,0.7822618509491975,0.03462022749413517,0.018825132946491033,0.00022166486074569984,2.892926914449125e-06,0.0038704985956992646,0.00110100939763239,0.02514761517549934
9140,1.6501772511655824e-05,0.6498382801091249,0.23526134679931512,0.09015967853064762,0.001115067447811126,6.797232701380704e-06,0.006503050161834083,0.0006315177911650083,0.00012965249936218754
9141,1.8709110747714464e-06,0.05699761132280332,0.945231544907113,0.02594566668400876,0.00016151880912141565,6.145091603401687e-06,0.0015317440685440205,0.0007024597249198509,0.0008956526210439808
9142,1.7190126082544263e-05,0.3568816235448443,0.4566595947443444,0.09764489283338769,0.0008613933220173463,6.092167802169561e-06,0.010150604745758159,0.00037886714823410047,0.00021007325003090038
9143,0.0010266606694824966,7.333993763463862e-06,1.9700663574771987e-06,0.005467397840158317,0.0003584981770186498,0.9983852003762321,0.0008256001882856871,0.0005191199182023974,0.0015675002662016246
9144,3.1605541153904885e-06,0.08588470226273236,0.8121671889991557,0.007696027119015627,0.019081745615588213,2.622723247226637e-06,0.015844864837723457,0.010991002371823658,4.06243082731899e-05
9145,0.0009060434503030575,0.00020894972057298254,0.00043344917901947316,1.1341096914614561e-07,0.04395195453221152,0.0008327342189376343,0.00036275064924958417,0.9789398556324003,0.0412773034235169
9146,0.013153649912866145,3.810741844815854e-07,0.00998372871028257,1.548287287470812e-07,0.0008925670713833511,0.005459572657094741,0.02127105379608793,0.9413891016192589,0.11210278779217893
9147,0.0010519000421371583,5.445163143585528e-07,1.003252420008865e-05,0.01431069402870477,0.00025153463935247226,0.9981022086476032,0.000551953227516455,0.0016690621728142486,0.00039270101312782084
9148,3.103332238052906e-05,0.8162347604129059,0.20840687268290742,0.025867017134999233,0.0010761994620057235,1.76875734875079e-05,0.018448080198552232,0.0003741876384595125,0.00011805857680407106
9149,0.0012950629590752793,1.1587130975196725e-06,6.777954710879344e-06,0.009154719190520383,0.00032584618046754577,0.9986122290295909,0.0006100357086326937,0.0010731051824186104,0.0006806350950489665
9150,3.601426204739927e-05,0.8977827298138549,0.15750388857888534,0.04422430705806401,0.00010303706101124453,1.3012064159627914e-05,0.004017682230048342,0.00015764958698537257,0.0009440927992882144
9151,0.6438963373319685,0.00023026703383306033,5.646041594634761e-05,1.7900428945122998e-07,0.002830199135652927,0.010184560212204766,0.03843860994323182,0.1256227466451399,0.08831111672151691
9152,0.000604838961402335,0.9559574547176027,0.08474396044727286,0.0026115715634452783,0.0004901163858090994,0.0003760148228202314,0.051645491831913255,1.54276206568347e-05,0.00716559083853392
9153,0.3374125889769131,0.00018463460284715475,2.294057299200971e-07,0.00015473719156948427,0.000711938659225879,0.8128667286121601,0.008591983380880013,0.006878848960754862,0.02775557760661348
9154,2.419686011162371e-06,0.0050064354036181815,0.975798650297448,0.04491583472838624,4.579630078076034e-05,4.527938286085061e-06,0.003308695935319488,0.001063337588949178,0.0034219482487313933
9155,1.1924851503164953e-05,0.30447954890811657,0.6122479748890393,0.0006489147034668812,0.010321518532014972,1.346122773978036e-05,0.019301074046781483,0.00475658422902257,0.0004218250801615817
9156,1.3792128790949332e-05,0.6204200268939574,0.2895436564875396,0.05536729290909643,0.0015220107698908423,9.324777173270569e-06,0.006869872675071368,0.0006215763038597902,0.00010097179070988139
9157,0.0030667359217794008,8.76222257343075e-06,0.03765160641897036,3.2825214414582496e-05,4.3115063411160034e-05,0.03437973724600078,0.17009551531974954,0.016481238072334075,0.10732648287275925
9158,4.475972715153495e-05,0.0970333309707282,0.6288082042094526,0.04891564360489384,0.004120617121450442,1.416770376743341e-05,0.005096207507007205,0.00034932882597642353,0.00024635458916138163
9159,0.01801195602009118,0.00052453408488028,5.101577253952268e-05,1.5475573935933732e-06,0.0067295816662351635,0.0008071458626838423,0.012674354215008107,0.9798280035766271,0.0032498477790793927
9160,2.015757649557454e-06,0.12029928220568266,0.39017363176997377,0.5051875303354393,0.00012116369460721107,3.733612494705035e-05,0.0007324105513703739,0.0002240200573999257,0.0002704224795914259
9161,0.0018010635794985354,3.837345268913492e-05,0.00027862639329943796,2.3472243785692968e-07,0.01978980480410617,0.0011008769227111104,0.00067605154726828,0.9993050528478385,0.0012338523997612873
9162,0.0016535093840264305,1.2311519629704985e-07,0.00011412549866577875,0.008887689476384271,0.00016057324117529692,0.9980767947178676,0.0021251939434492892,0.0020863513437421057,0.00024705360400472846
9163,3.821417345566075e-05,0.8846949708386069,0.07740954669777297,0.008240437483074924,0.0027874930351733202,4.395881492668725e-05,0.010149451709586574,0.00022181696279197655,0.0005862029022875847
9164,1.7857782186020352e-05,0.7278870706943055,0.27186733781160843,0.0005157704827296579,0.01155579924357799,5.107292689188114e-06,0.012308753042595131,0.004492907401221697,0.0004807722859076709
9165,0.001409211008079802,0.0001403058242647872,7.63722650498965e-05,2.1345924899299973e-06,0.038595699082733165,0.010210109903512633,0.0004641343645199046,0.9900724504900879,8.828728887781508e-05
9166,0.0027532339233631536,1.3118767281346749e-05,1.1148288164541454e-06,0.0034525338257926134,0.0011864420666731134,0.999279141274432,0.00045174961211257584,0.0008989266827527535,0.0009599536293912539
9167,7.179986865513858e-05,0.027049114034216625,0.49578278652811286,0.03262264562899773,0.013176142713551737,4.8081226028665974e-05,0.0017364246885474921,0.0004973622429095732,0.0003706103617459613
9168,0.02528711029083208,0.000809705052254576,0.021091159011836808,7.283595753226234e-06,0.021902828906410265,0.004963383066202175,7.477331199757594e-05,0.0009329531840913865,0.9586132872924432
9169,0.00012238076812645784,0.9713171037419224,0.028026017266460746,0.021436005951067864,0.0001893657270030867,7.100363011978015e-05,0.002667466639866219,2.0065718868738742e-05,0.01842349488240748
9170,0.0011784267736364054,2.7098056657126435e-06,3.667656438516053e-06,0.005781382423345931,0.00025123922315751406,0.9982308239363886,0.0011492452409801119,0.0008339574246890539,0.00111477876258625
9171,9.694825018857982e-06,0.3156134718779451,0.5354549128618115,0.158777501069957,0.00024871337603008187,8.164284850107028e-06,0.00513399903544437,0.00026249931447100693,0.0004906095047066361
9172,0.0010337264090495356,2.634752335191346e-07,2.0294532618388158e-05,0.021167470118335946,0.00022123266818997535,0.9980907911816778,0.0004723824509998586,0.002836327570627179,0.0001228381073657368
9173,0.006516315429258844,1.958197663921264e-05,0.0005831200358597807,7.730694719687828e-07,0.0032133693578894453,0.0010154469244791316,0.0010091639218474118,0.9816341872989859,0.013351169157699561
9174,0.0010718783748196214,1.549665842411439e-07,2.5473600886717718e-05,0.023969223927119924,0.00014658927028606905,0.996758557131213,0.0005686202044982797,0.0043192285847858175,0.00031311746027490377
9175,0.03412632439157829,0.0009933899909908373,0.0006756356906132412,2.168082768763446e-06,0.003955492786232977,0.01644268782970437,0.00024905376170793257,0.004640005876036566,0.9814671276164038
9176,0.00018674741419470722,0.9734618779255717,0.007934146514509036,0.03487579388607908,0.00010037306555810411,4.904509761059048e-05,0.002005931578556807,4.889051490489965e-05,0.017016581160670046
9177,0.2628860078103761,0.0011743520326459107,1.2585748574740034e-05,4.7415821736097923e-07,0.009584646800759664,0.04047859243199839,0.024630254634309203,0.27746137986392283,0.01961365145879854
9178,0.00021684719402451856,0.9138770799792965,0.008635027541515086,0.07040117336283384,0.00011544754866613044,1.4825690945384349e-05,0.0021452911995942475,0.0001925588900821321,0.012678028187274485
9179,0.0013236762256009888,3.27301563972843e-05,2.7749198457443833e-06,0.005352623451288214,0.00019512041476210825,0.9949781566099003,0.0029655893282787902,0.0007172991365838842,0.0007119915002211501
9180,0.004523708116079884,0.0005725471224021202,2.9967633411872553e-05,0.0004173746719729681,0.0003688507820652082,0.5357607609310103,0.10980740870496536,0.02849036480651125,0.00010539919700221018
9181,0.0004329448728419614,1.676067774820244e-05,0.0004653999445127237,0.01936920396815019,4.989950898578749e-06,0.7480835969132301,0.26927903996179653,0.00022200570882290198,0.00021612148024009089
9182,0.011689403395552052,0.00038857756433658726,0.001073227962283353,4.1939063001586655e-06,0.00019977127488420804,0.002604456653274446,0.7020184679018461,0.6238044384788272,0.003672760827659863
9183,0.07768687398819576,0.00018129560799150495,1.9345726918665383e-05,4.919148178480107e-07,0.02384732319055932,0.004346953853150145,0.010126180360325863,0.967585487982867,0.014311263630689583
9184,0.005081098162276749,0.0001693363716106975,0.0020036956729468564,0.00022897122803402107,0.004061016612996324,0.4123785159712348,0.0003652633435280149,0.0005650281928278503,0.4619346524396119
9185,6.255244918541033e-06,0.9757895803306248,0.021767619701588276,0.00722083986142641,0.012453956196889033,7.386493457858177e-06,0.004821273061846635,0.0011316502602765465,0.0005027635415583234
9186,0.083460113438571,0.0006706445265572555,0.0005998591442197905,1.6747073630481514e-06,0.003017989734976993,0.025117597842778117,0.0004291902474042375,0.004625947080812661,0.9155964573857588
9187,1.3830664203223697e-05,0.520277378229042,0.4442756962790839,0.0006408208440489479,0.006100917035476687,8.174709872711977e-06,0.02002317535869792,0.005118960004397226,0.0005784248007547196
9188,0.006419670501509536,0.0006211503727932929,1.6391486726897748e-05,1.414914727578008e-07,0.094044241529843,0.001027213516382494,0.0015118418108484538,0.9987143628544923,0.001042224594090863
9189,0.0001252794031573622,0.00624005918673607,0.561520517988397,1.7822387710926606e-05,0.0011311444109190214,1.7537262122583257e-05,0.0037713827329409655,0.010311811320039232,0.8705958076953041
9190,1.6277109249499994e-05,0.5132598945363653,0.45244075636943404,0.0007488486413195725,0.007818126951141565,1.6375073867346062e-05,0.009029991479612864,0.003190412607697372,0.0005955006538736817
9191,0.00506037057355145,3.26746383117029e-05,1.4547408569940156e-06,0.0025859919704104427,0.00013907724021000703,0.9410233159558621,0.021581869365137646,0.0017333860316162534,0.018335797279897405
9192,0.022472220773083112,0.0037573468711216383,0.010626234298782958,8.56359597876249e-06,2.336880978245909e-06,0.00013618250350679216,0.9738915910759935,0.08361133009518752,0.007984364451266362
9193,1.3641386534006895e-05,0.5906972331262957,0.2400450979855729,0.15967672750597967,6.459258759183236e-05,5.722519496320704e-05,0.003892870444714078,0.00012371394646142395,0.00046782590628133167
9194,2.751129916417609e-05,0.38123971906959564,0.06652884379010514,0.04886007188284516,0.00016255310507272565,7.031983698554649e-05,0.0027167837729371023,0.0002494320441719337,0.03124579949361991
9195,0.002293011030621646,3.1800293289001535e-06,7.355422857842883e-06,0.004212738124096951,0.0006483835567605074,0.9988877011212545,0.0007612570765671222,0.0007093469828781274,0.001234556843313602
9196,0.01157498121991334,7.9425595941088e-06,7.343363481265479e-07,0.003133879613807219,0.0017600005751621669,0.9932964362588349,0.0028706269627995287,0.005486797380316107,0.0014309013029454969
9197,3.751951818082663e-06,0.20436831047251955,0.6839990837488493,0.12709134721624327,0.00011317314064590797,5.4946446785591344e-06,0.0025901701746392277,0.000519227124767892,0.000790441347176652
9198,0.12600217052810708,0.6921043021542722,0.0001256955472111958,2.637964934219114e-05,0.0006005804647577211,0.0006915972603660385,0.06780846116085429,0.0016853932208221627,0.26085439382232345
9199,0.0020882116642608655,1.12239198082527e-06,1.5272334969009286e-05,0.012480627212951305,0.0009286480889365102,0.9960110199801475,0.0013167489504561595,0.0014402855607489765,0.00011021975173058652
9200,0.004565714274656296,3.2164508488375704e-06,0.000130139722045748,0.0006588228042870911,0.00037261475456227123,0.9901027401628629,0.0033985294529385378,0.0029096795949632207,0.000834577018034969
9201,0.10832926073417584,0.0007600123897060655,0.004158669625759543,3.837156927274295e-06,0.007154355833385462,0.010657954716242398,0.0002594268267123415,0.000686470953404479,0.9167465822973119
9202,0.0019164495656992804,6.216198968989891e-06,2.665014373995307e-06,0.004455653726428963,0.0006122635578531311,0.9989927532127094,0.0006869149652187993,0.0005483333767167028,0.0015401061637137694
9203,0.027710517145853646,3.594996987228285e-07,0.018697913410193705,1.897854195464428e-06,0.0003420549328059255,0.05893649406321304,0.018194202637684953,0.27071241211554353,0.27408695384474646
9204,2.7625483695088452e-05,0.6840261912829342,0.17567226417623147,0.058172319649140714,0.0033378835203124392,8.507913175505241e-06,0.0051590342927506794,0.0006439758607598501,0.00011037314054590791
9205,1.3051343287601422e-05,0.5807333966197341,0.3293446766539123,0.03520688415727249,0.002631400381466895,4.954531386703528e-06,0.013717197640479167,0.0009733830010783393,9.603384636806745e-05
9206,0.011237991365480239,0.0004108854082072108,4.593451064020534e-05,3.0075022748052864e-05,0.0016347768127654414,0.9529179664694011,0.0018267246068773032,0.004879966518564431,0.005754367164541177
9207,0.0024092154660033376,2.8753260390253864e-06,3.0676935479281095e-06,0.005821861706938488,0.00020773111132947012,0.9942741299705752,0.002991572343987355,0.003551711053146782,0.0011849756964870722
9208,0.0011711598162998005,1.1103422594715654e-05,0.0006342964046429175,1.31798941588593e-07,0.017470724795301793,0.0004982452087485405,0.0006265358201352341,0.999499968796377,0.002477744913950074
9209,1.1543317987487236e-05,0.389465699165028,0.38701417498955093,0.0005853512696859267,0.006612940745922503,1.0176005770893306e-05,0.03443226280712371,0.010109469595320008,0.00029525481604380295
9210,0.9426790799762957,0.007801406760128277,6.899273520733024e-06,9.914882236558401e-07,0.0004289115249197579,0.006867805934716929,0.19156672471288022,0.004562635762137565,0.08527572273480434
9211,0.006216167279730507,2.0481493044852015e-05,1.818791620580534e-05,0.0003752720772469826,0.000834752650824527,0.9934315524892369,0.0017158859745417757,0.0019046994881155585,0.0027070332754630124
9212,1.9018575400426548e-06,0.0009036096355494003,0.22736795958691308,0.9711103583480548,1.007815500493695e-05,0.006626167545275123,0.002706762099767656,4.156435283057437e-06,0.0004825380435176083
9213,0.010375132817559208,0.0018287680331177838,6.310944845870747e-06,7.352942023954585e-07,0.036099995212214735,0.0010870273191834758,0.002884416691243992,0.9968647309002003,0.0009229958583303159
9214,0.01935394963570019,0.0009519804720253603,0.0019759135523592097,4.142291804595512e-06,0.0039431067740147135,0.012835143406996168,0.0002233890558381329,0.0027994990666264253,0.9807220745040809
9215,0.0030800573867713833,1.767630053690625e-06,1.3922751378274403e-05,0.0052365976799556065,0.0002916273456600317,0.9928598609683941,0.009774157566108242,0.002060220456820053,0.0001871387908756651
9216,2.385251261807835e-05,0.9093388378746172,0.14877215499328875,0.02704605967296587,0.00036701278345586453,4.5345267184340015e-05,0.01209927762945363,0.00038146185963388153,0.00014623319842549894
9217,0.0026012371693456683,6.350598933344675e-06,1.194636175449893e-06,0.005688757264762343,0.0008090441840046922,0.9985935912837816,0.0007897797072003142,0.0021313664627929684,0.00019427432519807827
9218,0.02587152542254333,1.2198271188644223e-05,0.000579996487765838,1.4969252548399896e-06,0.0002138877474781379,0.06637747552142728,0.00901742547712536,0.4692104710512678,0.06053401394365068
9219,3.5487350414872785e-05,0.008096378983301409,0.13045859241520766,0.805095106057784,2.5165241037344195e-05,0.0009885709323774077,0.005785703332431443,6.033239028100487e-06,0.01144350347874637
9220,0.0002720595462976125,0.8680312296938592,0.009268098421127085,0.0760060804658378,7.682652207804993e-05,5.665295639490689e-05,0.002540308804237447,4.2461631323949355e-05,0.030353512390910983
9221,1.5242881262767706e-06,0.13747338677581133,0.04583537754132458,0.8787440924279201,0.00013784378109207057,0.0001787555022488686,0.0005207835874338758,5.328409413935397e-05,0.0002869475239733507
9222,3.332458580759435e-05,0.06234253299754455,0.8968389520397291,0.04810651540008388,1.0308167129799006e-05,0.00017913088185257027,0.08562295468214452,8.77577546282534e-06,0.010541386618842455
9223,5.7339359430917146e-05,0.7500230829171501,0.05841859520598282,0.08800518979100931,6.569964051806575e-05,0.001189897408357398,0.005681400097042024,2.9591189536625087e-06,0.019483602239475366
9224,0.4108680536252584,0.31543408982586957,0.00035802752009511565,5.6018980846400666e-05,0.0008364740453476869,0.0006170405267040788,0.022218652774503682,7.75481413965864e-05,0.30236747900016686
9225,4.994872562714063e-05,0.5880464293295342,0.4781196983591275,0.032936554165858924,4.375549881926494e-05,3.400834382408702e-05,0.01650435699658149,5.108903306115718e-05,0.0023495615348196283
9226,0.0031613762108297448,7.791748282302736e-07,7.457897670921672e-05,0.0034745580468844655,0.0003589893200358988,0.9934080953992784,0.0013938939047423145,0.007322109236846101,0.00025316345577518765
9227,0.0015075367872624096,1.46304919394614e-07,3.5640926757095705e-05,0.02129817038461896,0.0004073579729832958,0.9978117838182146,0.000513117145286265,0.0023630767573258435,0.00016489492766075017
9228,0.004127416233360781,0.975601164298539,0.03170427371160667,0.0039598481243537315,0.00011320283122880636,2.4219540090149276e-05,0.013808303970480775,4.043721773053737e-06,0.06961805792415986
9229,0.024846465561428274,0.000443072095914112,6.546897247531615e-06,1.0442849017024703e-06,0.40230657863884267,0.00042056928297745904,0.0023186960640869617,0.9938915429264494,0.0016938472280521545
9230,2.3163501066883286e-05,0.5033374566071964,0.4039465738183916,0.0009827271703179222,0.0033896253801205026,4.6665375329798e-06,0.0015899908612814113,0.0024469369160291287,0.0038287811185905296
9231,2.1107314491146794e-06,0.41437441556869403,0.3968079890496635,0.004852670694586528,0.033868628836282874,3.117498238932659e-06,0.0080479924988195,0.009025628766696336,0.00010418126176501086
9232,0.03832774674152822,4.956511057152082e-06,0.001452812984503396,4.3300655218319266e-05,0.00014698995540977,0.3211874222027736,0.08359017229008979,0.08243644542777144,0.009546960162553558
9233,0.01586916560485052,4.4005874697291844e-06,0.0034885450960406264,3.6188960836215293e-07,0.002272257586425595,0.0038384890569634752,0.03363445839171149,0.9174667902198812,0.03149910385537338
9234,0.0013824401305976566,5.484209776335578e-07,1.972837627094665e-05,0.008983976891026323,0.0003074431137339079,0.9988523271704571,0.0007454283514692603,0.0014267865986836185,0.00037567466285184036
9235,0.002187457475817651,8.937737778297057e-06,7.748138297877145e-07,0.0059196324084033166,0.00050415257623026,0.9981102183253783,0.0004542298815660413,0.0015917194917860465,0.0026144842405522507
9236,6.459354470348995e-06,0.813955258402149,0.002519931124466211,0.5417345964831866,0.0010558236799895057,0.00019622337335489697,0.0012925087652769817,6.864519661304205e-05,0.00014185864772315533
9237,9.370879071836426e-05,0.009801540152624098,0.0020338783878237313,0.00035345429244297983,0.9892606889857497,0.0012702998822294578,7.096539093120335e-06,0.010265121889837251,0.005070002569127685
9238,0.0014598797240802195,2.791396341255052e-07,2.2340983538297094e-05,0.02144124587316999,0.00036650463978489344,0.9981256582072333,0.00042959494201160825,0.003103110039235823,0.00010396535329619868
9239,6.1188762139515636e-06,0.22055987106636854,0.8449248278701788,3.730102896512511e-05,0.020459142111805502,9.827425107322788e-06,0.0077387076583383275,0.0018466516013814559,0.013639278954461997
9240,9.264687452717252e-06,0.9405201307621037,0.06102886322137412,0.0038078346009302604,0.0003341054237062539,4.470464706776116e-05,0.0022176130872617306,0.0003305959178082844,0.014942883529453064
9241,0.002738304885408596,1.0821392328919557e-05,1.0654163986964804e-05,0.003001200953178302,0.0012823566053487355,0.9968880979579479,0.0005169922155397501,0.000726228762363108,0.0022088620272289823
9242,0.0002997663598357194,0.7984182281656668,0.11815053543619526,0.020421305861183126,4.4726841269220714e-05,2.072229303290885e-05,0.007923612740970856,4.435546942122432e-05,0.017370499296034906
9243,4.1247883936940916e-05,0.5532304693394992,0.24766314253392527,0.03391274452440233,0.0031031123177452584,1.4082576752555176e-05,0.01011619582541306,0.000440643414849126,0.00010444715083973693
9244,5.558236628229248e-05,0.6149690037894968,0.46832655160649317,0.03225148153625104,9.180863204211664e-05,0.0001998369104491529,0.007732997444006757,1.5076449782392081e-05,0.007447920510754815
9245,0.008995377063391607,0.001802770534385042,0.0022737008057137358,3.488704081536483e-05,0.0086555876938652,0.044953598886172785,0.00011730241078242971,0.0010491748122388924,0.9603696928926975
9246,0.137660956888593,0.00020618186957002883,1.636352437642608e-05,2.381064409281928e-06,0.002836385583000543,0.003316647173751931,0.025821137205046835,0.8239380660383939,0.022648007769200274
9247,0.009603455710960634,0.0021073520056217503,2.9980607913413995e-06,1.9791706286019078e-07,0.1422076455470556,0.0011132173118458424,0.0023618242882842448,0.9988155802534738,0.0006106403416832174
9248,8.61042810516543e-06,0.7800053081254191,0.153303649797332,0.07465862474297821,0.000971368716898517,1.0050519694738626e-05,0.003814478769425219,0.0007179522386954386,0.0001168992249217614
9249,3.018988718337723e-05,0.9011406508768273,0.09011777760156807,0.0009762210516635782,0.010940557208297324,1.1560428056282863e-05,0.00505529413925163,0.0028060197057852,0.0003978046667485002
9250,0.0005919393349838304,0.0013330099421661982,0.006917253204633826,0.004685984722177653,6.023595017142662e-07,0.014697414169847784,0.7634439420785417,0.0020605673037512977,0.0001437195879145629
9251,1.5140806825623805e-05,0.3856939263371385,0.5117783906938651,0.1447457897847258,0.0004407095909395312,8.748372345106016e-06,0.004157268453390785,0.00032439112677037105,0.0004337546256854632
9252,3.082013991856033e-05,0.9544775356934803,0.03255787045210137,0.04287692827820343,0.003966644244490073,1.2888392163098113e-05,0.0036145559098853426,0.00024623573656771294,0.0004486057465208073
9253,0.02766108841668682,0.0036396135545028476,0.0003254974637394779,7.974492969870784e-07,0.03121363726543325,0.018840282321193374,0.0007869334961165895,0.009700531642716318,0.9586144154753063
9254,0.0010335314840409797,1.5808419803195602e-07,3.1180607475198714e-05,0.0204563911732357,0.00013568421812638106,0.9974176161983351,0.000635302355146151,0.004730634368763586,0.00022582705608637218
9255,0.00425839573359006,0.010013147694405426,0.0036500486236217145,0.0001040151792991005,0.0023142112770243267,0.006752220820454759,0.0016399259649439355,0.0004004209350264321,0.9768946855679608
9256,0.020221107946653088,0.004879422118762905,0.01896554561159519,0.0002274958806398259,5.066478459005043e-07,3.519825336268208e-05,0.995878550048563,0.010664811291566587,0.0057067716466601285
9257,1.5896910482633208e-05,0.23519214290698165,0.6513390975944501,0.0006496314198519938,0.00948233063784752,2.1506725325955917e-05,0.015957389473701473,0.0028260073266730594,0.0006927057346127647
9258,0.0562999137813839,0.0009410845445958265,0.006482713720412074,7.785036904554914e-07,0.00016594934145573725,0.00015475217754793157,0.4668200459688405,0.22683718343450188,0.004554700184221584
9259,0.10006070762934575,0.0005863615767490996,3.16476414198644e-06,0.00015752133377415812,0.0018753832718770055,0.6549339410681865,0.0025911403013459387,0.002945364981463515,0.16598586644751404
9260,0.025504151173210952,0.0006432933334227091,0.007743262565567656,1.8583647627086014e-06,0.004515313701894912,0.003977416171953265,0.0005689925910075657,0.004254182740867817,0.9566816122214439
9261,0.002794169252903974,5.8278178284326924e-05,0.004054091208517441,3.7468633981671524e-07,0.0012173438800331341,0.0003984360044827978,0.012017350652974204,0.9736604004278513,0.014132363383314861
9262,0.001962127632060528,6.612689165536378e-07,2.127983738583999e-05,0.00807152735210977,0.0002285088000872675,0.998131776632747,0.001421967716374884,0.0015443406736111046,0.0005819302727853189
9263,0.010183020535274152,2.5719854174496843e-06,0.0021961809054402257,1.1417233045136343e-06,0.002201152645318308,0.02721924485949525,0.0654334927087592,0.8822270794572953,0.0074450102401756495
9264,8.390916853414752e-05,0.9554709815511508,0.019606292684045974,0.03306915373254207,0.00014358624929741693,9.619458451861428e-05,0.004833664045288019,2.3611458177560512e-05,0.03757565699260356
9265,0.0006420599262568116,3.3260775229046212e-06,7.279772952402542e-05,0.03329890107951397,9.337480458391936e-05,0.9543500542771773,0.007043930828130941,0.0011893535094878378,7.249937668294196e-05
9266,0.012677743326750935,0.008722544064979283,0.0015119879527259893,0.00013891704320381808,4.157693575748904e-07,0.0002248311406627329,0.9983281731595894,0.005074991481298918,0.01039404580523822
9267,0.0021766502307881126,1.987594713343654e-06,8.708055688402901e-06,0.004967607505362315,0.00049526670700564,0.9988752377050848,0.0008697558491539672,0.0008692120287848922,0.0008437111735421632
9268,9.457888517131567e-07,0.001825748730193777,0.9971185838586857,0.0032162959738113108,0.0002966467260283386,4.0920989576611185e-07,0.005546269929286939,0.017555647198885978,0.0025547441944629586
9269,0.013797953480155877,9.832830526382329e-06,0.0011974802632065539,6.65565513917066e-07,0.003457933778714268,0.013070074661290319,0.013097827413340042,0.9002747666149297,0.01473732861414904
9270,0.0008470897881042237,0.14176206668214797,0.3132510203565188,0.0012226310270579868,9.901625160878259e-06,5.349362184786787e-05,0.31880001064967617,0.0003828442516903413,0.0054491037521363275
9271,0.025539131025110132,0.0011150258387061596,0.001581675183560048,2.384653818783743e-06,0.005161384418383102,0.015828137457094285,0.00021933825316448291,0.003791626110536304,0.9773450156654927
9272,5.088605350021729e-05,0.8154194029623836,0.17979860783078855,0.003263909591792678,0.001350998312021493,8.262765750613731e-05,0.03209200340912775,0.0005718410200510993,0.0006859298499302955
9273,4.3630086801101275e-06,0.579386436218881,0.33905001572804905,0.09355423476091407,0.0001984737098930239,9.950029498847146e-06,0.004630334452221374,0.0006301152399657394,0.0002551784755009243
9274,3.2835995832837246e-05,0.3074190096919193,0.5777184443168416,0.054679228892780755,0.002063224781061424,9.021447324565463e-06,0.010922659058900342,0.0003650155814890867,0.00014997225941482673
9275,6.183090257626298e-06,0.44281367561000934,0.44285709527694833,0.14737833200357478,0.0003348912870150565,7.362245641695189e-06,0.003719951244287853,0.0006111103052220164,0.00018641483295892117
9276,0.005119001698429012,8.00777062531972e-06,7.681378604903075e-07,0.003258642988785314,0.00035772679796015373,0.9941917503485093,0.0024910231050261863,0.00551022516738016,0.006345947713633079
9277,4.1720672607704146e-05,0.03494749101966132,0.00203946539333834,0.00043137386859329004,0.9772579399301763,0.00037673294581383834,9.82125496995053e-06,0.015375498733900967,0.0034205898692631414
9278,0.025173399193427887,9.570302458526139e-06,0.0012254673733092599,4.6593073505648306e-06,0.0003102204244305756,0.03128562653146304,0.17634985619658225,0.4299916881395976,0.013073133995689814
9279,0.001766249529682315,5.23021828818921e-06,3.2425329429986046e-06,0.004329459971337537,0.00042858568767611233,0.9990464113716364,0.000850701737020997,0.0009294885566708425,0.00095559060822649
9280,8.691966807908588e-06,0.8130491957341932,0.24892876381345824,0.0441483028764996,5.159302156798551e-05,2.8208406079270306e-05,0.010828450241087108,0.00011742958224809131,0.0011585375891414698
9281,0.04030437228957287,2.6005076338072524e-05,0.00013072456285759937,1.140608185818067e-06,0.003811872306862113,0.003087365542384019,0.008421622813278459,0.9605766655452848,0.022057293921831412
9282,0.03594988039322119,9.211352183719592e-05,2.3635156859127534e-05,3.078334517581628e-06,0.01072242981993493,0.001091599694744962,0.004408890571105547,0.9795846926361129,0.0060868409131547155
9283,0.011421701594442248,0.00019197093920832685,0.0008438360613496606,1.6979537848580184e-07,0.0005389299041455634,0.00236186081950572,0.02114606393706188,0.4897390747082603,0.5168500511422986
9284,0.00023108824193715814,0.0015420750230196892,0.0023560059603405814,0.00012296687244873388,0.9718805711038871,0.0016237605160453169,1.7952871025548568e-06,0.18960026741854918,0.000709413758263941
9285,0.0011687688846923666,5.865031050534998e-07,1.162848361582372e-05,0.01570755330127775,0.0002824600661508776,0.9986705577667797,0.00045475401276233256,0.0026920086166123077,0.00010591258626665694
9286,0.0024031307721136216,4.5516665536606816e-06,0.0010224130856015502,0.0005016114843153661,1.7583477518888127e-05,0.5837303263429171,0.36673084497928116,0.00454133218782772,0.0008020656547925345
9287,0.001056801729256087,9.013759204334334e-07,0.007212469292382596,2.3507912552089407e-07,0.008820412798346713,0.0004112373456649981,0.0019379616846095377,0.9989007742774445,0.0032123913533713033
9288,0.0024807164920110382,0.28216939668846525,0.011067900137455124,0.0001222432978498241,3.302678182736368e-05,0.0003400746378012485,0.8020460512670082,0.006031610591670229,0.00021479652093299865
9289,0.011434637557156652,5.797158218448034e-05,0.0005897018944598867,5.63187132864564e-07,0.0042724606310443084,0.005842678680132067,0.1644675521905602,0.951893159004815,0.003926069572961009
9290,1.8619910962698195e-05,0.8520239185810778,0.1785977447595568,0.0007792476795308518,0.013808057216513778,4.6583608462820414e-06,0.003516100559203523,0.00475656121929679,0.0003166801500784611
9291,0.9856351219855792,0.028127316527149174,4.212160236636747e-07,1.0307841919164832e-06,0.011268770106618559,0.010223770374153056,0.009891561637519945,0.025793561381138634,0.004325453559705429
9292,3.467246384915734e-05,0.9151402047709881,0.021203997311494752,0.11494013622032906,0.0001511197249861628,8.23270835541604e-06,0.0025592210901814673,0.0003013376335906696,0.0035106997309271616
9293,6.608749983214348e-06,0.9941096764275463,0.007067734244017587,0.010292020671408823,0.0023928160951622412,2.557971893547795e-05,0.002003303667032376,0.0004534012538283378,0.0006902099961420754
9294,7.022693340972998e-05,0.0063497784181156475,0.0020338971874607555,0.00027012521022664086,0.9918013240756914,0.0011584425368575536,4.2584711465012785e-06,0.025235386881872098,0.004899364751834605
9295,0.0022348350066260397,3.824512359440222e-06,0.023460398580844567,2.4603225182671014e-07,0.00044764156939531354,0.00275593613605175,0.48282561262357193,0.8408928977266,0.0303575823111398
9296,0.003469288445514203,5.795358317711813e-07,8.481232790741139e-06,0.007734164506522096,0.00010692041374904701,0.988403839641549,0.00490372789417646,0.013789518231466662,0.0019507255218879811
9297,0.0006252292488930634,0.0885495980617247,0.02758677321051629,0.0010747108286395634,0.0011230367693334147,0.0013862219317416664,0.0035408828620394936,0.00018416612498667207,0.6828085328120488
9298,0.028505407463898277,0.494712802706193,5.4108212311169755e-05,5.7219826316586846e-05,0.0005944206592127995,0.009441227670590673,0.06671167527416522,0.004191820546324089,0.05908390475923444
9299,3.095083184119373e-05,0.7788418675323903,0.22048302785914606,0.02470954611690165,0.0018977207104265929,9.276476367313428e-06,0.02418434726800207,0.0006107362832353783,9.98838878367581e-05
9300,0.002614055674466358,0.00019946975043385337,6.309327373190829e-05,3.676485454304581e-07,0.04750583134911708,0.0030718939670472704,0.0010532185366298064,0.9973214121136659,0.0002872042320266624
9301,0.002202235324192028,4.4420935399324223e-07,1.3979982387535047e-05,0.010433733441322122,0.0005997487657664918,0.9959495984972762,0.0008625748923362024,0.0030588876533876423,0.0006772195941257835
9302,1.1264466794641829e-05,0.4566720068784007,0.3686386263487844,0.026522975771815276,0.007363671372446271,6.970650273373955e-06,0.007482786393081362,0.001535501474591156,6.516613766046313e-05
9303,7.558834897193748e-05,0.07853524425963285,0.7015848402801997,0.0069911177018486285,1.7445967807983097e-05,0.0001358074220683442,0.25304687974322554,8.151100650011407e-05,0.0019995497945209826
9304,4.3046377573721404e-06,0.08904148292647862,0.9278433316533589,0.00843758280342717,0.00010119010147714529,4.817080258319433e-05,0.014979098694025954,0.0003880984568281965,0.0017846108327262348
9305,0.0011914820232694062,5.0004898503519575e-06,1.8981990124879932e-06,0.004827746988073353,0.00032655936643015773,0.9986660568914951,0.0008642252703660845,0.0007410567948468306,0.0012626826092422196
9306,2.0016512241009547e-05,0.7842801423273755,0.3647828467332946,0.005197378416713241,0.00017375763568328801,0.00014091602549871402,0.006902865939285604,4.2182778779773366e-05,0.02033697224921877
9307,4.252766533128716e-06,0.0020860083150430367,0.25183556384191613,0.9667875465985151,1.8022631024257127e-05,0.007498813982447947,0.002808929587127338,1.9542042155493424e-06,0.0010726817199666534
9308,0.001015734409567892,0.007299893935679895,0.09141678760883264,1.3225458527809862e-05,1.646654533772905e-05,8.211096119494282e-05,0.9340004895512437,0.02713522403779198,0.0003421494766507976
9309,0.04147215866162303,0.9717896616345629,0.0024894969136650207,0.0010475948538023559,0.000126826287277353,4.4813936633539885e-05,0.0136061742905992,1.2293681234299883e-05,0.26418504288737404
9310,0.0015472248050989222,3.2889980839718713e-06,2.9977289920158927e-06,0.007644275019922191,0.0004165599145041697,0.9988327548058239,0.000437195083738433,0.0011087696214154982,0.0010278998016606128
9311,0.001912509043422123,1.210258406356153e-05,0.0007341488190841153,5.2220984222370054e-08,0.02998676433684071,0.0007242352806188982,0.002116597627531219,0.9991985962921829,0.002277767302107513
9312,0.005998367069244159,5.020981633735373e-05,0.31927280492478777,2.9739046770444226e-06,0.006152851526826099,0.0009867260876609875,0.0008808281404795201,0.004024339501064373,0.9877324697506144
9313,0.0031327575102943323,6.571746062999132e-05,0.00023253647072601314,9.803508736070536e-05,0.0014968694019191196,0.9615428636065224,0.0005004992688027875,0.0015717839987364134,0.017960824258830874
9314,0.0024095059131313363,2.139138639460342e-07,2.7130868156144056e-05,0.014147652782832823,0.00024670788641789084,0.9963057793399613,0.00132258170734614,0.006348007602009907,0.0003196007718958555
9315,0.0730377976297882,1.7399088771203564e-05,0.00026415217741009175,6.18355822657919e-07,0.0028018850967033,0.008813069493090232,0.01928080265234425,0.9077210923267651,0.04451204939909238
9316,0.0002680604069782815,0.9924837335802043,0.009580785140485824,0.011208575457430358,0.00024354781440174018,2.9955451535942324e-05,0.0023920393429368273,3.3502228662683615e-05,0.02915933361605484
9317,0.0036032291547096118,4.5051429934400746e-07,9.60688708874549e-06,0.012021331581318906,0.000391151365571519,0.9943065415567086,0.001110909534978694,0.009153929390749589,0.0007792767782086266
9318,0.0016094519455667588,7.94763235980626e-07,9.477836687408209e-06,0.010804469990412478,0.00031100106038733244,0.9982626846115231,0.0007849499648080661,0.003315690950195201,0.0001559963749038298
9319,0.0021516208294834758,1.4296768448290503e-06,9.188619519643045e-06,0.006584608814420778,0.0005938628485817457,0.9988854949955597,0.0006706305647924071,0.0008123652588614796,0.00089203448064218
9320,0.19117265364556998,0.000539352184830353,0.0008232085454400845,8.540536432991337e-07,0.0016183745095882953,0.000236062473681807,0.17918553454315295,0.27336193544525417,0.01384711252957993
9321,6.345234731588406e-05,0.06063229069847385,0.907664577462305,0.012422636652727694,6.872349047104816e-06,4.377802985690794e-05,0.2860727053318382,3.748829878470597e-05,0.019677145255180235
9322,0.0024860648668712675,1.2340706223177584e-05,9.986537786406177e-07,0.0047630193780421265,0.0006769531133590997,0.9989648305323108,0.00047994932354682347,0.001346634004846473,0.001082892714153111
9323,0.002381441663129731,3.3474889689645752e-06,4.44195715829282e-06,0.005046239590678003,0.0006124685055071804,0.9990139497188533,0.0005345233548145732,0.0011419673372551381,0.001049790626868961
9324,0.0018392305818311701,3.7545651868351225e-07,7.718929403451106e-05,0.005847011176894692,0.00018381158842571636,0.9979575010733132,0.0027628789317806993,0.0021408775076311418,0.00023668540323131267
9325,3.113662684362027e-06,0.7803029396940263,0.18956116668192385,0.030074414485104853,0.00017352279615593324,1.7175745355874085e-05,0.002283259723196643,0.0002992362527497941,0.001499178736092511
9326,0.044801166097679646,0.001150411303276502,3.1091356255197385e-06,2.1396956634580734e-06,0.0033094056418181846,0.0036497128979532667,0.0054886331467792655,0.9652513585086052,0.00729275735648488
9327,0.0011871015876687284,1.2450583664164956e-07,4.540603763364603e-05,0.018178948387889575,0.00016815571152063255,0.9972870796967369,0.0009252496583576184,0.003307727645953633,0.0001911348213370487
9328,0.0021364002514557535,1.1793575215219437e-05,6.649311152724523e-07,0.005465701380400657,0.0007367506716592853,0.9987473400614386,0.00039914047085973155,0.0013534564580701969,0.0009194309595343128
9329,0.010659379613604166,0.00031175294678072564,1.1320351068808156e-05,8.011791798358054e-07,0.05024176219806361,0.0008218230918268154,0.0021617823882315182,0.9979564677896756,0.0015582769615717735
9330,0.0001449962268656711,0.9562632936362709,0.022990089887723872,0.028027549852587787,0.00013065825075639416,1.4119269580674129e-05,0.004185140972447276,9.908157858109442e-05,0.018311704827810603
9331,2.1974027315024174e-05,0.0002612718331832008,0.010486299988016201,0.6680340464619308,2.91158103266622e-06,0.057144325831675016,0.026658185128306623,0.00011024992150551822,2.6687746885237583e-05
9332,0.001230374932457273,2.5751313994193276e-07,5.063212968653852e-05,0.011111381031052713,0.00017143919045948283,0.9986753635075817,0.0009921014270604575,0.002792515381009665,0.00016795507734381136
9333,5.375823527750221e-05,0.026106691681292534,0.0029747312682105883,0.00031908050931268796,0.9825138642296523,0.00038963376508593435,1.0396879149734183e-05,0.015067614839051075,0.003373375659614178
9334,6.733181131028293e-06,0.2846497229951224,0.5611120351999486,0.14273821315713686,0.0005132017979138053,5.98295299260883e-06,0.004200551000189648,0.0006621337687570967,0.00014671769209923405
9335,0.0011834958192525004,2.756776376866365e-07,2.430190344078996e-05,0.018030431866274507,0.00019231345369399825,0.9980392126972005,0.0006324031087357114,0.0035707198869933386,0.00014497173592317676
9336,0.008563115534195169,0.0014213345209287578,4.572657915568984e-05,0.00020841428608112185,0.01529007873291339,0.06700277575690336,0.00012691766444131655,0.0053336817155876385,0.8166246675112847
9337,1.248488166073568e-05,0.9727364162097256,0.03428801639793431,0.005986894482175448,0.0013799288035950246,6.0558713312096346e-05,0.004613436896734947,0.00038965785651962894,0.0021138457370773766
9338,0.01024245903340128,0.002433749922247616,0.009838866552379732,5.7738177623395e-06,0.006987344200796209,0.003222608068769107,0.00020263532340492974,0.0005242916882144983,0.9972264322167672
9339,0.00010823817577107776,0.8792927178855497,0.009342452953455305,0.14019787076233617,0.0001453575909820294,7.014167569462072e-06,0.0018510667027594409,0.00038495358185104824,0.006417491411232482
9340,5.108306081484396e-05,0.012276893522933202,0.003431328175554428,0.00029317462548804037,0.985369948537511,0.0005559828535331639,8.506969434560362e-06,0.021233171102707175,0.0032824581378905083
9341,0.0001295898368066599,0.00041375995119650744,0.004844680228740306,8.941549493488393e-07,0.11716740960670916,0.00025658780015851796,2.9652723329158448e-05,0.9107076747368866,0.09301483735585127
9342,0.0011591332916023882,2.019516359503561e-07,3.891265123826046e-05,0.00957579793970824,0.00011447056130507308,0.9973161468844874,0.0022183653474980706,0.0024826784502160444,0.0003420314130545798
9343,6.742087973197055e-06,0.9871216758320436,0.011657830051016543,0.0062256161683724165,0.0006984749334294512,5.314829906938411e-05,0.0015269995460388034,0.0003539332641216883,0.005029122203271404
9344,0.01375880528695915,0.00024366913810145794,0.00017490418105412997,2.5922175884687145e-05,0.0032597333703202136,0.8891459295945768,0.0014318349591020776,0.005998869303016269,0.005953581944388813
9345,1.6053468585455133e-05,0.5066758948431259,0.4124632612933964,0.08449590340627677,3.342049199307223e-05,6.333358135255919e-05,0.016075398239973497,5.67958432994056e-05,0.0013433660643263749
9346,1.2740926616425574e-05,0.10903449669835712,0.8777536188181314,0.015672152147673007,0.00015414909026141725,1.747046909463668e-06,0.004909778085817249,0.0010192422363695167,0.005019317758221252
9347,1.1340246715586533e-05,0.01228255196072701,0.8037140026641681,0.21815252564178034,6.501316878370001e-06,0.0008835657173503063,0.0542525185852943,6.854458989657861e-06,0.003111003432065544
9348,0.002163258084691926,8.878823400469343e-07,6.739150753479963e-05,0.005494963246455574,0.0005674643549932396,0.996140969581452,0.000940545887415747,0.001497746179001944,0.0006639889491627137
9349,7.4893246649878896e-06,0.8795110551307399,0.21732303661295288,0.037094630449751295,9.974436714676313e-05,4.575397240359577e-05,0.00448136702958374,0.00013348075987739303,0.001093285989647829
9350,0.0011701155381747962,0.0001275822153462903,6.339020115588055e-07,0.007433105725983703,0.003398134783458713,0.9971425062063403,0.00018170216842199846,0.000480870272276975,0.0014555775644083738
9351,0.13956079054430284,0.0015430876595795525,2.025866763935681e-05,5.117557820326646e-06,0.0003183990953367225,0.12014443917377,0.1058300079988938,0.04499131904271325,0.11816072096109317
9352,0.035313431246931704,2.898801393995113e-06,0.03991643127809847,3.899344183048139e-06,0.0016923511104684464,0.005678865214305895,0.001283211457387048,0.03718662111287758,0.8767359522001265
9353,2.875348273080632e-05,0.8985493953604746,0.06254487713546243,0.057413541404715336,0.00016511418614225168,3.5871841251437844e-05,0.0059100614917158515,5.0127734691196006e-05,0.008163617459539814
9354,0.008660831118167931,0.0016059947665535519,0.0066772059640159195,7.856133240636671e-06,0.011382418819012854,0.009190736760349379,6.684638334767228e-05,0.0007997711841997702,0.9948484463898761
9355,1.5549764906068167e-06,0.8401167396238296,0.07894757690202599,0.0031874770744500067,0.04793458208322922,7.281738396161144e-06,0.0021854624506700278,0.016402760752774023,0.00012030073298369454
9356,1.0300356792107994e-05,0.048202978438562666,0.7302598402864047,0.002337367269532884,0.011875278551326385,6.2426896705125375e-06,0.04960516884522681,0.009495748834811881,9.021592150490768e-05
9357,0.2386777240610418,0.002870078907260815,4.929744251994892e-06,5.107960556882067e-07,0.0034063320920742807,0.02507795746083521,0.00947224121373573,0.21196655159880595,0.3950423162659088
9358,0.00010666349823799668,0.00010589879565907624,0.04997096286710794,2.4243088008852303e-06,0.04326637518106828,0.00029597123881902577,7.219912769189391e-05,0.7948758041805036,0.018343932832432325
9359,0.002416362620318431,4.956570627847281e-06,1.2408792401989557e-06,0.005505859499547239,0.0003947427808603111,0.9971897985771817,0.0008696433520721848,0.0022747304734151183,0.0027797512116824324
9360,0.007462633334242994,0.0019074119216660691,0.006547435933603594,7.255374096448183e-06,0.012130768993333565,0.007392284935138988,4.356392859257459e-05,0.0011331342255524077,0.9958591237978961
9361,2.2000724070456702e-05,9.779589511468953e-06,0.03861355245460713,0.6550996402370294,0.00018399081327157157,0.7399242972099317,0.0002228058629558513,1.3592914500623894e-05,0.0020607396650219106
9362,0.0033654564305234877,6.119871987895079e-06,1.5500639385527365e-06,0.002627617862672343,0.0017998765959456127,0.9981090724625631,0.0019190993574146348,0.006345891383827202,6.906879259879374e-05
9363,3.5671871377570774e-06,0.8257351867868652,0.14105132478381815,0.012090840998582625,0.0012892021604944935,9.678160926924414e-06,0.002560692572122723,0.0006759301469827049,0.000857338068876575
9364,0.0025433570901278258,3.619331599027966e-05,0.00019634474773349143,1.366903825487319e-07,0.029957013409888694,0.0006527072699595568,0.0012338253281148864,0.9992860130507846,0.002169733515673124
9365,0.033416718655026885,3.548412210305091e-06,0.009893293011561097,5.399585112067669e-07,0.00028966308490160973,0.010414185772899393,0.04069390186173862,0.8044924954898551,0.04005179243696012
9366,2.296857139696752e-05,0.5797894679366339,0.36434716946058876,0.04896926293562283,0.0014074064761376254,8.634702809214147e-06,0.012210729673313502,0.00045291476870602674,0.0001191493337255435
9367,0.0015251133388173102,1.0016873685968396e-07,0.00011343529443485677,0.009679505879015326,0.00012121115398288386,0.9972227718434775,0.0028874080160889,0.0025366198184997467,0.00024898828360208144
9368,0.0029325261956250123,2.6611198626465814e-07,2.7354674761609485e-05,0.011327958358776412,0.00019200941781839578,0.9954995051514729,0.0020689309107815596,0.008560213816832083,0.00036592841724442956
9369,5.0241712762813495e-05,0.6071088045594465,0.10242944770885284,0.116317919192247,5.813351940225137e-05,0.00010410260917042477,0.0047850707680785745,2.9666135287727307e-05,0.005726515142275145
9370,2.6362980597218645e-05,0.33258867977059176,0.6219612152551076,0.0006789563868133394,0.003850704931788082,1.987608963528359e-05,0.029996004181536213,0.0010804815007272425,0.001433633301497187
9371,2.525279289986462e-06,0.10085705238978146,0.7817576763569998,0.21884590591627526,0.00011096108533783125,6.880458824874396e-06,0.001703202328404498,0.0004384649913971539,0.00042525295950009666
9372,0.0021738078954706237,1.970486981561714e-06,7.650729546844166e-06,0.006156451892137772,0.0005502622260385117,0.9989396534688583,0.000554508476793501,0.0014436593922771766,0.0006668568875848313
9373,0.07497353537071626,0.00012560490598114105,2.2881708081830972e-05,2.453457332673932e-06,0.004831096649259952,0.0018990363472315872,0.012604342252238757,0.9335555112913471,0.013195232693756087
9374,1.0955194520374462e-05,0.3232582701722266,0.4897148298461482,0.17499961560024926,0.00016422926570923028,2.904979165790853e-05,0.002934963846542795,7.089036734863757e-05,0.0016971756060705613
9375,1.6363717895053585e-06,0.009159626498390423,0.07852476168162624,0.9754871438058496,2.541268385147414e-05,0.002801458323891699,0.001714768096977606,7.763573775948517e-06,0.00020530835290988832
9376,0.0011571183316300426,2.518620999917678e-07,3.314616359672863e-05,0.013869762616121158,0.0001877842789780495,0.9985300851665428,0.0007520752859846425,0.003221510000611442,0.00013260018441680415
9377,4.117803348304864e-05,0.006142202805419989,0.00267796997649789,0.0003443716168715762,0.9911096427875449,0.0009881378451215696,5.09693194684539e-06,0.024533652228005312,0.003678081051166849
9378,6.672276911851281e-06,0.33188563151983524,0.5009556208016458,0.029366377654884743,0.007101472162918412,2.978315942448512e-06,0.008584259164675695,0.003401486175303152,6.724313677189429e-05
9379,5.2159465773002605e-05,0.9188531247340465,0.03756499229461543,0.01978241333446538,0.0013843009411110357,9.067242409171412e-06,0.004982479168361742,0.00018092772971064713,0.010341091760078094
9380,2.700666305480673e-05,0.719985086936125,0.21766133805560645,0.06726846804187489,0.001597032616168042,7.18830035776107e-06,0.009896158755314074,0.0004013021360511658,0.0001140148868940555
9381,0.07884663128310855,7.414932180940826e-05,1.7869304226515614e-05,2.0826477247556716e-06,0.0012044712226597467,0.26930133824097835,0.0018395614081391017,0.04117773820503631,0.5843364208517178
9382,0.012037630548725687,0.0014502759920744267,0.008217338699151687,6.26758840748719e-06,0.008632738084780801,0.009473707976106855,9.294129162439579e-05,0.0009686616978213609,0.9915956037283028
9383,0.0006685687705180418,0.00034391460668978924,0.0007467406943549862,1.835641563416128e-05,0.2301914710460978,0.008511808771012304,4.088822641457088e-05,0.7076895112331524,0.00017009254078501366
9384,0.0001502816972507292,0.9820406428451052,0.012743996508926353,0.009897677938764017,0.00010739133633557044,2.8848705078905904e-05,0.012315796376660755,5.095801800838414e-05,0.1343202014655971
9385,1.5149333234112527e-06,0.8625972060870665,0.1395352956148158,0.006958542976906351,0.0036076991950837285,6.955751553544302e-06,0.005727484261485332,0.003540981727670003,0.00022339017611771854
9386,1.738425303558613e-05,0.8697728353010372,0.1688107648651812,0.03686561365282494,4.8261839342719836e-05,1.8339713533478168e-05,0.007743380811028943,0.00011300950086685307,0.000962671047083294
9387,0.0014422705726703483,2.169241247606021e-07,4.4794409990163515e-05,0.014758912888665357,0.0002175210944145177,0.998264954504554,0.0008819278212862567,0.0016185296271366673,0.00031876599577830924
9388,1.1793267389658028e-05,0.9981233561701741,0.0024902454759527935,0.004701688471228057,0.0028330782917277853,6.0273451714955016e-05,0.0027731119628901257,0.00023864422928393888,0.0017814767578634763
9389,6.2530816758133516e-06,0.33171843016202074,0.6500689304052012,0.0007435662631030915,0.007432353718156948,1.2589301844380727e-05,0.023061200616113473,0.005928448074095289,0.00032400305122370535
9390,0.006584252400484428,1.3466485819335974e-05,9.32764889182708e-06,0.0007884542813766771,0.0010249831240928939,0.9941722851452545,0.0010982850955354147,0.002206885888791856,0.0025865339053529946
9391,8.65632629900803e-05,0.5410660577892645,0.06568654310320865,0.0035857704191331395,0.00010363147114858819,0.00011272167923586111,0.14455065230379543,0.0011129808630780348,0.00010797421786257479
9392,0.0020283550330867433,4.489468548059776e-06,3.047193162385028e-06,0.0035838671355389548,0.00048827065691233146,0.9988577318190358,0.0012268487731194734,0.0008441572377701385,0.000994125227426092
9393,8.96428288901336e-06,0.9915380421022624,0.009332460123681798,0.006929341222715793,0.0028501061422266318,2.581558380798284e-05,0.004020620834031715,0.00029965355508773656,0.0014950194714041828
9394,0.07291606334760346,3.316957431232535e-05,0.00015649059981942884,6.466725380928582e-07,0.0007067088264686833,0.013676533595220298,0.006539605598885187,0.8372788296831022,0.06845736002364841
9395,0.0029093188422658397,1.3398527428431897e-06,9.05770670104571e-06,0.00398652184727058,0.0002856287094429496,0.9977178908945734,0.0022672016221671285,0.001906206187498897,0.001554494430620896
9396,9.719423934483966e-06,0.7400765545978554,0.1676021706271928,0.03865642595376082,0.0011618550838922174,9.589385134870943e-06,0.005413527174932569,0.0005620730360976331,0.00017146449136424313
9397,3.460687774393e-05,0.9786235593147363,0.007082596624025096,0.030130830583683425,0.0003626333522241724,1.6458424199287968e-05,0.0037022995625275927,0.00037719852831268047,0.0123772978868825
9398,6.865801974802965e-06,0.37860195428725474,0.44868865928679624,0.0019364244030254806,8.199343835770178e-05,1.6924239850539723e-06,0.011432090605872702,0.0028879416526458273,0.09657305578080036
9399,2.091167338115492e-05,0.6518736017536555,0.4922279026407714,0.03398036709113756,3.846224313709726e-05,4.086665215782873e-05,0.022667086222381297,8.306519822961484e-05,0.0015336527849507636
9400,7.1691822104014195e-06,0.7938374404077301,0.10971834474000752,0.007713835241145295,0.0012039371587988827,4.134851726824207e-05,0.003908529043738443,0.0003166438741471072,0.004754224752210768
9401,4.994163710772277e-05,0.018537069393626756,0.00527205190175169,0.00025148990394407555,0.9777910067962956,0.00043585983210646167,1.8939387940972497e-05,0.018264032387778576,0.0029193601020352333
9402,0.007593515212453496,1.3704706915979421e-05,4.198245384951468e-07,0.0032234063778139783,0.0003899926087375491,0.991290486518504,0.002944096644342397,0.00785969371045905,0.007520782754251284
9403,0.051850799355870565,8.667609120967175e-05,4.016591880159933e-05,6.205867365638052e-07,0.004421952932781585,0.007604660791441355,0.010884641544048083,0.9548720403504773,0.023450381752787387
9404,0.00899137953247363,0.0011544974808177775,5.197830827148717e-06,6.92942790267214e-07,0.04809927345725686,0.0029478250164016516,0.0011681725810997062,0.9981994258148886,0.000864228535177975
9405,0.014273039104355754,0.000611155438191601,0.009794047647290844,1.2234382215744613e-05,0.025034688982702506,0.004677304538344317,2.5742454310422078e-05,0.0010564046582152615,0.9949110516971335
9406,7.458292022077818e-05,0.11178338582270364,0.8321756568028992,0.0005721895022001127,0.0009411230609074517,5.7043849130728565e-06,0.020905516949532278,0.001307723742933901,0.011950907241013883
9407,1.5067855329821101e-05,0.9798826331774211,0.011058226698211885,0.00025666376036218957,0.16400595017811978,8.481403622036622e-06,0.0026895710452840478,0.0037400957657026733,0.0010449304862456407
9408,0.515129155421655,0.007092748192161007,1.1359823987180033e-06,1.548122603444895e-06,0.0016528965071056449,0.15676377731524005,0.008997349082621993,0.06585782869717996,0.15713182702548678
9409,2.060549041488656e-05,0.5960141260984022,0.2919914982373381,0.06851775010686045,0.0009529597443114429,5.98246606722056e-06,0.013973532482291055,0.00033942450653958215,0.00015549647156180553
9410,0.04611228726297525,0.005463986407320763,1.138917249547548e-05,3.208392143118336e-07,0.004293805867319158,0.0072114683028557496,0.000514989638226513,0.5381690450055295,0.31283703712439465
9411,1.7622513591865625e-06,0.35298554424000217,0.6301193606673575,0.015480152445970898,0.00015531253269647266,1.0862050746824813e-05,0.0014406068932226641,0.0002998607748740456,0.0030907198116227877
9412,1.9999966546728324e-05,0.4164828568564452,0.49103944944298233,0.0995867532189905,0.0010705759393105276,7.356050078805057e-06,0.006916563973218264,0.00039848504862896735,0.0001282931664974548
9413,5.618313647162847e-05,0.21556349596698235,0.0038697827109502557,0.014494124833761503,2.332588176869265e-05,0.001956994463485144,0.10688083861546249,0.0016053405183274125,1.926637308402383e-05
9414,1.0811868868793577e-05,0.9291886116402442,0.02907074357978733,0.10400442232463687,0.0010006834448616447,1.5611014358629666e-05,0.0016790229425402829,0.00046864592329453334,0.0003919619138540364
9415,0.002736140647720268,2.0955987486123157e-07,0.00013425873847188187,0.005472265783661395,0.0003039640970042318,0.9976109929071917,0.0017618508267162065,0.0021882353087052313,0.0003310714960242963
9416,0.005635364887471518,0.0005993612261816111,1.308568977857486e-05,1.7371008465965488e-07,0.07401084799719587,0.0010477674055522866,0.001648641726496573,0.9991277371498094,0.0007876281130349775
9417,0.1722635043290208,0.00026961709531381613,1.8689279950413496e-06,0.00026664277861204386,0.0008918486640997619,0.5634344661364197,0.004216218072119237,0.0020162312746725207,0.0781156873367588
9418,0.0014767992721126221,0.0024094628210246777,0.00016222789154806468,0.006017932378417406,3.3291880527456724e-06,0.09071714476618238,0.8904263325519248,0.0007728816469918835,0.0001221323281882504
9419,1.1121821256210505e-05,0.37561951368591906,0.5405119413228681,0.0009134102853007133,0.006206815832373228,2.1966975797965074e-05,0.014753512696701854,0.00309567488750348,0.0005362164274396415
9420,0.0011687039748237667,2.0197966365075046e-07,2.7159100373674845e-05,0.019608062591922153,0.00024482437732050035,0.9979860169013971,0.0005492862075215178,0.0028366183645710716,0.00014987020966267128
9421,3.610899466391904e-05,0.11720533504930027,0.013733180742760061,0.0013127470776306293,0.7957074852819229,0.00014528676160596788,0.0001549994290631777,0.003561406166086572,0.001549753598192503
9422,3.901756055571514e-05,0.7261116976760216,0.18312287359169188,0.029447849513185406,0.00384822343000375,1.1408118975874627e-05,0.012070118508081575,0.00044963762285865405,9.480476320804812e-05
9423,0.0003961973882694198,2.2975719768476794e-05,0.4198514983641987,1.6706742423557088e-06,0.08484544006453718,0.0009863266404557208,6.359193853403881e-05,0.020976336891127975,0.9819303271268773
9424,1.5687300007690203e-05,0.7632386730179102,0.07100190582768022,0.00038555733866178765,0.042609213257957405,1.2523675762614547e-05,0.0016819377696951725,0.01560470489433971,0.00020774335181140052
9425,0.8389776575514198,0.0004939608373843294,2.362932435995705e-06,2.5118435550531826e-06,0.0010547514920468876,0.16339378381559316,0.0036503079262315712,0.006639534068686514,0.058016742419301916
9426,0.0006149231672006821,0.057821762006609476,0.032537475816187884,3.738005941926022e-05,0.0003557725938227368,0.00018052825920641645,0.5943545773500911,0.08557994298599447,0.00010249316372213368
9427,0.02285696372314165,1.1807555595835976e-05,0.0004060923519053199,3.6023606857954813e-07,0.0014282677936123963,0.004448004030936543,0.005687275498287868,0.9610165963160333,0.03959749589476953
9428,1.1221348174645182e-05,0.9903518048725372,0.013942548016342376,0.005653548350253913,0.0033944669667535397,2.180888531651659e-05,0.007381565621532742,0.0003333673006329547,0.0012771373741823776
9429,7.0871074960009635e-06,0.516120166541983,0.08133836602040281,0.0031178509555226824,0.4163651650617769,6.382563156268777e-06,0.0011412373302235044,0.0040380358887987565,0.0004678747422767509
9430,1.4210755931312256e-05,0.030386398285161636,0.9739976100271555,0.019529703408239507,9.242620165058995e-06,4.966914352944537e-05,0.07941282269840794,2.7629152656410227e-05,0.008283532929387442
9431,0.001520489934376955,6.710619747909272e-07,2.8459768142154525e-05,0.006035276439496578,0.00017579586366523687,0.9976796783048343,0.0031785059452544974,0.0016280109124190113,0.0002733480007279015
9432,9.574702531855893e-06,0.9937377922904079,0.009191277717616776,0.004858029405257541,0.006668531289072282,2.535567250648735e-05,0.00418307171072978,0.0006217642869710643,0.0006246144402519352
9433,2.806226061970342e-06,0.7425969374124324,0.2116640288687034,0.024351408947883138,0.002787468983076739,5.7629824439200096e-06,0.004244936602038861,0.0030798732087762857,0.00012901349661169475
9434,6.033798667441341e-06,0.35861885462694704,0.5085844162508636,0.013652177262370186,0.006013918259653388,4.484641507067346e-06,0.016195034380934014,0.002699621842300009,8.196185827546656e-05
9435,4.621179859645053e-05,0.005522117109604234,0.0034449379540166048,0.0003072196361873724,0.9907992937103709,0.0008679774307088083,6.33431253927979e-06,0.022636314638518684,0.003704251876175269
9436,0.00863835155352239,3.185839536655159e-07,0.06007512555301634,6.878332775647985e-08,0.001711866890138768,0.001875875197388324,0.027263264202838967,0.9508286600817912,0.10426208599191739
9437,0.0006471675490490097,4.011456216634318e-06,0.0014649985177672246,3.196668868328519e-06,0.002644881431460478,0.009818555730725322,0.003212457351888171,0.9909451581482678,0.0004688399456492478
9438,0.016417426220211345,0.00032990435546875025,1.0715099368603704e-07,0.0008322769714619474,0.0019085479128441002,0.4623082320221788,0.0005289483863303462,0.6073803751693488,0.00075759780766486
9439,4.647802364933807e-06,0.17728706116924453,0.8161671509847954,0.00040220574208320065,0.0011497069195425423,3.806888927872266e-07,0.006922377441386647,0.05910593142633955,0.003374330275936827
9440,0.001046274480233065,1.5120409319260825e-07,0.00010954249211919875,0.012720296929141965,5.937779446756783e-05,0.983428508468848,0.00983525771054265,0.0029068708995239377,0.000361198585648709
9441,0.0007504641414553678,0.9959887208117738,0.0036009494724795494,0.004141738429214396,0.00014965941585753334,1.7453973120186832e-05,0.003863671991234338,4.909382059889055e-05,0.18690255782011475
9442,3.646973961769895e-05,0.5561674187639657,0.26380991375421475,0.07544508374424895,0.001509343361562281,9.37688792145807e-06,0.009213598339183497,0.0002961577286350705,0.0002144285903097466
9443,0.008725705735664233,0.003087776253659184,0.002080340896631568,3.9575617664406654e-05,0.014729365625058211,0.03205607798492071,9.250006100549535e-05,0.0004520695354921365,0.9767463532607694
9444,3.822279201490426e-06,0.8037516593413648,0.18305622784097011,0.017603799587305912,0.0016322497868122186,6.569557002427375e-06,0.00767346084627085,0.001290451112036236,0.0003324888165617508
9445,0.0007160635425616396,1.0982616149671844e-05,0.10865875603002119,0.003303244668187467,0.0016765367462863836,0.7264423817173397,0.0004856317060016028,0.0001418827400456473,0.016744880285269492
9446,0.002103513357033398,6.436767696279353e-06,1.5007762979300799e-06,0.006196617148725447,0.0008943855926160626,0.9989926774044825,0.0003746809189385793,0.0008459256810802139,0.000814022611141835
9447,2.672514364781543e-06,0.9676703999656042,0.019793551742581295,0.007149361842319872,0.013676327445558254,7.006674317091097e-06,0.0028148599538155667,0.0021537257293922584,0.0004086738368704156
9448,0.006761864390074408,8.790670470352263e-06,0.11295775549162702,0.00012763273763171764,0.0062255385254711415,0.00120332870138098,0.00019050295041705365,0.008039677503885474,0.9292172061847123
9449,0.02049210807590778,0.0014041964378799772,1.3654686261794934e-05,3.703259900622259e-06,0.005689606425117312,0.008773811868132758,0.001412906210570571,0.9413124208595771,0.0010440772830689138
9450,0.006145350445704508,3.7781487401794736e-05,2.9610272733079955e-05,0.0002365862375132945,0.0011831992876192307,0.9882041324063364,0.0011659388777075389,0.0034020508647756888,0.002173011296444536
9451,0.0045465076774090975,1.0103155904998575e-05,6.694838973358641e-07,0.0033334383539303726,0.0016437816402856502,0.9965494858671238,0.0013799105995810606,0.0019022012222267392,0.0017011578655342565
9452,6.148266207981617e-06,0.8978339579839589,0.2695071810474596,0.0011729183825121808,0.00012786379949478874,8.860152813541018e-06,0.0030760349319743593,0.0004715249395271268,0.018926585458359384
9453,2.842662420596331e-06,0.32821469611619053,0.5355094753153918,0.03650734412007978,0.00019352253504992297,1.3147179358813086e-05,0.0010031932492315528,0.00018915363311596372,0.00454400224550297
9454,2.153436155327227e-06,0.9480935690581294,0.034114788200931376,0.0011207123353199656,0.04152680203480527,1.1361947006261558e-05,0.00491182382279395,0.005989155726187983,0.00033993920488710065
9455,0.008753293998862322,0.003972283742423402,0.004889394307232559,6.517754922663116e-06,0.011033767875849669,0.007268687654801859,3.2019780205893184e-05,0.0013233517469260613,0.994450297418144
9456,0.011557499534384385,0.0002469714993556482,0.04646846519088807,3.2313857520449805e-06,0.008529725850143522,0.0035505720042604797,0.00029650228833016804,0.001132379706887419,0.9959700377561681
9457,6.9039839586950514e-06,0.5650975193451305,0.2899596476428857,0.151100617214665,0.0004548152939465423,6.9888825546753285e-06,0.0029737440618109816,0.0006818545542129286,0.00021827068474217942
9458,1.9308174681102016e-06,0.5166533335399476,0.5185726077192857,0.010362313328045682,0.0001438055147894246,1.193916227382621e-05,0.0018207550564097515,0.00025517215019208144,0.00478483717576185
9459,8.793763508084097e-06,0.12014137366721073,0.7290571342045445,0.16092756807638736,0.0001308719581612031,7.540376852428954e-06,0.005770256226529869,0.00020275552100028194,0.0014645240390787021
9460,0.0063041102061461105,0.00025021860246719004,2.832815607574574e-05,3.5597915286639626e-07,0.038636951909716895,0.001004574437798433,0.00276018939263625,0.9986808181908845,0.0010422197838263674
9461,0.0010494971456476699,2.2795960547934984e-06,7.332833503618883e-06,0.0063670244162955655,0.00014363206521051072,0.9963442313860178,0.0028603144156163847,0.0007765910144820678,0.0010122276731695495
9462,3.110589423215929e-05,0.21175926928315986,0.007251235078390265,0.0002987749681925694,0.72586489654641,0.0001724104137826491,0.00010158094228193371,0.018838519488675945,0.0009831007243685903
9463,2.0481151926913273e-05,0.6246264796253664,0.27050090928365106,0.10173249153289336,0.001190382112103261,7.208586175247958e-06,0.006354847878956257,0.000402798656415087,0.0001207775621705915
9464,5.340524538290088e-05,0.28143746270286885,0.07802372372721508,0.00017065927432878262,0.02055348184605831,0.0018713955405703531,0.001583550277601301,0.0002690068669764732,0.040007696513637316
9465,0.0003175905935762895,1.963120099560721e-05,2.2245279857579586e-05,0.02824328617049811,0.007907801878479327,0.985171349757012,0.00018579996504262058,0.00047543360228731685,0.0005439787955030816
9466,7.5963183825068e-06,0.3290987712695017,0.6295595365625902,0.16852007235121608,0.00024889928486323274,9.481604668227582e-06,0.0037055987525286063,0.0006043173300083653,0.00017082648053735823
9467,1.10880285511513e-06,0.8767616530241178,0.10931251921925443,0.0011101472163304535,0.016989082462514526,5.265742551612055e-06,0.002703939525162379,0.0040746500875691516,0.0007835051713045903
9468,4.1592595232099294e-06,0.9039669672779208,0.03743296997788542,0.03194410698331013,0.0003302757927292682,5.43534244386603e-05,0.001589066301443905,8.248339160123986e-05,0.003729470496219569
9469,0.02652498584242342,0.0109773239572874,0.03213599034237697,9.572948004713162e-05,4.848178389741864e-07,0.00021176234946402258,0.9926586350910753,0.0024814510529366685,0.00037367370255937427
9470,8.636823146748251e-06,0.20202283756033534,0.715270457911875,0.21456841950151095,0.00030329352557014274,7.607241733890197e-06,0.0033437035478115335,0.0005020273826782583,0.00017425889606152584
9471,9.238783545444121e-07,0.7200737055859723,0.25485866098815324,0.0007699357519901463,0.024112123230975186,5.507846835335078e-06,0.0025496313070878123,0.00766991517632786,0.0008447255341047961
9472,1.3463471639651289e-05,0.5881560418394026,0.3509854578023844,0.0010106306907773737,0.00933545083535777,1.5789060782277544e-05,0.01073185220656156,0.003841386481156616,0.00035315959260121097
9473,8.053153407628943e-07,0.851714857753237,0.19440124358568628,0.0010356006606427766,0.003709271815668133,8.496353934072483e-06,0.0019926469438163374,0.002302557320287075,0.00197829202543398
9474,9.803419594506097e-06,0.05882168182436437,0.9062395403751817,0.19366927333047804,0.00020753319184153108,5.037113034156785e-06,0.0055209408943197175,0.0003398737115924902,0.00030892550369016986
9475,0.00012103065061654347,0.9717911478385817,0.011052421069878611,0.023345590391529787,0.012605357890537015,2.9729551617906154e-05,0.002224705044906011,0.00018987067290706795,0.0006559173060761961
9476,0.00010525036756880669,0.015780491269658976,0.9185762784120383,0.01867692425943915,5.302548604239334e-06,0.00017655460997908183,0.30941002938264756,1.869094100654286e-05,0.007617504016893536
9477,9.812667079554725e-06,0.2979621223750749,0.16880544780255752,0.10661779978728261,4.4879810028170335e-05,0.00023617115641805928,0.011095781600607774,8.06161846794953e-06,0.017878373279968204
9478,0.00026317570448386186,0.9386818350644967,0.07612991031652051,0.0043559910726326855,0.00047279051353101936,3.6453056074588594e-05,0.0057002955018796864,9.380178926102842e-05,0.0036143220725814175
9479,0.06996521614317346,3.6877678320356777e-07,0.03762837512407802,1.5118240744719601e-06,0.0010300562406976596,0.012097669010184015,0.007006825314502457,0.18032823031229042,0.5208249071600801
9480,1.755573066215652e-05,0.007501304986482474,0.006000904480480497,0.000409125519482864,0.9645808614226838,0.0008222441456596459,2.5358517621342656e-05,0.026723265979257095,0.0028124654636465544
9481,5.031153385989645e-06,0.6118595108903304,0.3015078739792751,0.0018462436855258967,0.015860937650919366,7.413587602739336e-06,0.009377533205860994,0.01194368360911383,0.00010141045256545558
9482,0.0012687502894419556,2.207672860975209e-07,6.117091517419786e-05,0.01230613056649772,0.00016102719475781497,0.9980746121477141,0.001230485098080616,0.002299313323812255,0.00023085337088749473
9483,0.0035989423708203904,6.524245583421579e-07,0.00647610218032827,7.577462470735965e-08,0.0032944051629653238,0.001525581107587183,0.0048554268957065405,0.9931830594364666,0.03674618405887606
9484,1.2473428015390107e-05,0.564458509565298,0.28199796742135336,0.03150188853965948,0.000175704888580004,3.0343668946724146e-05,0.02276981792366897,0.0005040853847241069,0.000178021256801879
9485,4.6157883313341645e-05,0.8130250626789907,0.008094951847102372,0.26114810107129943,0.00012267751302163612,1.5241432864038508e-05,0.0021727937247347593,0.000278299130595642,0.004836637266463732
9486,0.001391861366258759,4.543717447155906e-06,2.7804631134573925e-06,0.004195884886908365,0.00037497259469041144,0.998502516172322,0.0013034314239952574,0.0006584535996615327,0.0013404297429376367
9487,2.101360006998294e-05,0.383200796539985,0.01907248361108345,0.0008655980300316748,0.6968981558503561,1.1166902717779206e-05,0.0003401049316258883,0.007267035977164101,0.0009321812269459735
9488,0.0028610204287166895,6.00942225054595e-06,1.3631560654435307e-06,0.0051258015053987456,0.0005615194781442542,0.9981615764751182,0.0009028038759205378,0.002722761403841688,0.0006790162142027123
9489,0.427382871359788,0.017117838405072357,1.3223794263764041e-05,8.254491608864834e-06,0.01013158888843422,0.017972426528086543,0.0016547361150708343,0.0048443098870171696,0.7465350124120732
9490,7.639587289731478e-05,0.8791089484070459,0.01955224453834446,0.08196342583171594,0.00010602089272257439,0.000332041863841765,0.0028630967935799416,6.463365551932711e-06,0.023414761409009895
9491,6.659048493738827e-06,0.0002934923167137964,0.6386733103051648,0.8350473131135818,3.610030972316713e-06,0.0035374590079898594,0.10788979279247575,8.464590148101128e-07,0.0066736808399136885
9492,0.0014680012135214614,1.9619641342474304e-07,5.933502611170554e-05,0.012354704543665107,0.0001301557189048618,0.9978562090208487,0.0015404164911255287,0.0033791848636853653,0.00024102971789019767
9493,1.1014193362085912e-06,0.008165451548619548,0.15139141891731014,0.9717405504121642,7.226759533635322e-05,0.0002570960632000101,0.0009464764699045168,4.634062775330608e-05,0.00011835024169683684
9494,2.031284061011783e-05,0.5011732549709724,0.3361472836149417,0.12321838812436532,0.00058415368954706,5.965673914184297e-06,0.0054568608971277315,0.0005766131046765213,0.0004018099244794386
9495,0.00030575548090115646,0.0029554904663980377,0.0008513181038087126,0.027142771909282888,0.0007045595082450432,0.13418260110509314,0.0011498355033727236,3.982348934589545e-05,0.6478868836453393
9496,0.11647548590783972,0.009487147464231604,8.63316063182959e-05,3.533569819972757e-05,3.159123906445128e-05,0.03411974196314533,0.3611354069049511,0.004890801251070309,0.0029358232031215983
9497,2.273309874290313e-05,0.01788918902692487,0.009158025449374942,0.00046389344564022535,0.9614971865967556,0.00025987567603090727,3.479212051589803e-05,0.018555299272278284,0.00211351475164642
9498,1.8048172147316078e-06,0.8965015175149471,0.07996657283011328,0.0023679485772437007,0.02079487289236754,4.815883632044602e-06,0.0026331248103190793,0.003897384979240244,0.0004782562965362132
9499,0.05971761762539119,0.06660932347656985,7.085963553126255e-05,0.00011822064417248206,5.768484966821824e-06,0.0013883668415973318,0.91851189322926,0.0036485066159048845,0.00503383205337093
9500,5.5097985010013406e-06,0.9095148833348767,0.01173638050938685,0.2250741268500686,0.00023697253569702746,0.0001585348319114033,0.001025612736004832,3.264365549242734e-05,0.0025467395744456227
9501,0.0012354523198957765,1.219984844286781e-07,3.349370369936831e-05,0.01351171037886209,0.00010590092535127122,0.9951280861386372,0.002009904413940794,0.004846310189075835,0.0004332082083551646
9502,0.0009194721212646554,3.3759946451551573e-06,1.2233860542827478e-05,0.008156032481080095,9.135241881828248e-05,0.9903426846903989,0.005205361584927091,0.0010100785066952493,0.0008941003553647519
9503,5.565439538029238e-06,0.7996696957437978,0.10904951995291692,0.15108594513294693,0.0003517499941803302,1.330383500777895e-05,0.0014290705993578567,0.00020489978662706262,0.0008047603510338897
9504,4.37695314061985e-06,0.9541917492034583,0.04803955900781765,0.02533134402718207,0.0012862939933818555,1.492415801205579e-05,0.0019144443439386468,0.0009282568775930614,0.0003027750345483819
9505,4.353241699553761e-05,0.3318912054564206,0.008848043769212097,0.6203051200485926,9.78648931706361e-05,0.0001457526212330125,0.0010496891598635483,5.3000055338033723e-05,0.002557402015771607
9506,0.0014729888115485143,3.802842097969436e-07,1.4328790801369684e-05,0.010657629126863886,0.00020511792000927142,0.9973262895827747,0.0011022337829351728,0.0027570162061615056,0.0006040511480828848
9507,2.61137408676609e-05,0.6323949804852341,0.2665320439192641,0.0007464099747843666,0.008186530441597494,1.2256244805978958e-05,0.011401586672164793,0.003180455170279329,0.0008463141761163545
9508,2.5222289587396973e-06,0.9743567652913755,0.01573737013243313,0.004726172289151048,0.020227363289106983,8.21757949313068e-06,0.0016154292512638288,0.0019938002407749195,0.0006085502365827242
9509,8.003511611542949e-06,0.40177093297132993,0.46830878664053616,0.18492984674214186,0.00031337287996144954,8.325212857348745e-06,0.0032389365718915883,0.0005311466327122343,0.00017769026420710272
9510,0.0029886198534813985,0.0009286781819426771,1.3516758437221474e-05,8.546398192611274e-07,0.08612448421574352,0.006505037198855529,0.0004501870903007065,0.9956338298921615,0.00010188016931611983
9511,0.012299789700210888,0.001157198057536193,0.001560912731104974,5.024062341511691e-05,0.002027301065059324,0.5909530446596344,0.003168840803387738,0.0005041664547254656,0.026025739492398375
9512,0.0022195797642075637,5.566007486740679e-06,3.866199357602063e-05,0.0016995389083433116,0.0007511683707777464,0.9943781918342264,0.0007317941276163443,0.00349999214228034,0.0004930105398681108
9513,2.641822612381888e-05,0.08549070837579896,0.655096144602074,0.001514077570011445,0.0003399475315543019,3.956082778476526e-05,0.1106286531665135,0.0035606972563298643,0.00022234279052043293
9514,0.001240520237951509,8.026140342446799e-07,1.1708236414461957e-05,0.010172596257857934,0.00031062455084436585,0.9989801749558301,0.0005096962139732367,0.0013637422651684155,0.00035001703361285105
9515,0.0026855707430031963,3.860044265620208e-06,0.004332968972632221,0.001299935827819308,0.00014479925691546493,0.8510024893785366,0.007800045983796496,0.0035216549146502153,0.000526265889964775
9516,0.0009993448481132976,2.677712408153922e-07,7.04416842731782e-05,0.010703442096684225,9.321333337304991e-05,0.9971019153393733,0.002947886108706488,0.002139116757998468,0.00017956501499934765
9517,0.00454953438058688,2.3524691120040413e-06,4.672807263306865e-06,0.004163606366376079,0.0009359015374199467,0.9965344818088935,0.004963613814903588,0.0021603140897814704,0.0001124066460197217
9518,5.2747743880129475e-06,0.38437653421485846,0.45222889689682855,0.20553655447231906,0.00019308078403313793,6.785455911979659e-06,0.00255234681585936,0.0005548812565990725,0.0003459510618447155
9519,1.1214262160195664e-06,0.002182273996006125,0.19592392100575337,0.9796398805770188,5.1587130519496245e-05,0.0006825265873846646,0.0011391040540877824,2.2438184459279883e-05,0.00012347157049485448
9520,2.791169503923301e-05,0.6079081048591488,0.3153575379347192,0.02795045190755642,0.0006601397308850283,7.411596017805017e-06,0.05236795381596165,0.00023057984976496346,0.0002773914008133978
9521,0.0028668984676776367,4.05948697984869e-06,8.220182567244067e-06,0.0025717558353312952,0.0006542534939359911,0.9985210893565407,0.0010842248640395293,0.0009420083384580367,0.0012212296376160204
9522,1.191950124429636e-05,0.8447591282831344,0.14680137279094346,0.0007047991632167093,0.018405924638172765,5.666606559396927e-06,0.005346999283523816,0.007009576975190599,0.00021352939270420553
9523,1.5020439914665856e-05,0.15396719347636106,0.8006994181075321,0.059782889923206586,0.0002446590256964736,7.636279027063402e-06,0.027768336880455786,0.0002260085373630818,0.00037210869237948763
9524,0.0098049243247355,0.010073318491884708,0.002084707875068352,6.050111518137133e-06,0.020307852996904935,0.0040141461183373995,2.5778102897384433e-05,0.0025887598737618146,0.9888530462020027
9525,0.9531964654748084,0.0012440603854089848,2.0477214438311354e-05,3.8278103777453756e-07,0.0015619453591882246,0.007279847795883277,0.04013925912970777,0.021436241157471895,0.018679761296401906
9526,1.768087362517148e-05,0.9560429275588578,0.023867905316102812,0.09276969171057413,0.00015352286329222353,5.097658964044069e-05,0.0025006290430827933,6.061150487944021e-05,0.002577623752710561
9527,0.0013161476193984572,4.3697971182961735e-06,2.4318421367984566e-06,0.004678272628569839,0.0003364129003126979,0.9985776487184619,0.0009832448705245096,0.00069466500235508,0.0014181795864130183
9528,4.313898838627099e-06,0.5429534574152959,0.4047986283537031,0.07183277131584562,0.00023004208796844583,8.92918922913706e-06,0.002979387703111758,0.000506650464142624,0.0005044500209884741
9529,0.0012959298002081807,1.4106770889707188e-06,8.150715478311069e-05,0.010233282661053333,0.00019266829933521428,0.9950799713722056,0.0026089696777508928,0.000559705738986372,0.0006603467392034192
9530,1.1736791034525171e-05,0.4583538926879756,0.4234726269378929,0.05709835259456286,0.0011993862622218642,6.753073637482551e-06,0.01033764723979593,0.0006224030749046812,0.00012825399756659708
9531,1.3117947899532465e-05,0.7350767389485818,0.16065871782657268,0.0731766905160549,0.0018077298405995968,6.701665757573575e-06,0.005007370489261655,0.0007957600435509225,0.0001040637738429114
9532,0.0005214068239032093,3.0130308348891933e-05,6.6613263742741865e-06,0.03285024210710347,0.0019390541092225322,0.9952892138393796,0.00010273235729019707,9.38455139887368e-05,0.004803613469056823
9533,0.007196104211900539,3.552703157103639e-07,0.00014381935109618736,0.001819876738667363,0.00015376813861501192,0.9735269769207968,0.008119703756426299,0.013418366224346492,0.001117397753090667
9534,1.2438152439321806e-05,0.5379289150083648,0.3977823987409612,0.000640324426921778,0.013440087325348777,1.1118253841036813e-05,0.009723637314419302,0.003907942572549943,0.0003539412779901854
9535,0.0010263328524822072,4.3065084463535995e-06,5.152559328075601e-06,0.005661992905909009,0.0001305527852184088,0.9952055442128259,0.0038240073570321967,0.0006270838193637166,0.001405072742238916
9536,0.025729833462876297,0.003164631183107376,0.0011315756184505255,1.6914205927974946e-06,0.008192752800357158,0.006371494269872343,0.00013210642605070112,0.009042912692432244,0.965692821720633
9537,0.003773119165472877,0.00023084186184835272,3.9626977929814645e-05,1.3900279470257358e-07,0.04289752036151119,0.0011692092982269148,0.001542083157899779,0.9990797103162281,0.00107920325402522
9538,0.00849725284769549,0.00010376586298752898,7.395964716849546e-08,0.0016142877749756714,0.001992866605943268,0.9977179595138359,0.0016203423111656574,0.0028253655014590833,0.0017603399790106083
9539,0.00021230943518620436,0.005968958780254224,0.087267494803103,0.03550394605626807,0.00024548048963685213,0.008435441646824311,0.004721846671004824,6.0759618457162854e-05,0.03297913956295479
9540,0.07176307140999413,4.791571956009801e-05,9.65042858298039e-05,1.1384259207870156e-06,0.0020325084022263444,0.005977086122703335,0.00844834754644903,0.9203448366181984,0.03226649881945264
9541,0.00010759520491897638,0.009910477046098034,0.05119417320104415,0.0891053214411269,1.682604291798743e-05,0.002608488633152545,0.0724248345447888,9.635315717099393e-05,0.0005054891417651235
9542,6.996249382307853e-06,0.33782749442450444,0.5566622187063746,0.0011131369701945849,0.00727684727367845,2.1495592266341907e-05,0.015600401727177816,0.004780965703176286,0.00030868604163677266
9543,0.0019534805536036643,0.2195359803860088,0.03121623159637062,1.9207703945496262e-05,0.0004071228986949074,7.20987007526478e-05,0.002030566056686496,0.00035590308033494364,0.9864793628809094
9544,2.7063012157611487e-05,0.37227348409442895,0.01308611126876498,0.00044317551103033645,0.8086402094277135,2.4662989795587596e-05,0.00023712928186737583,0.005581755760209092,0.0016858216303537955
9545,0.017821265636985276,7.992288293777403e-06,0.0008429214618968323,1.318588238115075e-06,0.0020653767474732485,0.014260059637258666,0.016732541918026828,0.9218343872190478,0.010028789474357348
9546,0.0042222605763603364,5.022258451486023e-06,2.365361985916339e-06,0.003347543003521502,0.00034058439305769143,0.9954330898334981,0.0027079500528865955,0.0021409377170566925,0.005039700776603015
9547,0.014064086494121,0.0005545976072383228,6.214340657587639e-05,2.358531240045536e-05,0.002206795198932365,0.9206349408021828,0.0014785345547799,0.005200795030032749,0.007489387148048807
9548,2.302555359567523e-05,0.7662570498201536,0.17879693687087223,0.06718157157324976,0.0016079695652727155,8.489578508726318e-06,0.007902983876680916,0.0004750716995806192,0.00010058145285108758
9549,0.000280959413024818,0.004655020920984602,0.00675062733794643,0.00018279213929568014,0.08626801891998047,0.014123545676350888,2.563118502053128e-05,0.011051369498178266,0.016493780198392503
9550,0.00025491614926989456,4.422555500130977e-06,0.00044611990127476985,0.012542713422706185,0.0016285998425649595,0.9924010747218477,9.27172223019639e-05,5.183711457138765e-05,0.026084856715431985
9551,0.0036881819073447683,0.0019133236797448175,0.08281457267901603,7.607024838196248e-05,3.7597686959847656e-07,0.00019674472906462394,0.9977391436992689,0.006794449534716015,0.002617131555371594
9552,0.0003289558974375095,0.12791773553015554,0.030714832650658497,5.6252342332455904e-05,0.0008324777143845966,5.79210660787274e-06,0.0005935777246171297,0.15732673234882957,0.07521866773221271
9553,2.921593968437661e-06,0.9864397308517503,0.009631745939210833,0.004633979492018159,0.018186605392853154,8.511598851985135e-06,0.0023699646267260114,0.0018888882502210813,0.0005685963144514253
9554,0.002077218478818287,2.3047677256615304e-07,7.076602898590749e-05,0.00802261129832651,0.00023382753532573294,0.9981917144298398,0.0015022447033007813,0.00216260128603032,0.00035017576069339406
9555,0.020408832277419197,1.1626667532185864e-05,0.0004023443717521627,8.051066715211449e-07,0.005759273827574865,0.028247524462906792,0.03388114050389341,0.9329101798867467,0.008409406118197462
9556,0.002837437330487998,2.225828889260263e-07,2.2617029704408364e-05,0.020584852892373304,0.00011996324818943561,0.9514494814550731,0.0043628113385796785,0.01311494415056982,0.006224243169085703
9557,2.5607605139451036e-06,0.10161895004288551,0.9189866515568915,0.023917885637907872,4.7314587800743485e-05,1.0810154029299882e-05,0.00545348963353288,0.0003329825080716149,0.0010979657773847883
9558,0.278611177077961,0.004953714987125881,0.00026669498210687336,6.467498683944321e-06,1.8834808310813315e-05,0.0009511612715115628,0.655430892990001,0.08516003533909156,0.026440700276275132
9559,1.9772180170625076e-05,0.5968028524434957,0.2818484192446089,0.03836642131829421,0.00219720236071134,5.685753552700203e-06,0.01672991906749469,0.000527523965976329,0.00011940573845289573
9560,0.023701371891445427,0.00011472046552867994,3.872974542557157e-05,1.2283409660075347e-06,0.032209349655179256,0.0008128808478496491,0.004534752433785354,0.9962250024261977,0.0015850723394723928
9561,5.840565446801894e-05,0.9490532488254038,0.08682412732270832,0.010825688404686838,8.197176426607066e-05,0.0002599296317122627,0.008210236851574385,1.3821451005517548e-05,0.03472265469248793
9562,2.5384221972691475e-05,0.783935045923545,0.035651165244217756,0.00021154229576984904,0.020839619697125753,6.71584522846576e-06,0.006743063470136482,0.03932894626895434,0.00024971801714315393
9563,0.027334477565759,0.013230468551723402,0.008532425288712318,7.101163539836706e-05,4.171800012885715e-07,3.0430575019175696e-05,0.9972587680143049,0.013322942265483244,0.011409603345776875
9564,0.00032221129617224486,0.6948077623052299,0.004060211804891622,0.011397839388578494,0.06144180011719643,0.0006104490851564789,0.00034679741567907404,3.986649052669165e-05,0.009526126067005343
9565,6.469401949530212e-06,0.99267508710594,0.006858428040325329,0.01391254499987015,0.0028295262079024576,1.573689052409299e-05,0.002573364932985293,0.0004803857902868548,0.0006206067914392939
9566,0.0015140466320200823,6.39608366032513e-06,1.5783388999156998e-06,0.00649799414446411,0.000581437819630536,0.9990797842523571,0.0003223976184900828,0.0007349359736028197,0.0013537377081366759
9567,1.829073397033532e-05,0.25732368393435356,0.7373101798475452,0.0441665176007226,0.0002491909647973797,1.3570659842821437e-05,0.014979775153216935,0.00029619297286302264,0.0002698669507699986
9568,0.014112859732958274,0.004809184021278785,1.2631794595687171e-06,3.333116184689104e-07,0.2178890273526193,0.0016219484112716493,0.002225511712781058,0.9986970197604516,0.0003284465692841098
9569,0.1120780217451369,0.0005281346983041491,6.304985014284664e-06,4.398265892213461e-06,0.00660387674273055,0.003133917760509854,0.004062657623240808,0.8987858396218947,0.012429314627404939
9570,0.6202969794611072,0.11071359224898171,0.002446548671546943,1.830099335581822e-05,2.5615914012094333e-06,3.4321595227079274e-05,0.9615812352094784,0.0028048260160577158,0.0006912156795814401
9571,3.718387953262572e-05,0.47095269091143016,0.22230368537773276,0.0007652126736050668,0.0027550017195258213,1.539057768252357e-05,0.06952260276243775,0.011305239354013029,0.0007614194909529261
9572,4.548520666409468e-06,0.7572168037013677,0.29409533828518536,0.005237399528286268,0.000845745983424647,2.2126899098984738e-05,0.024672222010494092,0.0014461015025333903,0.00020729563868847285
9573,6.856389795485397e-06,0.3921781889242878,0.43680266726126604,0.12149709396480762,0.0003714049239517725,5.780144386463407e-06,0.0052840717513333605,0.0006785615722621497,0.00022280382156553342
9574,1.2758522859719292e-05,0.21785463073376185,0.31960431402780204,0.00877375085337831,0.001879524358198514,7.541538807131984e-05,0.0005932960933655373,0.00027358791768199224,0.006535246824418885
9575,2.562719505577615e-05,0.7923131458721194,0.15334350846622105,0.06729878276922995,0.0007358957861204791,1.3760367532713906e-05,0.003734250632089644,0.00014539346222678488,0.001620945821526775
9576,0.0007052715558074089,1.9938536860143365e-07,5.391986888803862e-05,0.02023633918392223,8.993195738058382e-05,0.9969049643466223,0.0012308128496500191,0.0023122685963523656,0.00013405163585944482
9577,2.556611126780189e-05,0.4443703434742366,0.6219253019891515,0.01890852469412648,3.493076461824941e-05,7.302114919357452e-05,0.03983737862310859,0.00011144764065767884,0.0010025513848489023
9578,2.620414703516196e-05,0.8780473776627661,0.13594596937375106,0.02911616850394138,0.00016042957957000737,0.00013983192847618717,0.003685726682157959,1.976216505193303e-05,0.01158508996619954
9579,0.9759910231662118,0.0035567021994537366,3.100618864811427e-06,8.086108887406912e-07,0.0013327336726886463,0.0308459817680993,0.04564796608107081,0.012644131533817108,0.034783085493906706
9580,3.548745679905346e-05,0.99673718849952,0.004174458159156668,0.012474774240792269,0.002134017222476276,5.308444575370227e-05,0.004444892927271224,8.162255194215715e-05,0.00204149097695659
9581,0.0010474427456681717,4.850255806933116e-07,1.2798944772894866e-05,0.016681398487895804,0.0002587498229768649,0.99853873146735,0.00044642794238839925,0.00199738628132972,0.00017698991032542649
9582,9.125929024069217e-06,0.5715070042857944,0.19106687798589367,0.030301241962855833,0.01588918042852327,3.996368673738071e-06,0.003979152961038095,0.0024519127125782053,0.00010399401159136756
9583,0.051361397127964156,8.953360348953914e-06,0.0006069491787849603,3.5325110484289207e-07,0.0006651526864702896,0.006075630239740114,0.012800785064717308,0.8680316292948884,0.08377890671857972
9584,0.0016205110411321914,0.0012831663198241128,0.0007764052735158771,6.375194228271558e-05,0.279244086289293,0.00012398206506037855,4.285082822399934e-05,0.6751666528526307,0.04821416338617446
9585,0.0037028733191491582,1.64176164339645e-07,0.00023970072740407065,0.0034075356142177077,0.00023347037708422664,0.9940909915258379,0.0045318469978595805,0.002734241605895084,0.000564535969804568
9586,5.2187350900877735e-06,0.356933200063256,0.4794698390729678,0.25279302627565964,0.00021000074982395966,9.364685739035458e-06,0.002234047949160855,0.0004579662069076999,0.00018644356926709115
9587,0.0077408241785046315,0.001724022448856599,7.06070052587188e-06,1.8554886853960397e-07,0.14123545243055005,0.0055096938907839834,0.0022623754658987727,0.9959609352390999,0.0002648364454063551
9588,9.847730169005024e-06,0.32064572575948674,0.5929416165768128,0.13634023452619595,0.00024505136332440917,7.849412376593069e-06,0.005395349869409507,0.00026111599587795326,0.0006437297131126487
9589,0.010638185800079391,5.041533588300039e-06,0.0008140788945808262,3.5547655167556583e-07,0.0038401970553588257,0.010374808067835403,0.009461266322289717,0.9703098990184881,0.04034214331048592
9590,0.002782917497619906,0.008628470500981353,0.0007957637511238134,0.00022797615080995793,0.01579099763456554,0.12530613742309332,0.00017950829182931762,0.00030675114143572394,0.887682897794529
9591,0.1595912335688133,0.00037634537005591293,1.0388345216658495e-05,1.8931979092774917e-06,0.0025363553842549895,0.010269240756049527,0.009097071797368813,0.7625891886273133,0.03732294188027209
9592,1.2192266976967774e-06,0.04989348647957235,0.9503588723551157,0.001958579949975519,0.0011195046674014075,3.117906706526301e-06,0.08335346525635857,0.006861533357907966,0.00030560844741842346
9593,0.0371844263009652,0.034715346922948004,0.0001910475789718738,2.965166464342016e-05,0.007899242848497426,0.012133212981380453,0.00010051637518512624,0.002094244104754126,0.9610235932398138
9594,1.6184962136009027e-05,0.6222737934527784,0.2966414849224786,0.11987821847534119,0.0009339958322481486,1.1697336437252725e-05,0.0037473500111697804,0.0004624388105118678,9.138945999962163e-05
9595,0.9347802631090235,0.0005279659405241757,2.0261277781373385e-05,3.0413057717560915e-06,0.0021123055668062296,0.002789414288182601,0.025182821924425836,0.2576607297148247,0.000477506472624058
9596,2.2635792899155325e-06,0.04227605810984023,0.03126067027516014,0.9321676387520508,6.922490910524551e-05,0.0014038037105167283,0.001367545196171567,6.065786226291677e-06,0.0009465613885903418
9597,2.042296373901843e-05,0.7425785458989268,0.17136382166312453,0.1098976482704456,0.0010441406150738675,1.423080140169567e-05,0.0034065243046378104,0.0004177017335368838,0.00014191589763858
9598,3.437565732738751e-06,0.10494329086005524,0.5497971097673677,0.43692013609810143,0.00011300893341005845,1.4179256207851575e-05,0.0028810439940569884,0.0002456048030891027,0.00019926370457362693
9599,0.0017560235767720375,2.002708860266385e-06,6.343914345208167e-06,0.006447167660578672,0.00043120274037162907,0.9989675614191611,0.0006500461924455586,0.0009412589087825121,0.0008010087772842193
9600,0.0016288941906867254,9.579628756807923e-06,1.2119404209039054e-06,0.0055446092280331104,0.0006836361938153076,0.9992758036727353,0.00031407535667411974,0.0007258508273604049,0.001146608806560859
9601,1.5609891596716903e-05,0.7088821077594609,0.25052192009245466,0.030924588794957873,0.0012354014857094244,1.4281653195098034e-05,0.008329849395410153,0.0007661230610503045,0.00011173269520825145
9602,3.766763888535474e-05,0.018174179567840197,0.005364715990613419,0.00036713920312000074,0.9777487517249503,0.0004185258642320448,1.8356655395462194e-05,0.015806771575510515,0.002746092389029602
9603,1.0675660572657916e-05,0.47012986080480734,0.3241049694205143,0.1329597594635355,0.0006695712985842113,5.0670607508028e-06,0.0038355619137082466,0.0010369506618522063,0.0002720659486686941
9604,0.0005807911849825715,0.9866589669082174,0.005746523186251646,0.016759687390272254,0.0001524811262689119,2.34884324334708e-06,0.0029899901166814315,0.0007726369295222403,0.024784636304461233
9605,5.808354873356701e-05,0.8814211367704546,0.14984470194471222,0.0004575966694215479,0.0019085864866344975,2.3984647372871174e-05,0.01821821317035399,0.00048300442907680814,0.014280744844062861
9606,2.634850154108687e-05,0.19533720118167947,0.6021007266225594,0.010049181719010244,0.00014561248409543354,2.7575898240428682e-05,0.10591408800384011,0.0002921243747634734,0.0006095697376268073
9607,0.02255649577464793,0.0012263810925655324,0.023325486527928485,4.453896894587978e-06,0.00972706118077032,0.0046180859329198075,0.0002092517872729006,0.0005690619204307446,0.9960543896823358
9608,2.567002221387605e-06,0.31407989561663563,0.6510670223554029,0.03669503549371956,0.00016835507282470067,7.09160017974497e-06,0.002711466372774984,0.00042459161861030674,0.0011646878852637425
9609,0.16481375905749177,0.20825996863318427,0.0006000914705730895,3.093867981305597e-05,1.1778472458076041e-06,9.939045147136192e-05,0.9962037028296317,0.0008826534216011725,0.0018779251431287635
9610,2.810352988415577e-05,0.3484876646425698,0.7800782024120478,0.024798580308156442,4.355341156961139e-05,3.236392673878045e-05,0.057856666191894716,6.997276851597945e-05,0.0017625975858127831
9611,0.011303939084044529,0.00040402979096617876,1.4826765273778302e-05,7.662189852481602e-07,0.04990428041214128,0.0009722856032407651,0.00405895955059544,0.9971361165067465,0.0009598759450483765
9612,0.00020921790526558505,1.246380033267405e-05,0.0177211126464598,4.005593531352001e-07,0.0026071518066099497,0.0001306829213492646,0.004747590545981191,0.9974981457963655,0.0006888890992829893
9613,0.048018636984617204,0.0010852039357526694,1.2327293545427061e-06,7.763339304735209e-05,0.0034939825933186417,0.02733900096709626,0.0010136949877161388,0.8964373355468527,0.0012515559863289288
9614,4.2495037813256526e-05,0.6806608600984178,0.2481795994846672,0.042414203932430394,9.421224153101308e-05,0.0003007318777587482,0.006908256135333279,5.56617897589776e-06,0.02676880407663921
9615,0.00193714922220948,2.3777005313953954e-06,3.4589585978778856e-06,0.008607961273299047,0.0005096738115746827,0.9985418725412479,0.0006979898274748194,0.002723435848376071,0.00012862166885464651
9616,0.20176345120125447,0.007269144553101983,8.856717503405827e-07,8.567795043520217e-07,0.0038534375674087852,0.06825944682720818,0.0033133157108835125,0.39272811887136994,0.12648064709749554
9617,0.09088347003252382,0.027428166989189266,2.645513915985331e-07,8.62957794770839e-06,0.006046707532989819,0.03409972028313165,0.0005299865980438056,0.8962485341565766,0.0017778989567373076
9618,4.559970296056107e-05,0.7382690414592719,0.24262672718258912,0.01084364475508675,0.0005616512045283817,1.4164989433317177e-05,0.06441454560684994,0.0004182015570120119,0.00019012945884617092
9619,1.456965634551531e-06,0.5682377249522274,0.4708544502612818,0.0006156750704476179,0.008496333353230504,1.1043870263166519e-05,0.0018595879354902794,0.0018429639319894721,0.0030814543840267513
9620,0.008151697389865509,3.557799057116286e-05,9.264605759980366e-05,0.00010993533613511728,0.0009766961906926466,0.9512177823950406,0.0018790337738994036,0.015403424783148618,0.0011516693524293358
9621,2.915422011082715e-05,0.9955208373648142,0.0047482688861203905,0.007151789753772356,0.0017376591712995415,0.00013133395056501805,0.002661540169037372,0.0001871154862525181,0.002840291404331929
9622,0.007969784971657042,4.001427141719726e-05,0.0012569399665755016,1.7541940548911372e-05,0.002146060084765583,0.04948245814829239,0.0007719348175384229,0.005203720964789174,0.951692042975905
9623,4.5397991206926466e-05,0.27229909143119335,0.6790139806708755,0.0017974025398557862,0.0007218814454069123,4.624097676283681e-05,0.011610582853469116,0.0002573577225337726,0.003952736700435459
9624,0.0004926916466473721,2.686644010365521e-06,0.00027598018035171137,2.8863492748138763e-06,0.010655819413153984,0.03420333496953301,0.0006476173007647258,0.9863511581144606,0.0004649377637361751
9625,0.0043244536479293706,3.395726342874234e-07,1.449345995362523e-05,0.007014148193074517,9.385483180969994e-05,0.9812064630044685,0.010180473922454572,0.017145216042343713,0.0019483330163120012
9626,3.5103318185359434e-05,0.9923972395986763,0.005638721489443451,0.003677360863429301,0.02379493589845394,5.6599784613960986e-05,0.003471868758086952,0.00037089714276574944,0.0007757550519658163
9627,0.028723220507194485,0.001078682640309091,0.0011090255138923074,1.7136701608149592e-06,0.005399941473975454,0.010912476372200016,0.00032552672076616634,0.003939081185711712,0.9894532484044893
9628,0.0011609757553400887,4.396426513612117e-06,2.466861879667977e-06,0.0051896283581494935,0.00029738235897670937,0.9985384810886213,0.0009440691390687979,0.0007153064975807426,0.0012187817349518391
9629,5.292795450395006e-05,0.8520229952077436,0.003400445812074085,0.2629064248422957,0.0001174623011742233,6.751909544948581e-05,0.002311994468924313,5.858527937897921e-05,0.015327796691515499
9630,1.7636512109773297e-05,0.009002477802195355,0.014002591471353677,0.0005397727130208486,0.9396092925915822,0.00029368927471468435,5.002286825490703e-05,0.031035685728682476,0.001344169127652848
9631,0.005263929478839666,0.0008786980739977964,0.005828420719591901,4.019863527975733e-05,0.013618589464557507,0.12405194158530314,5.887839166027945e-05,0.0007431082117305181,0.8467758395130497
9632,0.0017574679030653855,3.2605339666338776e-07,3.328279135271256e-05,0.01254174283661125,0.00024054592133860902,0.9985035998501509,0.0007315148732832457,0.0029126111319130355,0.00030296193380127635
9633,1.9630933735440445e-05,0.7299927991197667,0.20887776406245373,0.022043557419037157,0.0002700960741950358,1.0439022752232286e-05,0.05082752374358766,0.00038489845798059475,0.00022913440421580897
9634,4.204563134703757e-06,0.478976368823864,0.5856070609240942,0.00650719034129686,0.000330286952945163,1.2709956096994912e-05,0.0012980942121839133,0.00021845624391453284,0.011208222795435785
9635,0.0023865738228455633,3.1361990009579206e-05,0.0004609397171471476,7.438947104614922e-08,0.03329945570666982,0.0012021073214689927,0.0011614615888265296,0.999030645926438,0.0014072021675672704
9636,1.0036452874840647e-05,0.6903301883022868,0.0068105845094054915,0.0008671606049566775,0.4910114359320969,0.0001368561260600751,0.0002017949981086089,0.007087869377126984,0.0010678466635605022
9637,3.690517269998716e-05,0.9436183584906743,0.0039144611863233284,0.00027699577644415,0.44767997170368784,1.7031970037486717e-05,0.00046632471111842126,0.006297540351979635,0.0011732793514598826
9638,0.00018762197866611195,0.9651312902392214,0.018020793646654938,0.03541856367522314,0.0001167986970060837,1.0361470503319749e-05,0.0020660329770772422,0.00019669516954333747,0.005177579756641713
9639,0.0015833458314925023,8.537374716962509e-07,2.3714861491186528e-05,0.009260685231053788,0.00030679745884423245,0.9982899742909798,0.0010905919964968214,0.0014674028856697917,0.0002813249105234494
9640,2.576982662866642e-06,0.886706632164509,0.11064902118424652,0.014399156771495643,0.00021052868824017544,3.635736886639125e-05,0.0017192601679375072,0.00016758265674932866,0.004383652371063206
9641,0.009531792979086486,0.0029527214369913977,0.004734804828867983,7.694064734939334e-06,0.00967185991461982,0.008842434324806681,3.963457359851617e-05,0.0010522741810605417,0.9946334012197604
9642,0.0005600281154286125,2.6284208068736714e-05,0.0003968656375007495,0.014748822502939797,0.0008327029272254354,0.9709152308911077,0.00047145421613197956,9.611135419241853e-05,0.007437985964911107
9643,0.00800236835876601,1.949037488569544e-06,0.0021139495292637972,0.00020587162463165794,0.00020394198239151565,0.9078812863004487,0.012526794357555835,0.00902842976829003,0.0013573184391896707
9644,7.916120039607139e-06,0.9240974598007106,0.06510823404873689,0.0384075887321044,0.0007843053161373908,1.346419706789911e-05,0.003319665029584518,0.00043475896226971263,0.00030151684851344526
9645,2.2047142061711598e-05,0.023117609876851426,0.008080028519838961,0.0005205368051648518,0.9547606739079367,0.0003103844995909206,4.265734118753788e-05,0.014092898572676572,0.002199632119132239
9646,0.03585262949723027,0.0018887493074521032,0.0019144492588436272,1.3696688566825157e-06,0.02269339184262935,0.004506707495786049,0.0003423451836965388,0.0034471556654527783,0.9901752631990058
9647,0.07099658870671897,0.0004702681412425405,6.394951988782384e-06,2.9999569784014742e-06,0.008101265025013904,0.0024643700989643294,0.00453857173133037,0.9487254142763825,0.008495430871865089
9648,0.004430429480738421,0.004952312942198248,0.03395826200873371,7.071757159695768e-05,4.448832669896433e-07,0.0004712307115067877,0.9944383913854188,0.008031694792136236,0.0015724491382259746
9649,0.006249826299913201,0.0014802966554192444,0.03333633987683917,7.397779432930209e-07,8.407241663193953e-06,3.5252924483550044e-05,0.8426788514732052,0.15945139291378693,0.08183120412738452
9650,1.062742189239638e-05,0.8653732697515057,0.15141064632077803,0.0033980845809984304,0.0075059663276386395,1.1414346022184824e-05,0.011268299636094643,0.004163374285244045,0.00010929297917550076
9651,5.072642497534951e-05,0.4317115703847958,0.40859753169846746,0.029297082911218138,0.002250092348218381,9.5143450768766e-06,0.016239869540566165,0.0003115259763799119,0.00017300364888146283
9652,0.002637927544863455,1.1292897531341344e-05,0.14571001081574367,0.00019735065223397654,0.013852143967152345,0.0011955859222408623,5.908786889355629e-05,0.0056612479175333795,0.9527744219163123
9653,0.003604590084198179,0.003301835108800402,1.7762772520556773e-06,9.31428033966484e-07,0.12736849011642895,0.005186745345018153,0.0014348026569342268,0.9980854353800037,0.00011254738492505275
9654,0.000255165077249429,0.9814495021074067,0.016747263813642534,0.013260971447015091,0.00015799671855964726,0.00011438673658173942,0.0024988981533179528,9.369445955121606e-06,0.051391305169364694
9655,0.000682784358350181,0.0003109687808701386,0.00045851535546339396,1.9402600710461303e-07,0.054201459967833085,0.0005073866923371855,0.0001859302020140078,0.9816754661217698,0.04824769780308987
9656,0.014843915609638363,1.9974125535098513e-05,0.039831797519622035,6.792265831392382e-06,0.010479529388049313,0.004409598035176125,0.00030409003897956385,0.005233722264666548,0.9848081818973841
9657,4.7997527292524185e-06,0.5498905837104092,0.3391613804276545,0.030614158541162766,0.001383979034614504,6.258865246328025e-06,0.002648607312105512,0.0012659862535497552,0.00016509991214557995
9658,7.673456079492035e-06,0.9918974027301807,0.0052432123736586385,0.009871099807865468,0.0020788537039143113,7.526327103267814e-05,0.004006236763006671,0.00035416013668091806,0.00046483345018418583
9659,3.269363634902101e-05,0.9016971873300278,0.07186864322181319,0.0024213968439369543,8.373235108263721e-05,4.916229160779778e-06,0.01139990488886518,0.0004228191254558444,0.2011932285476641
9660,9.978842819111343e-06,0.6673418859756367,0.2545657601716642,0.07783611492840602,0.0008133847197846525,8.512155600338374e-06,0.004069500533847289,0.0007366660846872021,0.00010985002505382533
9661,0.0006115593072209074,0.008120935423912966,0.6461016332833344,0.0008270651484012594,1.105962555819878e-06,3.466277826880531e-05,0.9820432564940152,0.0002858532138838569,0.03897755940611991
9662,1.1974283157212037e-05,0.38991882442303927,0.5023542973516605,0.1355536032231495,0.00043204768395031,7.2000602844792185e-06,0.004320913069747006,0.0005214735362381194,0.0003250613401314771
9663,4.645520411109853e-05,0.0041303158047724395,0.0030932331513355317,0.00029039959923951066,0.9926505853981614,0.0011250960397533576,5.474792977023372e-06,0.024709917859463373,0.004026138076011575
9664,0.9216687878700177,0.0021709438248173813,1.5613369033652935e-05,7.337986275914476e-07,0.0006601328697626052,0.006087955675228117,0.11783783751405646,0.0182455548101111,0.023902946166429528
9665,0.4096584221679689,0.0004989190616391119,8.778312711863678e-05,4.1619309556576234e-07,0.0014897455487201839,0.00481619355882617,0.03622229396382679,0.22870414768605504,0.034639808533994454
9666,3.940597220032947e-05,0.01718649231958623,0.004033949453979143,0.00025358147449696826,0.9803360441490319,0.0006701541472089251,1.6366580959810484e-05,0.019191696013469508,0.0031031691299372686
9667,0.00615989316489465,6.425046043810323e-05,0.0002153161684351198,0.0001825681559070532,0.00340822024032756,0.2593249376505634,5.1018793545135254e-05,0.0009003037898656878,0.9357268910304442
9668,9.485930966826644e-07,0.016252800074250003,0.8644199561048859,0.2309934097728268,7.718679014945805e-05,1.425008591871491e-05,0.0010398519043626872,0.0004149934810425521,0.000444688833630006
9669,1.0754186387209427e-05,0.4838779141801611,0.38185701897171836,0.06830853634187005,0.0015649895414833648,5.614203566570598e-06,0.005353786786862094,0.0009891115994355678,0.0001132110848099272
9670,2.1586530397205605e-06,0.9545760752104342,0.03267547271292399,0.007152861337390725,0.015537301473486595,6.1058368282898185e-06,0.0011386924473593758,0.002712172786263762,0.0005113269928566889
9671,0.002801615907744024,2.0350531958072742e-07,1.8802171760089425e-05,0.016018187365500283,0.00021084349292074922,0.9928136906618431,0.0014622151157068764,0.013204217569402144,0.000491703226222252
9672,0.22227746148530525,0.0013766491067744454,6.039938312412985e-06,2.717431725724476e-06,0.005227741165286463,0.002368146885028746,0.005150885753642868,0.9380781734203723,0.0013109373355735204
9673,8.581632119526446e-06,0.9818472298408827,0.02142913488866715,0.010636358554231643,0.0014883426723136827,1.731818496284116e-05,0.0033695779064468337,0.00022909250521485974,0.0017517865149500158
9674,0.0012099292791301652,5.0937623749813346e-05,6.68099531935386e-05,1.2208145329788544e-06,0.021216627834371525,0.003262295229915171,0.0005743267459035708,0.9975509296390404,0.0004812594098656459
9675,3.13471218519643e-05,0.6750339470149167,0.2099713422341135,0.03204530130976341,0.004561432645040359,1.0869126262552333e-05,0.00950020151048408,0.0007273001812171731,9.692706547224476e-05
9676,0.0008130160451054465,5.632318541800361e-06,0.001510912336747705,1.5228061371042653e-07,0.014210306514955992,0.0010723158209432456,0.0005679695388426933,0.9990408675142904,0.0016562610884848716
9677,1.2260104852407962e-05,0.5887691464136343,0.35997971460964256,0.0720713717690721,0.000580409067447697,9.604944720937372e-06,0.006450783005644832,0.00041963275436817976,0.00036670997330057696
9678,3.2295995179820877e-05,0.34641836895690914,0.48935730953039713,0.03964618098101383,0.001740730363148159,6.785075842828441e-06,0.02553449800534765,0.00029693389941679683,0.00020933927759510083
9679,0.030216881215937852,2.883658432501912e-05,2.8943632034890486e-07,0.0002951551642311143,0.0006009286047964551,0.9241016334760489,0.0011264234928159101,0.009434901164815072,0.22924380050729393
9680,2.5884155371184758e-06,0.652806546839569,0.42335859998367176,0.003134488488082026,0.0008402308746401711,1.4642186903937678e-05,0.001470874498848194,0.0005378190999997761,0.0060204199409081855
9681,3.7431359603135947e-06,0.04152195650639674,0.057904262904444004,0.885735612633911,0.00029936310435812894,0.00023203677705108824,0.0011751027997977694,4.1132708639115485e-05,0.0002276553355576797
9682,0.0005317072165871025,0.15322145544750915,0.1256689145415651,0.004274461451740624,9.151808034669496e-05,0.00026403658166014555,0.2535526692804914,0.00012635456874712764,0.004148901651171853
9683,0.0020673583212401426,1.1268035545292897e-07,0.00013025155956199213,0.008473831280354789,0.0001787339280556689,0.9977537743619576,0.0021090951542288806,0.002549775377919655,0.00027765146216874513
9684,0.0032912648571928986,0.0006625849636539908,0.0018943435776544988,0.0001641196529659903,0.00658584169893465,0.6886453382099328,0.00035984484093130826,0.0008140944701806337,0.019654113909762672
9685,0.00010358721438826887,0.7940963266263087,0.008315579187947371,0.20176147026464647,7.632039705207233e-05,8.309192310219305e-05,0.0016082985289750946,4.5908513480850363e-05,0.006573421896042246
9686,4.371207873917548e-06,0.345255907922826,0.5595366950638762,0.1666097775555906,0.000152772276819948,9.483571804983383e-06,0.0026952954155332657,0.000447992076670082,0.0003020450343460031
9687,0.002123614021520153,1.9790522659093015e-07,0.0003386181848006913,0.0072564998253071234,0.00014166887239946052,0.9939855773126909,0.0038858563721973437,0.0021539986557683717,0.00024303883029022815
9688,0.00188266760082717,1.7421000527913533e-05,1.0760781561221995e-06,0.004589943626747802,0.0009706084621843797,0.998635911622902,0.0005565604163089619,0.0007513781736830103,0.0008903111127333633
9689,1.1624274951653299e-05,0.6679363825943437,0.24395709938866736,0.0008628798146922373,0.011527812250671024,1.2703362742504184e-05,0.005464103994406891,0.004480719177640792,0.0003561685507461761
9690,0.0014285567652891971,1.2588154206107734e-07,0.00011228028422253519,0.00912685272560041,0.00010008512458860328,0.9970454129614943,0.0038975474399039756,0.002400554263547244,0.0002621659434182693
9691,2.9640783421481934e-05,0.9453644596500911,0.08295918978173886,0.025466303267566607,0.0001771263168780912,7.777935934439856e-05,0.007138572323714856,2.41880977663256e-05,0.008816168054111947
9692,1.3891874040568765e-05,0.39994546193731934,0.40633255742147517,0.0010719207751743653,0.001989180203141292,2.7468608520087406e-05,0.052842493339059715,0.0066075310336307196,0.00028117909918126124
9693,0.001226106065226674,2.2291883011124674e-07,3.753700862643279e-05,0.00967221684089092,0.00013478029992109174,0.9959575759614891,0.0032585410052563004,0.002652599995972412,0.00023109552211948703
9694,0.032334606524055294,0.001973672369169233,2.6276935796356685e-05,3.286904167679618e-06,0.0036630785675711612,0.0017759484964405066,0.011960809162764836,0.8767445360132604,0.004687546008073786
9695,2.383135911670055e-05,0.4932338243276073,0.37382845783347846,0.0008587457542972582,0.00962351916627026,2.7226102219132342e-05,0.007164013027695266,0.0020461604912787594,0.0006832678181263031
9696,3.151525373155023e-06,0.9737013299784554,0.02730478108306971,0.005075738282407253,0.00191041107335619,2.0070508732331268e-05,0.0032043641059339633,0.0004992981039458238,0.002077651135503956
9697,3.3899098270780025e-06,0.06194294646014996,0.8822333208179497,0.11979008545100954,6.856387987336404e-05,5.324100661188622e-06,0.009629490492409031,0.00029739883404976414,0.00047645392149769743
9698,4.134663959475285e-06,0.7522041769537351,0.014392564503355314,0.39837126775154413,0.00026991039560687023,0.0001199871638267168,0.0008749081949090437,3.92438814292757e-05,0.0017975483725329972
9699,0.04192083884952345,0.0014445666838331355,0.0010956696806669842,1.276567619839733e-06,0.004559570034270937,0.010603429603507929,0.0002775810967381536,0.004630461093900285,0.9827565304721203
9700,0.006335067288054365,0.0035769893021755056,1.1733547968923301e-05,5.567718331319973e-07,0.028583578660424082,0.0010390860190066134,0.004841897008479195,0.9951838872623754,0.0006199600320426413
9701,2.4762696189796636e-05,0.2822740921701315,0.2625426358778609,0.1934178102920884,5.6757206385839095e-05,0.00037273586699084876,0.005891941264267952,9.661951550922734e-06,0.0051687801710545885
9702,2.5260996295846433e-05,0.4564620641547975,0.028516554318482934,0.38777439966605043,7.228750689441229e-05,0.0008286574626147897,0.002341771663032106,7.945045038323248e-06,0.0068279981593608865
9703,5.3671076482745205e-06,0.9710929042904906,0.022927648231595852,0.01742308757081479,0.005735721946256069,8.776401727147386e-06,0.0021565980483182483,0.001060737368911794,0.0003609542480854667
9704,0.004743859695872455,0.2985109698913439,0.0008475057908860983,5.045936947814663e-06,9.207051012087194e-05,3.453288624868408e-05,0.9161284404904485,0.31864183500961324,0.00022765488145887707
9705,1.3744443858166877e-06,0.001125269691458725,0.2400718106938321,0.7659486142387071,2.5693692832009035e-05,0.006878570483856982,0.0007840410573933765,4.439924510145259e-06,0.0064855945162860945
9706,1.1880887741943975e-05,0.033168280284991844,0.054772520538486684,0.8501257062906348,5.046931911338229e-05,0.003141146165909085,0.0013088031045558261,5.7268054760032025e-06,0.0014197857970948032
9707,1.2181658909025589e-05,0.8463513530172271,0.1518457863670144,0.0009852064619942725,0.01345027610163007,6.168370925287727e-06,0.007156416411714185,0.007225217750288627,0.0002151944538550469
9708,4.244881668892091e-06,0.09831472613788837,0.7871891501186432,0.013871276078875661,0.018703204129245237,3.4449314547845857e-06,0.007939686163138221,0.008429864535558582,4.1079118170825885e-05
9709,0.003173921628681998,1.8084622669590793e-05,6.018548307604506e-07,0.004749540289353793,0.002062641059970554,0.9990472650955354,0.0003348519275540523,0.0009461724353556087,0.0005413087799158003
9710,2.4500628706902812e-05,0.025853916234282008,0.005214679126811877,0.00025021321430726394,0.9491435193027757,0.0013119300404832175,2.7624649745971123e-05,0.018137146124560084,0.003040035941032484
9711,3.922370309662844e-05,0.6324682189595938,0.255166352758546,0.04212484869918288,0.003164166478666969,7.572325340167161e-06,0.014829772136619318,0.00033102202097892323,0.00012601367024923948
9712,6.551820936896634e-05,0.007197517034713289,0.002614692411426967,0.00024173877497450717,0.9917710820869451,0.0008816502730088643,5.174933309201245e-06,0.021778559782187793,0.004138093086649861
9713,1.8392690677622245e-05,0.9142382075247847,0.07894227631881791,0.053865073011123456,0.0006254521535819285,3.4321985935344636e-05,0.0014993422776153073,5.845934539195713e-05,0.00374271263957662
9714,0.0020985201120226546,8.706636612333968e-07,2.6770226985131604e-05,0.006034645410048287,0.00037669847497988156,0.9983307516267556,0.0010520130777799286,0.0011155280034872172,0.0007368204698661294
9715,6.591509556492514e-06,0.8197227816209258,0.13859604502385606,0.05568494396522796,0.0006672613377873331,9.896438399557013e-06,0.0020550178463408777,0.00045292127543387206,0.00040639649670045437
9716,7.49768084375649e-05,0.04091483949335422,2.6286438609553264e-05,0.43557355740499737,0.01678080859919997,0.613333153597033,5.1249709226394034e-05,2.7979135238478295e-06,0.006157196931464087
9717,6.005684386106017e-06,0.5453817941366497,0.4026476278524027,0.0012411741476615588,0.007819708486773637,7.893888302552476e-06,0.023628837204108567,0.00982396052423121,0.0001683923653522618
9718,0.055253871768018645,1.5438895082760728e-05,0.000514994456613746,2.647460516994982e-07,0.0004960123748045475,0.009181283556054834,0.005424782753333946,0.8348499119099058,0.09232006619451921
9719,0.008475865613844391,0.00015916951059079512,0.004774416976779308,3.60730461791651e-05,0.006932264613154996,0.009774928347263342,0.00014014835979362267,0.002893076433677997,0.9805480111016003
9720,4.9732173313708685e-05,0.5221365607097723,0.33951970693795325,0.024812664438698173,0.004173361021498038,7.2838152133070855e-06,0.020557545581890532,0.0003288434910120238,0.00015670444915703112
9721,9.186781810420506e-05,0.1039026891473788,0.9009899226058686,0.01321556185364376,4.053102690221391e-05,0.00010977681904678824,0.17406037492860738,1.9526982233357728e-05,0.004908842086057145
9722,0.004400573396695544,8.104888419168972e-07,6.791848386458951e-06,0.005295270352692023,0.0002079345122476932,0.9883101049569273,0.004498581108192495,0.03604288084230534,0.0010597549289542317
9723,2.5066942995515052e-05,0.7116206453631192,0.21540941899225313,0.09864232678595147,0.0015264960461328458,9.87013588439356e-06,0.0044198760728847725,0.0004940047676010849,0.00010038562710897676
9724,5.122900620175755e-06,0.018456825912748154,0.8273825428209227,0.48936822153707216,8.55772030700589e-05,3.7162197681773146e-05,0.0038801986038361023,9.338022638758234e-05,0.00041301870845766435
9725,0.00017271906843489612,0.9674209649506669,0.006545918062545073,0.037199180243787516,0.0001318598797085032,4.981046005442238e-05,0.0032271534576804534,3.423834483922211e-05,0.04651090592207295
9726,0.20430397939633735,0.0003115230049918401,4.737185330796855e-05,3.349305321532167e-06,0.00016730501205194123,0.07491916426141663,0.40619938271525835,0.17752994989659793,0.037076026742928474
9727,0.8586259263884779,0.00990107130338437,1.026182216505501e-06,2.0851706042294697e-06,0.0013149493969578465,0.11150910102051509,0.011914477820684735,0.015791817074142463,0.0748350728166287
9728,0.02143118766217848,0.002364215393201887,4.310854279867471e-05,6.600081089951037e-06,0.008331479739583479,0.0008303742432474138,0.004776376127069238,0.8503747894317639,0.007520420373134761
9729,0.0016714549701284953,2.3492560564907888e-07,0.0002555362967178603,0.011396105260573244,0.00011674897157404013,0.9939380832268859,0.004886709051673501,0.001378666914224877,0.00028413134910179816
9730,0.02329159544973097,3.0480238362566003e-05,0.0001567759493882216,4.513795514131757e-07,0.01401991688970606,0.002200693087759544,0.01605503743811372,0.9811819680247296,0.010141035711003915
9731,9.388366721737403e-06,0.19364825100459104,0.784608525528105,0.001137447374097158,0.00638133709740122,5.0536503683812385e-06,0.05344408916363286,0.005585199584015118,0.0003978455748513462
9732,0.003518828507464401,0.9088489834740018,0.00039589233698442925,0.0029197475629642033,0.0012898285596024954,0.00039579741710066795,0.00044549159671296794,0.00019390578951706953,0.45753509849258583
9733,1.8040783282301243e-05,0.9176318967360811,0.04620844365315195,0.0766585494093827,0.0009820888865139886,1.856616847554173e-05,0.002660726032941028,0.00013032192987659416,0.0008109737809194299
9734,0.0011176124954336833,1.109260005458203e-07,6.448900244276958e-05,0.013051986279413575,7.574439054989163e-05,0.9925344104806456,0.005062826238891282,0.0027726337263673712,0.0004758273692298833
9735,0.0005150879929360629,2.641010808709404e-06,0.00019729309375312627,0.015006286128157891,0.0002906991892591143,0.9890953872094873,0.0012689273122594132,0.0008376894809161776,0.0003710624875103991
9736,2.785061353618472e-06,0.9892225787596477,0.012058322599233633,0.0018500906798206637,0.009330693280402362,1.2259619348464735e-05,0.003753847923095411,0.0014637650454280293,0.0008324885704189385
9737,0.00013689509645818714,0.9329810901333789,0.03483015397332829,0.03874848045663203,0.00012601345187659518,2.391624280266234e-05,0.002032803288566105,8.226090070698675e-05,0.005904883832805744
9738,9.623983366846078e-06,0.8448158639678934,0.10168586858959781,0.1212976832614261,0.0007082592302290683,1.0960165447773745e-05,0.002494459241760695,0.00041650405287474077,0.00022477448595361265
9739,0.014397375818574872,1.900071195622138e-05,3.728372734803172e-07,0.0010176056513177888,0.00016159063805090153,0.882447423256776,0.038450063571478614,0.008005631032595552,0.10700788976449041
9740,0.002223135353484729,1.1551616591339073e-06,2.203812224314596e-05,0.004646684651533895,0.0004539258787855938,0.9984967276058908,0.0010829742175890594,0.0010432969434786073,0.0007953835384128503
9741,0.06453417541874752,0.0019344880841998327,0.00798766313072157,4.195171262813842e-06,0.008826692839215751,0.004620533698928646,0.000139047809661629,0.0003565033220764382,0.9818094179338489
9742,1.6845662037069326e-05,0.9447445409790135,0.07233508111184656,0.011572428647072213,0.00023280148651900126,0.00015053209447749908,0.005897377576636472,7.694411061002702e-05,0.003388504256121559
9743,6.79306969970235e-05,0.005469652016407873,0.0013875090022919421,0.00022183439689003485,0.9953118606314999,0.001855322719695221,2.445983781728597e-06,0.024555055960928253,0.0051254570003771765
9744,1.7516456257263e-05,0.880836853881091,0.072111083117486,0.03890088694538848,0.004194908428618646,7.941928398952643e-06,0.004858483269371205,0.0008416552593252081,0.0001701119493141017
9745,0.030121535025310658,3.103166088374754e-05,6.447101126932553e-05,0.00012592360716223692,0.001955483856070876,0.41913184239026163,0.0003451019678036733,0.0017577788614700992,0.4721347348976634
9746,5.653833477580123e-06,0.9849119554268736,0.011620457690400156,0.0049325093023215305,0.015322030449611938,8.569638678428153e-06,0.00355340154270327,0.0010307551292770161,0.000655316734862504
9747,0.002970754341341645,5.272303253492442e-07,9.839117314760164e-06,0.006333087357082257,0.00014470906791261385,0.991331981478446,0.006207629501102443,0.006683469095042575,0.0012918101301386483
9748,0.02095433198199968,0.0001677215585247068,3.5774521471742036e-05,3.44185213106958e-07,0.024779177832544737,0.0026069371961240434,0.012145306822561885,0.9921598828262497,0.0033815380270352463
9749,3.7241581154076135e-06,0.9747947744620113,0.0191867106923692,0.005148530115594234,0.0208282476846287,6.279414071134578e-06,0.0037696190841377676,0.0024881789925598353,0.0003854673204926927
9750,0.6789096619863744,0.005922723370681477,0.00011271258100670478,9.643629808841379e-07,0.00010049820335048364,0.0011851585773678262,0.43453315960138944,0.0188207986808334,0.018311842367455866
9751,2.590401920696298e-05,0.21113513581424082,0.020352571682942595,0.5484686601057529,3.658983717639319e-05,0.009938202826447487,0.0045021997719898186,5.205989192994196e-07,0.019458681182671675
9752,2.628926839976881e-05,0.40748324866550356,0.44928743728494763,0.11842641841405506,0.0008790140775128351,6.920617465161367e-06,0.005705652283169934,0.000482952439591199,0.0002580639823757395
9753,4.134830518893514e-05,0.003786500912721778,0.004794323941368842,0.00034728624636457575,0.9886097301302671,0.0008454004138069923,8.33016212662422e-06,0.025113204512690716,0.0030616152100412203
9754,0.0023829108118259353,9.369873093222303e-06,1.2663998837756307e-05,0.0031985030905412716,0.001202840878606967,0.9975201209578509,0.0005972686771642311,0.0003696796980395151,0.0036981824083497238
9755,0.011636037587025019,0.00021776383720663772,2.4991893786389967e-05,1.0230788209056923e-06,0.044529205554453034,0.0007854441568726377,0.002207054778648478,0.9986091515277239,0.0009798859821198976
9756,0.3367795723234786,0.10194252542755652,0.0007457044389483196,3.680154946854087e-05,1.5328774676867843e-06,7.43957639192747e-05,0.9906441090271562,0.0024350709105074335,0.0010376707884425962
9757,0.00010404777387456118,0.831712731187263,0.05930812978292912,0.047118544707914004,8.403089849344723e-05,0.000205293500747291,0.004697471894555543,1.2087559302360918e-05,0.024000579135130828
9758,0.004155493409447813,7.895378455817139e-05,0.00010775455043688884,4.1608622569837753e-07,0.025941445246684458,0.0014132679016816425,0.0015767836875359735,0.9985873400142246,0.0011335866530160265
9759,0.0020607416382302877,1.888855114774532e-06,8.655796668150189e-06,0.0049774018329982175,0.00039395858494895296,0.9989121858075296,0.0010170102392336488,0.0010441649106911516,0.0007920523282735754
9760,0.0001013301197123902,0.01085113441274577,0.9740349942516782,0.02084944895902089,7.771228995912374e-06,1.881020646045247e-05,0.4510540597313117,2.980062892157483e-05,0.03484444175439722
9761,0.00793965794972602,1.839952785203081e-05,2.812703661281911e-07,0.0025763538625231245,0.00034914473049485326,0.9885629612775625,0.0038257457432797582,0.007353470011557864,0.020539135387550242
9762,1.2338628016018726e-06,0.8070921438784158,0.26931221173552183,0.00044372899843872764,0.009788777215249192,1.017698387488751e-05,0.002485146982015516,0.0028212457945248027,0.0020129259500687026
9763,7.320084263797956e-06,0.47540420126549277,0.5428184589665391,0.029252876106156008,0.0005850159654891096,7.622034409323773e-06,0.006327208775314104,0.0008069922231136038,0.0001809647297837717
9764,0.00012758848927149104,0.9376913149660981,0.10783298069193384,0.014113261755530213,0.00012542151073060675,0.000539672054223578,0.0041911765480733484,5.109456032108139e-06,0.019348027877948825
9765,0.044451525185870096,0.01984658746354214,0.00674052347027073,5.0233056976393864e-05,4.808028337888652e-07,8.451674771241155e-05,0.9984380257810034,0.002793731559801607,0.001789366336017032
9766,3.1583473919582496e-06,0.9445456337551746,0.06980957141569873,0.00386035321442188,0.00042297630584619937,4.126435194990112e-05,0.0023598453204381675,0.0001720745039520329,0.00543376081367017
9767,0.04679506715350601,0.00803223376368154,0.0010894486669344465,1.6197443316415672e-05,0.022729246450432696,0.01010714503040042,3.721036985995125e-05,0.000647845687695216,0.982016153712082
9768,0.0021912725484879297,0.002830764537975699,0.0005710890459353431,0.0012207002756903275,3.6210307491886544e-07,0.002215403682738493,0.9924004199715722,0.002537528347298342,0.004790155019956655
9769,0.00037862187121285234,0.6098594281961806,0.007002428216156356,0.00011295418086077556,0.0003485355698744481,8.46594583358132e-05,0.5298023145740006,0.04130910783425564,2.488253736228422e-05
9770,0.15500740250582398,0.0004198955571850665,1.2031566192267728e-05,8.894630611430986e-07,0.007217502717141284,0.03964879852350697,0.0052072409975163405,0.8137232793068531,0.019719813170558306
9771,5.434419939317055e-06,0.9648506491906222,0.015148346392364587,0.00354117061558054,0.034889092694151816,2.125389813647581e-05,0.002103804470985865,0.0016739709955458295,0.0006845614362678579
9772,1.0765666156994361e-05,0.030219146233207372,0.07591312147029247,0.8316244081076261,4.8262900191059626e-05,0.0019426118553819564,0.002895145397596963,3.6091114992901763e-06,0.004577339606949477
9773,0.0013941358509402242,2.5717086565890813e-06,5.043689129305807e-06,0.0056252840609619815,0.0003094213236199031,0.9989011214878197,0.00089864179346526,0.001082622466543666,0.0007810726496452446
9774,1.0018434348474148e-06,0.031029630336312303,0.9552460732834306,0.007180596539555266,0.0011089491371793609,2.308074316008624e-06,0.0015452937589385304,0.002483496414927661,0.0027989208204728063
9775,6.020200749756613e-06,0.6081307324714568,0.4276039342258367,0.09206508339288874,8.745579359924197e-05,1.5480508282693692e-05,0.005453985715239326,0.0002657043011679619,0.0004878627000731392
9776,0.00014983827579196754,0.12708239459610202,0.18156861527827647,0.001541104722448402,1.043290353980846e-05,0.0001391439616966438,0.40188184738217614,0.000898863828129775,0.0003542821050235513
9777,1.3656713132342096e-05,0.9623150003007127,0.023771841247149598,0.015465188700889478,0.001802620303840057,1.2895624380927106e-05,0.0020186878455974028,0.00018279223497046762,0.003724701605904872
9778,3.206301509636428e-05,0.20864099903286557,0.597576862038124,0.046744261496778565,0.0017296868116934254,1.1284257539887336e-05,0.00893094085275855,0.000348978415204404,0.00019069940586102896
9779,0.004713693640001723,2.5252358107693283e-06,0.0014636239120905735,5.854509274558512e-07,0.007045553739080586,0.0013897366880257548,0.015516046098719342,0.9881017295162545,0.01606195674835756
9780,3.1380383663981054e-06,0.4219302038869439,0.5048001149418163,0.012471226380284549,0.006713563716428499,4.792565889463846e-06,0.00842683112230704,0.006290620481355603,4.8689303816940573e-05
9781,0.007915058151373042,0.0016052665339999755,0.009489222959880052,1.4251589365124478e-05,0.01646239504985042,0.008889716573034065,3.123011171600874e-05,0.00134063375877431,0.989186799480671
9782,2.2759671397588306e-05,0.426420497259756,0.4095171400501489,0.017129718069311555,0.0037088695451615223,5.2114660519076125e-06,0.03788760321377284,0.00048178860832717637,0.00015678910452088574
9783,0.00019303335805830984,0.9871204582350018,0.01808386119940862,0.010056807348629059,0.00019758313582669539,3.77054552144119e-05,0.00340247219665267,2.7538080536690177e-05,0.03369280075540874
9784,0.0488201835914438,7.539807468430407e-05,0.0001041321179312872,1.0471376298079673e-05,0.00017423368127360528,0.2117905292686906,0.44413224848811156,0.11504137697775464,0.008325793278504797
9785,0.0016532239958784237,3.1250981304021055e-07,5.42388471651532e-05,0.007519067094324535,0.0002047617528659826,0.9985767744858084,0.001658783019950347,0.002067299389035009,0.00024742710789739733
9786,1.289400873393097e-05,0.8773543144593156,0.07394869857102682,0.0810426023888635,0.00018899128884817715,3.4133277707610366e-05,0.003205574294290163,0.00021541053355299698,0.000954154782389385
9787,0.01903177737440342,0.01857682998460031,1.1501025505958764e-05,1.9432347449624715e-05,0.01096832980083941,0.12562709217189233,0.0003476605937297429,0.05545693509339015,0.030872728921770058
9788,0.0017508231419389505,4.002827917958867e-07,1.168646601559565e-05,0.01291037380295268,0.0001825956805609731,0.9963374656101188,0.0011555050618829432,0.005784746565333795,0.00041156226018773266
9789,2.701254478787186e-05,0.7970455584703716,0.13754809830319875,0.040774636584922114,0.003515799669826848,1.2719349924676101e-05,0.007294296676559592,0.0005078938739785046,9.247313536235322e-05
9790,0.0017158662125750768,0.0007563107547674668,0.008158244101019814,0.0008194990781604305,2.1139814230040853e-07,0.0011251173738583231,0.9966738822399749,0.0026846933043887865,0.001966976442236616
9791,0.0013917006490838462,1.503397795708651e-07,2.5130173389910555e-05,0.017625239796338472,0.00013022246057332054,0.9950459105951378,0.0011566724938767959,0.007091266015485211,0.0004689677441312768
9792,0.0010043551342760419,7.85910331334396e-06,0.0007904868421480745,0.0071010414888088074,0.001268748506703737,0.9757425912706735,0.00036355859081405707,0.0003343579114458422,0.0037782182241572486
9793,0.005476528897095914,1.8575302792926668e-05,2.6748633505533594e-07,0.0022994346232231176,0.0003893639735506642,0.992952862240588,0.002233802478249802,0.005981548312525725,0.014080996071695901
9794,4.9452659663818545e-05,0.0012726103688439528,0.00794165635458843,0.00031877350136572764,0.991958868158874,0.0011932898931224184,6.0268613318175565e-06,0.03699200818328643,0.0026456247383707778
9795,0.001225070976421761,3.503650417408362e-06,3.3291373386714758e-06,0.005517599612951642,0.00026560795432576734,0.9983099377198756,0.0011290774970889566,0.0007450964534072724,0.0011975150400456414
9796,2.1679436306473027e-05,0.6031219140643368,0.3678819378086578,0.053161606540075027,0.0013073481550456019,9.095702512106246e-06,0.01127371386465813,0.0005309989456476319,0.00010558380427128832
9797,8.191322224788905e-05,0.004633976661949092,0.001683805732808576,0.00018012310313570416,0.9956947784087304,0.0017993280590802153,2.8203207704939105e-06,0.024213904815107233,0.005535875311453515
9798,4.3315552662625585e-06,0.29763254103498354,0.47557509469556547,0.24659870443826395,0.00024249020855804195,8.738480680963205e-06,0.002031188115621517,0.0005221612827607607,0.00021147843641587747
9799,0.0011837801445735924,3.7636034442311105e-06,2.9014467714039147e-06,0.005256305953242283,0.0002804377643403865,0.9983787293534451,0.001106219319691817,0.000729072920147427,0.0011910468325562174
9800,4.257608803983977e-05,0.8575036773015375,0.1417983751025644,0.0006369265169253774,0.009487074964047267,6.853646610462876e-06,0.006419350797791122,0.0022972840218118368,0.0007843698245765668
9801,0.0014800141854984298,8.385318503551559e-08,5.5945796894211874e-05,0.01403076074631616,0.00010521760651036066,0.9934263005413304,0.0026169460364181512,0.0065480691848693665,0.00047223664521603095
9802,6.345912291582106e-07,0.04075017473021658,0.7571241218331418,0.07125739671277208,7.725972968487688e-05,2.4112042939352668e-05,0.0010551942607920954,0.0002085026889922606,0.0013755196330130072
9803,0.004794918929198724,0.005764841604654377,0.013045848657483877,0.00015363023653796012,3.781299619806729e-07,0.000454150733254025,0.9949970388011395,0.004183498250210226,0.0018458768049567991
9804,0.004637926304142344,0.0002386481973815934,0.06736666428315675,3.3279745435749747e-06,0.02688580263003929,0.002711669807922711,0.00016922622812505454,0.002663395082582622,0.9889220957278325
9805,0.004638705643969072,0.0029175620786786468,2.531194629667437e-06,3.4549886835325137e-07,0.13814025585296277,0.0027811368613391715,0.0015095767360782059,0.9985109282665849,0.0001981682729809831
9806,0.0027707647981543722,0.0016156221259922194,0.010577035952300222,0.0005700917288044773,3.251072726879799e-07,0.001525678025967095,0.9934329867914434,0.0017511238715938761,0.0009280538368034943
9807,4.6016139921933646e-05,0.606510071272503,0.14212814292545572,0.07272914796379963,6.927630091693286e-05,0.00046792027414358493,0.006987531906397495,5.813360541230742e-06,0.03162023385588011
9808,0.0024263802810361597,1.888783209135532e-06,3.0690309178172606e-05,0.0038282429207748205,0.000563209908776249,0.9974335814745029,0.0012405968889703982,0.0007000574325411184,0.0014115460969533658
9809,0.0022566427177498,5.35603822978488e-06,1.0719247453783624e-06,0.005144298874682907,0.0003598305280751313,0.9973799301958788,0.0010444802365661568,0.00298668289880742,0.0013992421174967554
9810,3.193871193475173e-05,0.018758095262687745,0.005401286206931002,0.0003207825126724458,0.974163455877095,0.0004615525129042067,2.4983791151318094e-05,0.017039526941947655,0.002909766314256816
9811,0.003015722426322575,3.386443073793835e-07,1.6133410433092446e-05,0.012162106859311144,0.0001813753293395506,0.9939971257837498,0.001886660585666475,0.013123075673461052,0.00047651235193292416
9812,0.0012305151417531092,5.727842065146067e-07,8.53192653833026e-06,0.01402380661378254,0.0003785863920472801,0.9982514889046163,0.0004212029895949159,0.0020757360999637715,0.00029561287151675644
9813,0.0002341441620853127,0.9789982597885745,0.029193570546303647,0.006838301682423688,0.0001497548621147554,0.00014056960658591095,0.0037583899779447295,8.306140657290453e-06,0.06194471973384435
9814,1.311853396048451e-05,0.7324226803462149,0.2096800229462985,0.0010760967623209838,0.010525720839317335,1.5896638543350602e-05,0.0061264161539196435,0.0042338958721430935,0.0003107046699827894
9815,0.0013517281790351705,1.7248247335736496e-07,2.2955605595246394e-05,0.016707956071255435,0.00015558949257027212,0.9954069022200336,0.0011385342004005055,0.006120585966113752,0.00030614530858032814
9816,5.90213359035573e-05,0.9682445649273638,0.028213909784354094,0.019502152567768345,0.0001416722152870943,3.3008233277606284e-05,0.009585499683221517,0.00010874160328594709,0.03016541601827961
9817,0.00195058873554727,0.0007259771895094069,1.4528590995937783e-05,2.735145623677403e-07,0.15901113221546706,0.004255692556960421,0.0010476042023769968,0.9978422572461311,9.853996689526475e-05
9818,0.0002535174027019284,0.981433402095829,0.009283341140506256,0.01738956007576189,0.00015163146049410397,2.5639612222430913e-05,0.0025966247683321324,6.444114469235359e-05,0.041222172975324184
9819,0.0021894991646689973,1.0771727290611596e-05,6.229070073129207e-05,0.001134062015471904,0.0007297828536576571,0.9911653390023175,0.000957105241620302,0.0011913474525834804,0.0021795722534046443
9820,1.6377730069137255e-05,0.8095071542528801,0.12734468656200965,0.06863831332424389,0.0010737936194010554,7.302573542079414e-06,0.007636091359961245,0.0004615163545234204,0.00010842482577423257
9821,0.06308143936896443,2.0560638026084554e-05,0.001954242662523101,5.891007065188174e-07,0.002541129686369495,0.008137273860497334,0.0032624318549079705,0.10779063088073913,0.8433351992783817
9822,0.11937468968963003,7.051450760540288e-05,0.00017285056392083418,2.488567769158853e-06,0.000492656360486408,0.02200317997616925,0.17949419471924044,0.40111244402741436,0.017228517552624244
9823,3.195189514889935e-05,0.134592607233717,0.007860956028638672,0.0002320986396409417,0.8358143916386268,0.0005702174600122516,0.00011086518135725105,0.008133897950874193,0.0031328567650437504
9824,3.4150348024301087e-06,0.3544742820782966,0.5116777735457496,0.09707578161447326,0.00016273783578513374,7.985720567504169e-06,0.002202404755748043,0.00024271683559733362,0.0012209350415052654
9825,2.5710276335397233e-06,0.9845086014645091,0.019264196848473046,0.001829090563982602,0.011886690100340287,1.3991010900383966e-05,0.002950830939421002,0.002078026521020614,0.0009891664110417329
9826,9.643249565309678e-07,0.5204235106069972,0.4026952839723505,0.0007444934163782605,0.036793148430390776,3.3587078200605295e-06,0.002402094842893897,0.00614914618409413,0.0010893844441624185
9827,0.025348210099015583,0.004240507127340631,0.002285139470857855,2.7318632037673126e-05,0.015358818817872181,0.015064963925359443,9.024359450130918e-05,0.0003568007266127352,0.9793171163572596
9828,5.275438222061288e-05,0.8267317231609302,0.07969635281995212,0.0026562524505909617,0.00021494008767582458,0.00012447376674330313,0.08938508644393725,0.00047794970472592364,0.00029995644905070004
9829,1.1422481025224334e-05,0.2542844443196231,0.31679304972358974,0.31822070536619074,4.5690980772344244e-05,0.00037000586013030364,0.004595330590027066,2.51358821788555e-05,0.0009653835740299552
9830,0.0013096139665521186,0.05231121741515994,0.0062556881673373815,1.3078788433377807e-05,0.0006392985204399398,0.00018099488838434034,0.02599138907557896,0.05173664178781728,0.001977977048191471
9831,0.10873098351237083,3.9927068497521924e-05,0.00014482892529734903,8.548982963521854e-07,0.0013991049260722603,0.025556617827351108,0.011186356366808719,0.779407471469968,0.0416219744991794
9832,0.0017325003467671461,2.5608458501495004e-07,6.374223330697934e-05,0.009408784323901099,0.000259078748955354,0.9986313892378441,0.0010722669121741612,0.0018626140661838443,0.00027133780860209025
9833,1.765868290898224e-06,0.008565250169637032,0.5186149425615797,0.9246315623056705,0.00010704750277286735,0.00010279132146525071,0.001028651241835678,9.577798190448586e-05,8.050021938244817e-05
9834,0.001639764941693531,2.617918170511781e-06,5.419351021123179e-06,0.0052591365712244325,0.0003321345620198543,0.9988844561231842,0.0009152312122013168,0.0010424725971677142,0.0008838404039208968
9835,1.3067137089713135e-06,0.0203826583236361,0.83354773507896,0.27222830670291986,4.571201118824374e-05,2.8863004121789655e-05,0.0023811684411116714,0.00018726098779396576,0.00041947837360594716
9836,1.734031947678702e-05,0.32081005557219383,0.005129556518175835,0.7884461635948797,7.817397864846962e-05,0.0006115634740538412,0.0007557095050038239,2.0392380943248318e-05,0.0013357626423819587
9837,0.0017292852058030308,3.9829481594295143e-07,2.278292036102748e-05,0.019484997220357687,0.00040439215421241205,0.9970903342195183,0.00073980435856646,0.0016249622891384924,0.00019016824903667155
9838,0.0017611203921070156,4.222723463431169e-06,1.6157133141304317e-06,0.00794314122929713,0.00043315189199110294,0.9983925260291324,0.0004721047761351911,0.0020330509104171755,0.0006357840435202524
9839,0.007978459293012411,0.0011926464587593123,9.906406608693252e-05,0.00047757893429059393,0.00804482781618837,0.0564589209363764,9.212862296163242e-05,0.0017419184980516993,0.9227161006082175
9840,1.670231527758439e-06,0.2785911509926274,0.11700950048405472,0.47497575730149766,0.00011224735995344892,7.30558013147806e-05,0.0010780379273926924,0.0001058956036695576,0.000437265660183708
9841,1.5784175996584297e-05,0.8494596984695989,0.13691862886805575,0.053538470660223096,0.0005652459595182825,1.435981332978507e-05,0.009792749468366167,0.0004261877040361798,0.00014679810115797735
9842,7.504587418408292e-05,0.5088892628890451,0.16004796743848676,0.09978024766926705,0.00018156063278221697,6.653278574862971e-07,0.00592618711724181,0.00311191774468678,0.0058751308653787766
9843,0.0005800015751562757,0.0009427594127712206,0.2199182052248336,4.5014661146241513e-05,6.622658931546393e-06,0.0003991269931246132,0.9645663188556547,0.029158751728438466,0.00017391001553325743
9844,1.4830481528556658e-05,0.505579972177426,0.42209515815985,0.03754974481846079,0.0017578737665237924,5.732712444565398e-06,0.014023642516219062,0.0008105629300266451,0.00011494813550882202
9845,2.847799787745719e-05,0.33907016934180023,0.4659080756321375,0.08748676098102633,0.000354394265179958,1.1436435140932608e-05,0.011070679663802178,0.00012112012428028105,0.0015717376262397856
9846,0.0869906665961858,9.432229543451283e-07,0.010088039134955656,3.145351338489505e-07,0.0011877894342712477,0.008683196866294889,0.007383685697986726,0.39511902213702405,0.5436004067789793
9847,0.002243686699290845,9.998500429282571e-05,9.719278731694043e-05,2.148562674892849e-07,0.0518544258422329,0.006318006955512689,0.006156433206344707,0.9962228815608197,0.00039289128521661945
9848,0.05379742658230272,0.0018454171507898056,0.0003724135515303213,1.1634315358819588e-06,0.005452874499526549,0.022935265973289848,0.0002615581891084392,0.014318156185069934,0.9370366583067405
9849,0.007841254930131556,0.0009447616563254648,0.0035047052390463638,6.988750339577342e-06,0.004924622368522505,0.01573642039104009,0.0001449209973521717,0.0023148544464855255,0.9897584561013166
9850,3.292771304068853e-06,0.9769417431708356,0.029957574667765406,0.005198287499710157,0.006231270946179185,1.1888634556799918e-05,0.0041068702159085145,0.0015311851163760319,0.000532569001411012
9851,1.414425072851693e-05,0.019618889514960106,0.02431548417751894,0.0006541832154329563,0.9296467661428983,0.00011899093405353777,9.86985888103749e-05,0.015479207176059925,0.0017380831616783479
9852,6.962981675307072e-06,0.5463000663798958,0.40225814263421605,0.1338371515847371,0.0001491297281187952,1.1661265441370465e-05,0.004079528742868161,0.00019617960034996434,0.0007463996119096537
9853,0.006268083914053061,4.533590300065023e-06,0.0020553910470743103,7.723053726666408e-08,0.010305581035719068,0.00222629996602256,0.003590325794716569,0.9958081746974305,0.011811845284743156
9854,1.7087435965102138e-05,0.10555733196785685,0.8268984384031581,0.02682595588812323,1.6344158486523623e-05,1.0466400149338492e-05,0.106052866916561,6.759987039400848e-05,0.015756972459365734
9855,0.0002964253446543662,0.017638288274151783,0.006160872214998003,0.0002824471637273511,0.0020620555657515894,0.0005746585408326902,0.00099754564779863,0.015196119350259538,0.4482456784419707
9856,1.1389904228485942e-05,0.9888085489295374,0.00902993061122682,0.016512296035363604,0.0012912643253440129,4.13214404501324e-05,0.0016040444476754896,0.00011648528024499647,0.0028079706821839785
9857,0.000684659078432063,1.1809612186537008e-07,4.120511699717435e-05,0.02055683937570795,0.00011059307959135242,0.9977981255427184,0.0007188436117886801,0.0029893138669615676,0.0001871563878023695
9858,1.73833272003211e-05,0.6897291492630835,0.23907684333033163,0.11835763601990894,0.0002970022230862564,1.3955724885280855e-05,0.003341460984677015,0.00011072602314048993,0.0015492682371513844
9859,0.0043542043319009256,2.0416406348527134e-06,0.0003584634278577664,0.0010768491174303685,0.0003386772883877733,0.9836007671840332,0.003149472669371378,0.0026061457306882437,0.0010348286756743984
9860,0.003677401761857244,1.114644015898591e-06,3.812617513839784e-06,0.015800645842682814,0.004692577371702666,0.9964194742682585,0.0004098402896775426,0.0017053989822984176,0.0001275209448421029
9861,0.05773409417787004,0.0003214355504989488,2.83606546449506e-05,2.723318130408032e-07,0.0018483116613559447,0.18590368070915655,0.009289784807150439,0.346120358058708,0.2001296567043394
9862,0.0021335127902094796,2.4743785367696133e-06,5.57671380848346e-06,0.0058029969536482675,0.000634080841719908,0.998957274529068,0.000508946825344787,0.0011228816596958644,0.0009022798547102891
9863,0.025805310645902853,0.004374976784769648,0.004600039614448991,1.9131062851894164e-05,0.010720680029132307,0.00654681806670624,0.00026723419256394486,0.00032767381833273426,0.9816811267561182
9864,0.006946310478345857,0.0001081509679390899,0.0005979627433467045,3.515690756869212e-07,0.0079377462293359,0.0014771858445655419,0.0007279486517738422,0.9738756005488945,0.017841401970163477
9865,7.217578228713129e-05,0.6714199410393733,0.00733685351896815,0.08252255984715992,0.0003516515554295376,0.0019502250653583356,0.0018767423449461394,1.5112910806841815e-05,0.02494022987775145
9866,0.005773499237041229,0.0018521246920142863,5.0882847923652245e-06,7.839433531203621e-07,0.22832834570208413,0.008269769259763571,0.001788052541848971,0.9923389736192857,7.681713025676578e-05
9867,0.0014230575928829156,2.0478343911790208e-07,3.9542327168695695e-05,0.017432383742510882,0.00017714561932208168,0.9978786461890488,0.0007433655409704921,0.004598006181917731,0.00018149271229218273
9868,0.02374383727850494,0.0023949408258462502,0.006387586939491679,4.347662407998464e-06,0.011246928907416267,0.006074727879312441,8.382636189965214e-05,0.0006069061503641942,0.9950990779141697
9869,1.1965451553405974e-05,0.013390390732807714,0.1073442250047049,0.825066480805816,3.5120866275774186e-05,0.004185218709877595,0.004500232629816605,1.9940403948866555e-06,0.0066805818440466925
9870,0.00013665911248498643,0.9985177942118748,0.003350782579724678,0.011461758342831231,0.0006719264951977722,6.138128762474383e-05,0.00046435436574294444,4.053808578328867e-05,0.006094178032318612
9871,0.049739443005332465,0.000256112780173093,1.3987758174912592e-05,2.214414752265983e-06,0.006127679087870828,0.002956052527884494,0.004580216913363218,0.9672906725175371,0.009016833513361869
9872,0.015779773437151187,0.001221124351928277,0.003250143295204007,2.546239506787473e-06,0.00659678354333345,0.003918574725974524,0.0002220502453834845,0.0016483134238515999,0.9969631459076874
9873,0.0028020009124718856,4.439542281183416e-06,0.002240134642002116,5.563057693886495e-07,0.0076776748248213655,0.014117024153769999,0.008820377817491181,0.9578539289796351,0.0014734484875923535
9874,0.002217171180474546,0.00015234352982331867,9.774441228002699e-05,1.2289023127910752e-07,0.06636365317212137,0.0019489024743058487,0.000490513187713566,0.9989342514820599,0.00044975284271714204
9875,0.1390268847253551,0.000566960781663487,6.141308696182804e-06,6.590949085610528e-07,0.02013200256717517,0.006009670979384076,0.01023410606042484,0.9354064894671132,0.015192525461396383
9876,0.002299401451416519,3.2649827029789253e-07,1.3586767630151865e-05,0.009648151364294713,9.358246587863371e-05,0.9920618608768002,0.003420188350355734,0.01530997546499271,0.0008195725144394185
9877,0.0008223494886937139,1.5550902476522624e-07,3.534532466511678e-05,0.01720198478116592,0.00012346422223704482,0.9974420485851238,0.0009677096442683181,0.0029502654335654185,0.0001785253779989092
9878,1.258248092413215e-05,0.007427220622097872,0.263355639851674,0.8424558718637929,2.659134251625022e-05,0.002392848459608045,0.0033766235670401965,3.681645321126771e-06,0.0015173625535646411
9879,1.6552028248450227e-05,0.9445684693681862,0.03507477572472146,0.07846092845774842,0.0018323447896401105,1.395614334677057e-05,0.002667667862696417,0.0006059298777003342,7.527489610946013e-05
9880,3.480916288203738e-05,0.1985364646163462,0.5102042150449753,0.1468952565442008,4.9183078229238666e-05,0.00010807519965892879,0.006630529899752739,3.315931880734886e-05,0.0027310035462730347
9881,1.4846813164475293e-05,0.8219868326650501,0.2674812635813856,0.0034669905365992855,0.0001424329807940915,5.0785523246394146e-05,0.004149502739811438,7.029817765580089e-05,0.028710528305096135
9882,0.0022551521311619934,0.002381957106313907,6.114178948146617e-06,9.084752189134042e-07,0.1649876636274217,0.02158573966813548,0.0008010664909992616,0.9898367694257708,2.9285973926638655e-05
9883,0.0009947301628383896,2.666023163871092e-05,0.0003841337492400052,1.268878201963324e-07,0.030277197726749524,0.0010650375822400253,0.00035098736856333315,0.9996034716548117,0.0009668049203213773
9884,3.4972875143168616e-05,0.0034547269682708073,0.004728522875289442,0.00032949154923939816,0.9910744514285795,0.001262429135084731,7.905273956952372e-06,0.02647474356493913,0.003186424663140747
9885,0.00020015170533538076,0.00010372514859748208,0.0012569048453321661,0.16485849963990293,8.700018048015214e-07,0.15815148732509127,0.263409323162711,0.000506623221021929,6.875693457262642e-05
9886,0.0009705599513246998,1.466632597026525e-07,4.344633415597404e-05,0.018213258952406063,0.00011504936459722938,0.9973435135271519,0.0009991995724538036,0.0034288248452113866,0.0002079862149886546
9887,4.307393771897078e-06,0.32182053941370803,0.5420008159799317,0.18110760284695704,0.00011852792822854196,6.944858997633773e-06,0.003423323030907534,0.0005404511940738516,0.00040265747086797043
9888,0.0016131914209276635,1.6819955021831215e-07,0.00012538821622751074,0.011383573339950397,0.00016702327338860776,0.9974242768835611,0.0017414695266519133,0.0021414317215500277,0.0002601662204671683
9889,0.003886311838804492,1.8183454132562352e-06,1.5144468177468418e-06,0.006070015958377047,0.00014754612679567427,0.9875187827730522,0.003165066866821044,0.022670613596348484,0.0034938832948148433
9890,0.0022486016711354647,2.4018747533749677e-07,0.00013124117498808212,0.006611747391830236,0.0002708085124477763,0.9964457513259187,0.001682051689917589,0.002107912117567462,0.0005305012269179123
9891,0.0006467030526321226,0.04730277003984529,0.029925817152413044,6.289037357987734e-05,4.0414968230018035e-05,0.0005016343429010499,0.9292632607443062,0.00556553742457003,9.232457597399263e-05
9892,4.664663116800002e-05,0.9619805238700911,0.03538255004193498,0.03479873385470559,0.0003630873294090569,2.1138950848264772e-05,0.0034021256867963925,0.00010988599904325391,0.009564475992587189
9893,1.86679957537802e-05,0.4763654424475096,0.40365467948945305,0.0009015343071667412,0.008853020463425306,2.5325153098716327e-05,0.009567566870646964,0.002661098113931212,0.0005555423844772972
9894,0.0037834186254624806,3.118184221656256e-06,4.454128226116212e-06,0.003656032617887493,0.000949157713486086,0.9987658711125753,0.0017651784220469539,0.0023060960687910858,0.00011497499088968389
9895,2.144429997062809e-05,0.9252747574730132,0.05533405754977095,0.00046022133237365597,0.0233702455813949,4.3757925612692075e-06,0.0020718956623760414,0.00952274839364461,0.00036600175797865133
9896,7.206515536688991e-05,0.031708166516267525,0.0005430893494878427,0.0009579169719225691,0.963556284057912,0.0026155324652988227,5.794803883808386e-06,0.008960967026406249,0.004781320706609573
9897,0.0064591910366335464,2.390827098850523e-05,5.3626079848098725e-05,0.0002360481281016321,0.0004819741118604813,0.9862815778986741,0.003963341772897281,0.003214353740574172,0.001407351223621693
9898,0.00031221579050199683,0.9499322911477682,0.11037061597710364,0.004957205872494285,9.234059840893505e-05,0.00038022485499784924,0.009113136529810165,2.671966992201972e-06,0.08085848211473896
9899,0.0016080589978283387,2.888135453722306e-07,3.7672979931331434e-05,0.00854555206456283,0.00015766046663954385,0.9979868328262196,0.0017981495150871886,0.0023323168969021247,0.0004180599224103832
9900,0.019681258991626545,2.27664566197144e-06,1.3736044051764022e-05,0.0007643805329325711,4.753519134728461e-05,0.6992184555324441,0.14070518813210864,0.030511184658447307,0.01864133145088159
9901,0.10996504076014296,0.0007722756436589139,4.51276241374203e-06,4.019810330631854e-06,0.006414846441882681,0.0032011238013654876,0.004317370509936294,0.907582282856404,0.010700338334844104
9902,9.090602124975747e-06,0.1581993932904643,0.11876002313403003,0.0009001041592553377,0.30903141736519135,2.0205995010742213e-05,0.0016947635429658495,0.014179132556523076,0.00047090833862276717
9903,5.701735303698805e-06,0.28399939955953785,0.5639774176417719,0.001059023525636917,0.006470285409289061,1.8631879980113796e-05,0.018738520183525533,0.006361922882391724,0.00025571312425609784
9904,0.0011811263671113997,9.84446184127547e-07,1.0329142839557357e-05,0.006714937813053173,0.00019413699902979644,0.9980743897065989,0.0015829734639574297,0.001058835514211346,0.0006967548538038576
9905,3.0807990067190306e-05,0.9784948134534645,0.0174122778559797,0.025928783026393603,0.0038121502013017776,1.7064977682672862e-05,0.004411584197684549,0.0001884708980565099,0.0006821794079513744
9906,0.01636396466141015,0.002001224031195799,0.007172728505349839,3.208067796446052e-06,0.010905525027613206,0.006867144929677348,8.826408591052728e-05,0.00123409060958131,0.9958205426870325
9907,0.028431608620987574,0.13651195351162612,0.0015616640395795674,0.00012665025402492546,0.002186046149437389,0.0023007300933842543,0.0013659837523629604,0.0001301000255345036,0.9085926991273299
9908,0.008107254498825059,0.007862397981627967,0.004315619085849171,0.00010647879740005832,3.0261175522823175e-07,0.00017812261141608385,0.9982214716165422,0.008652351408922971,0.006616717085376286
9909,0.0015993664189601507,1.7393441545969087e-07,8.780021888007256e-05,0.008155564750750837,0.00020227428258331814,0.9971577547050261,0.0021819159413997316,0.004434421140775437,0.00019540848071020444
9910,2.1367772111236453e-06,0.73315463231058,0.2326563619337598,0.00963579273671385,0.005735761349326381,4.91136311334809e-06,0.004029704687924559,0.005161262526955088,9.086156788545589e-05
9911,5.999825711916172e-06,0.9845947978975272,0.02776941877943614,0.01735089504777422,0.0002773116033225814,3.066257027921371e-05,0.003780103567007576,0.00017531762083601568,0.002920873369195391
9912,5.087805903381373e-05,0.8030094111513633,0.03048407808920376,0.03190287997227407,6.172613088966529e-05,0.0006443185085811842,0.004314646531590802,5.690560730492363e-06,0.08892603353547571
9913,4.497567287202194e-05,0.5714442748467506,0.25512899216335333,0.013995049222205846,0.005180345714250726,8.466833325239126e-06,0.025220085156210173,0.0008842285564126683,8.056181670099209e-05
9914,0.07984565964695442,0.002318084269450831,1.3276467513575023e-05,3.376786515408743e-06,0.0028528569701199175,0.0016469679840474707,0.01488697178591149,0.8961795507505184,0.005074167909407652
9915,0.014305235858270605,0.0010576875006033648,0.002671658056781025,9.845067762084479e-06,0.010748475054309816,0.0036026336636787275,8.316288355955584e-05,0.0025297215365061745,0.9909752358141705
9916,0.14062257545584653,0.0004152420323622615,0.0003140617965332487,2.650057326763103e-07,0.003027407544545679,0.0016683917423610545,0.03209132043526882,0.3177394274276929,0.021187265981529566
9917,4.7426002334412363e-05,0.009445512767259173,0.0028085599863562896,0.0003209237070516822,0.9890317114904235,0.0007197274016833131,7.0925485396399125e-06,0.019863694015542055,0.0037849293462101814
9918,0.0007856370918111319,0.0011654402816192904,0.039270888185797756,0.00015828682965853092,0.005343896389981015,0.11282620378932116,0.00012761043743632006,0.00011521683156272783,0.8285987756390089
9919,3.359891710452972e-05,0.013099724929481704,0.4928449991495238,0.035758395643676485,0.0014637717227092074,3.09361817703009e-05,0.006201201223061707,0.0010429501045452231,0.0006605943836174166
9920,3.663512716297326e-06,0.18451267711327587,0.5803630419954144,0.4021231387335402,0.00012194598309436004,1.2806747911862155e-05,0.0017571521753430646,0.0003128024398454546,0.0002374573382661829
9921,1.724986200901789e-05,0.9112542463577131,0.0644694824048592,0.04007995625250625,0.0037113306473395727,1.1030432136393758e-05,0.004606821527280399,0.0006777891593605197,0.00011662593600406258
9922,0.960368128696421,0.00032103209923115347,0.00010479270060708451,1.1431310833012993e-06,0.00041421455799225065,0.003541812154094735,0.2979734928607065,0.01958521999538274,0.009017163218415503
9923,2.684134662815166e-05,0.9376325086861923,0.05532344428041266,0.029006800591730025,0.0001548370875322363,5.297765809725163e-05,0.00566768283485414,5.968245139675815e-05,0.008927172353013322
9924,1.635589466489923e-05,0.5725417440860102,0.3207754893826254,0.094144225749786,0.0012187699899852554,7.187085613354965e-06,0.005672407789929232,0.0005957369452109967,0.00011695940754823293
9925,4.1800186678645e-06,0.8822983951252089,0.10713139503972413,0.009477903038368497,0.0008315414288268808,1.360229213495707e-05,0.0016382789443043374,0.0004619693175293227,0.001147316587521136
9926,2.0056989355220304e-06,0.33374518196339553,0.5677325669915491,0.027728828436083333,0.00046908695148716083,5.203372585271316e-06,0.001699669525322742,0.0010499822430779374,0.0008954157953616862
9927,1.7643006273222566e-05,0.8457057829753117,0.12885624322732717,0.06251637406326638,0.0018189958328568819,1.1235242959720137e-05,0.0033067570848561473,0.00047438436121804127,0.0002173077081894988
9928,0.007466116781109695,0.007676302454275442,0.003993540502737309,1.352845359520624e-05,0.007323769120825631,0.007101441446424432,0.0005362603096196576,0.001946645153499916,0.911729683436853
9929,1.9608244313111725e-06,0.7366350904759851,0.37893477838428175,0.004149693595241295,0.00047559538537608894,9.231452279837875e-06,0.0035666505371168594,0.0006548675431161947,0.0026238381251352007
9930,2.5089456245015465e-05,0.5833185052613502,0.396843366688292,0.06050573394173568,0.0015353978056400722,9.239172167053122e-06,0.00922490280254443,0.000596934052177517,0.00010088959456081344
9931,0.006612514261441904,0.00802230669480581,0.0021861369248433685,0.0001526849111768803,0.005305678182357317,0.025012190567072205,0.0005072787679207765,0.000309550456615789,0.9479303605603768
9932,7.435615207410803e-05,0.6500627249236385,0.019663163417873813,0.24344737610247988,8.667085742371486e-05,4.150264813496455e-05,0.002218913470459458,8.476826785805927e-05,0.005361678767472361
9933,0.08806291765220726,2.7382073889396524e-05,0.00022326055774112745,2.586560382248662e-07,0.0024257247271505943,0.010994962865771845,0.008894844055503741,0.782961475976783,0.14064299606029929
9934,8.397216314088553e-06,0.9719775959716049,0.027926335454386213,0.02016101007060249,0.0008850102722171143,1.3646219946741295e-05,0.005071366697186392,0.0007268119533539305,0.0007298808030301281
9935,3.1642797445281636e-05,0.006871703625428867,0.004520633499987734,0.00039714279539575286,0.9832321381409599,0.0012467291329853485,1.2861697503060565e-05,0.021049219076700532,0.0028105348621712653
9936,0.0010249261975476714,2.581878440315895e-07,2.4265602834970452e-05,0.01664783785501415,0.00019670786874458347,0.9982858753809144,0.000607947144440325,0.003052637120476848,0.0001245072784888782
9937,1.2251805578107527e-05,0.8117276835763088,0.11553600949208764,0.1328152568465356,0.0008357564444229852,1.2242953466339599e-05,0.002924216911161989,0.0004856239647828208,0.00010096775942763137
9938,0.0044391055646740155,1.1809354123567128e-05,0.013201770453205985,4.4245626651040634e-07,0.00225814492956656,0.0008160219651628401,0.025945162346752093,0.9466434673237263,0.004176389290259203
9939,3.080115733861246e-06,0.10134500961208368,0.680060648455052,0.41171956187865977,0.00010513485586554432,1.4701254898857613e-05,0.0022128819510064965,0.0003452656391648378,0.0001509326186579805
9940,1.8161192688400457e-05,0.524769829562236,0.5489237361662027,0.01694557369490702,3.9142614077825243e-05,7.383789391582092e-06,0.05664891992340685,0.0003750971251190793,0.001982386091388535
9941,3.13758570604765e-07,0.026669417149750768,0.9872967961056235,0.0007450151686973677,0.0009378986124365295,2.2859991816326507e-06,0.0029004519382963227,0.004380875945950583,0.0033870631072180865
9942,0.0003332092151823914,0.8851608976996683,0.12732912735905885,0.0003162779406560407,7.295569959022681e-05,1.7431876389486613e-05,0.00705915086329082,0.00014436405768578607,0.6520499177235786
9943,0.025966566488660837,5.54191123881004e-06,0.0007486920299080513,4.482120005434782e-07,0.0038129449999666776,0.008676519617105055,0.02760596774838181,0.9506504875865226,0.030730800316068126
9944,0.005093101441159511,2.785193789781161e-05,0.00012368381695835993,0.0012052980892357347,0.002073290505692658,0.5707502708411369,0.000516767762020115,0.0024577601511205365,0.5311783025644277
9945,1.9597582387729025e-06,0.034077097149954,0.9350657849473644,0.1340394111956869,0.00011689111667424133,7.691429738488692e-06,0.0012884414876700538,0.0005647974546281661,0.0003299590616886746
9946,0.9048606314702302,0.00028202465153139044,0.00012866899751679336,4.2700081361348917e-07,0.001821407002827832,0.002428156477564027,0.12536283133849752,0.050489925486637784,0.008346637137613895
9947,0.00026862723907224064,0.9273781435996,0.009639955291475624,0.05183728984707384,0.00011893164477247068,3.4773135636512175e-06,0.004071683840106149,0.0004998205323876382,0.01985896847900135
9948,0.0066782665864719894,0.0008283294455201988,7.94738564476436e-06,3.6765588892951104e-07,0.058497353445140565,0.0012205796564397457,0.0020172392812956427,0.9987957435511081,0.0007313392361930158
9949,0.028677032502450312,2.7506941962446805e-05,1.004048085318561e-07,0.0015927837097253943,0.00045712286760238487,0.961378787205739,0.002102081630626717,0.021688321844541412,0.051403540848241225
9950,0.0022349733225579455,2.3076911666203837e-05,0.00020779794032746372,8.014645968958336e-07,0.020313241687058146,0.0008009986837769635,0.0009626407032388781,0.9984521526253264,0.0013578247989646693
9951,0.006347319412336447,0.00018817958898077145,3.845468655888054e-05,9.044329225980763e-07,0.024774808636005327,0.0016543301131218282,0.0020389559329383015,0.9980474716281711,0.0009570164209758457
9952,6.327912065637457e-05,0.0058953840371100425,0.003183577179208018,0.00023795398732141704,0.9911323192993234,0.0009286510956041555,6.042219465415773e-06,0.023854496507964874,0.003777022284905895
9953,2.1693568679357308e-05,0.8844908392229818,0.11549678544750908,0.001062517674061542,0.012296033859461215,1.0617203510062936e-05,0.005216945896105258,0.0034124997211771,0.00027168629481431336
9954,3.0404074902515097e-05,0.45904962146697553,0.5093849420336466,0.0004221763747206253,0.008611762963385266,1.383605082694238e-05,0.009827806587452467,0.0018956800482307504,0.0012331840856699397
9955,0.004457073587191901,0.00013112032829168976,7.188469451315863e-05,2.1775006483919168e-06,0.020214830877637063,0.004269021539618117,0.0007321337739835559,0.9895197398512955,0.0004570506495404593
9956,0.03574291528695289,2.962926727710447e-06,0.004492345387940663,2.0640373049071184e-06,0.00012580268869333652,0.07747900452934002,0.026852463867921398,0.30807166423648596,0.03403012041338969
9957,0.008718216948130825,3.4952175461190885e-06,0.05812264874911808,3.542557941696285e-06,0.0013409166889310226,0.0311693146143664,0.004920422574205579,0.02991140163860131,0.8286968471087902
9958,0.00386138403787761,0.34177823653674283,0.0016859720904592599,0.0013316643332503485,0.00012139315516176786,0.0006107732879581496,0.10013373193841735,0.00013635346638954303,0.5980805457868635
9959,0.002840949570848077,2.8510648986611135e-06,7.971304490861482e-05,0.006358546357151031,2.1291825826943447e-05,0.7128109078856645,0.13485811704910997,0.007264351150326478,0.003544564821005774
9960,0.001622517537350161,5.99364258461771e-06,0.002361954801077783,8.939170087070698e-08,0.01771996164340132,0.0014865444386566176,0.002001456092649315,0.9975019025002952,0.0015100614061306459
9961,0.0014728696849428914,2.6348811146545815e-05,0.0003875041800386122,2.2059150346183962e-07,0.024715921894718485,0.0012712057061672099,0.00046928557494810286,0.9992189739832776,0.0009776433397321856
9962,0.0038743240411736267,4.0036793741491815e-07,1.1333363886641349e-05,0.006152113958320857,0.00017867154761383526,0.9911125758262392,0.006555220869869152,0.011976154690824328,0.0008583516359723741
9963,0.016362796907629793,0.003518062380728636,0.0033490559320871255,4.117606283185551e-06,0.008614409986773389,0.007473999269535206,5.596731918817921e-05,0.0013065144467780407,0.9947274419160834
9964,1.7029419607743128e-07,0.0036837151660279407,0.9961169198820508,0.002191142986415446,0.0014454037103399067,1.274427289084533e-06,0.0019907905646198245,0.012385338268177039,0.0012336477260381851
9965,0.0027340199954985307,8.043500634182016e-07,0.00017177057762169802,0.0024934865359042156,0.0004802400558985011,0.9937123546837202,0.0013060378497684727,0.006032375408309173,0.0001737921310692377
9966,0.0028462957903012515,0.0012729693083928391,5.818473602055862e-06,4.5120667495167337e-07,0.11803964053950279,0.003285273581568458,0.0013153995207988538,0.9985665381235157,0.00015828715809373587
9967,0.002126950319821231,4.8922304495333734e-06,1.0181051131342802e-05,0.00588770468981735,0.0003185609684129332,0.9899458150488503,0.002476903122005097,0.0016515183563872676,0.003360121425110045
9968,7.01505547053016e-06,0.9945085711875723,0.006214388844210342,0.012345342627894976,0.0014925333990180715,2.4973945138923024e-05,0.002289811452380369,0.0002552029464406446,0.0013486354892944155
9969,0.0021433400075302456,4.284572688221983e-06,8.980061217162931e-06,0.0041526666444062854,0.0002693026640763916,0.9968184759971758,0.002407289670278134,0.0014524452911276616,0.0006073240654681323
9970,1.812012742313031e-05,0.9242395185733713,0.025742323485777492,0.0006644350398789516,0.12780915856619995,4.2745359459856064e-06,0.004487250807123116,0.006017481534761375,0.00023380208834177153
9971,0.002481362712052803,9.93857090161554e-06,8.567950760611705e-07,0.00410424327577948,0.0007146790496296217,0.9985558932886671,0.0007115476377452027,0.001177947770078889,0.001706683203725992
9972,0.0013356386604159807,3.04452878488503e-07,2.0439444417460828e-05,0.01323118100221575,0.00014563944185981282,0.9970617408516401,0.0010994318479774614,0.0037303427741035436,0.0004004225536961921
9973,0.9627406404887402,0.0055657895411715,1.7637189440851743e-06,8.46934786307429e-07,0.0013342918156021171,0.0530895928523205,0.016873465289101833,0.008261231103439962,0.03363759247815565
9974,0.32885986337020934,0.000665911581133034,5.420984192295322e-06,1.7864561068387479e-06,0.0011940841439950338,0.11628237809227482,0.0056242217899239826,0.266590412920237,0.1061145693877464
9975,1.5719524151619358e-05,0.11067300425448495,0.3863176919235668,0.27014832509383163,4.002438238907819e-05,0.0005105165059928886,0.006143735005131071,1.0632599488598947e-05,0.004203523212997394
9976,1.0495990700313213e-06,0.12163079975324705,0.008050828592648964,0.9573907327411847,6.589530412035079e-05,0.0018706616356176874,0.0005557031981322801,2.10175140672016e-05,0.00021051499838356378
9977,0.016371884292289203,0.00015585955442185234,0.0006118486668194239,3.1211047706521266e-05,0.009491749444967192,0.017009099348753116,6.32190737504675e-05,0.0032103179593541155,0.9729427264888464
9978,2.399480946964332e-06,0.4248266995575757,0.05130063561855413,0.3895148822083566,0.00012336304427456915,0.00015265783867606504,0.0009224346022158789,3.569045220492442e-05,0.0020759587714767945
9979,0.00010324671480009999,0.052717271429618365,0.4186023977984514,0.00892461930402379,3.617120910088874e-05,0.0005678449351462292,0.08759910725986446,0.00016998206642623046,0.0006449515712869385
9980,0.00012186942956795,0.9606792064044011,0.022466506872555563,0.02433485642392532,0.00011238447138198713,0.0001360182726555357,0.004415920838370795,1.084627694648116e-05,0.04266578880499387
9981,0.0011576963616839432,4.867813558139522e-06,1.4713903897487201e-06,0.006259765283060136,0.0004515485070105738,0.9989724763978008,0.00047239545051167513,0.000911431528713504,0.0007686538500173424
9982,6.390883874233494e-06,0.9336879969963343,0.03748221748155234,0.0020191224692785313,0.03794677677113939,1.4172524310483495e-05,0.004444119888502438,0.0016285830285666311,0.0009533638916920902
9983,0.012166356256256816,5.9836981768746996e-05,9.592880323346944e-05,1.0111669288198905e-06,0.011862117793830758,0.0018430307999698354,0.005316761294506352,0.9946522566669405,0.002859412301812198
9984,5.4486078245975617e-05,0.6350331157557408,0.03405461222924417,0.16540272629731056,9.249428371502864e-05,0.0011770767470988604,0.0027017847838580905,2.8397184017253425e-06,0.02539609339555867
9985,3.446322177783242e-06,0.19044778249680883,0.556135435227817,0.3047014537521821,0.00010561455959998275,1.621800057266282e-05,0.0018689167536534994,0.00021620740933862292,0.000458171783201661
9986,0.0018661707275958003,4.855181913245337e-07,3.4428513367945345e-05,0.00973312920320243,0.00038662490566729264,0.9986752478030652,0.0007008873319316815,0.0019548011972153113,0.00026794944099717483
9987,5.235995729853308e-05,0.9866603841278038,0.018179396305854294,0.014812270946394233,0.00027554979882984,3.3945588168083825e-05,0.002623392084072228,4.8577085418329364e-05,0.018475854021377868
9988,0.14651021672748363,0.0008450818297812411,1.0648719822523265e-05,2.1946081155412786e-06,0.004079366092754336,0.0047279612491105795,0.0049965453979377815,0.9461206167791052,0.0028462902331987997
9989,1.578493022959862e-05,0.7485639407451207,0.2656866140523832,0.051184931408799546,0.0003497829149226731,2.0680415342941686e-05,0.007404298582161994,0.000280409714928756,0.0004182625486945008
9990,4.791351849406853e-06,0.15801994749301007,0.7411993597886655,0.09764503338463197,0.00017488664026786164,5.1827250126062774e-06,0.006005018433228313,0.000422928726764141,0.00035969479543436917
9991,0.0020325141326117003,0.00021816811477569739,0.0025910384946110756,0.0003993161356357049,0.00016901090233019153,0.4724368647175764,0.03732866933116211,0.00216213114825776,0.0006130232983886749
9992,1.4566463743611425e-06,0.6142503385787947,0.21957894848186674,0.013869766023363159,0.026987722325772023,2.9922567146578448e-06,0.002010003428406015,0.013502603612077132,6.795916882906499e-05
9993,1.5535313416618646e-05,0.13806151552790336,0.8031548088031892,0.17577171702006975,0.0004792968522014599,8.998891919207859e-06,0.004874664903107596,0.00035477316016777364,0.0001889152248156922
9994,0.01322738673922759,0.004040619377119625,0.003913454411556629,6.211313266893741e-06,0.013736641392443424,0.005220372924937914,3.8753549703840525e-05,0.0009961909479969642,0.9956156149918179
9995,2.251209157324997e-06,0.5756154594919404,0.5392258191758437,0.008200030374561677,0.0002852819653331336,1.1545668358398889e-05,0.003339361274965511,0.0006217154026320915,0.0010031297144705458
9996,0.0024670634849133896,1.1034033890394188e-06,9.919077557337034e-06,0.004143719467239439,0.0004207051466223971,0.9978017637189344,0.0028617369868024537,0.0038864303804564083,0.00012373659720395818
9997,0.004031950272975129,3.2057182888146313e-06,0.0015611824317373784,1.5112708573711734e-07,0.0039454807935618424,0.0009367008651820428,0.005092396246931113,0.9951879471462296,0.014513945283821968
9998,1.3530679271153358e-06,0.1331030517984246,0.6190724983453153,0.0005124845796863907,0.1499225890174355,2.6799610200830963e-06,0.0012653881301220658,0.014895446035789612,0.0009790408573459681
9999,0.0031829247638339906,1.8415784754049342e-07,0.0004243917938737633,0.0033273326455560987,0.00025451362797875905,0.9937162607756888,0.0021816928485903363,0.004810803419800907,0.0002742616827281891
10000,2.8752020062904797e-06,0.015089806454482203,0.9864415858990779,0.008172387362149702,0.0004936831597843422,3.615938774925697e-06,0.0031643309656632745,0.0011708263545176345,0.0009198377762829285
10001,1.5020851936488037e-06,0.0012113888050961413,0.17499038110517756,0.9759024843453161,2.460942760528071e-05,0.002155089818969684,0.0026362872642741327,5.212539556976872e-06,0.0004614443609183712
10002,2.1018327269200117e-05,0.7197361496700276,0.21605873375818713,0.07218937032135639,0.0016070523353103813,7.249540931184949e-06,0.007283222398507492,0.0005194761073392198,9.893142530887931e-05
10003,0.01654583079522867,0.009585386312112948,0.017788804261487948,0.000121410688736474,4.282511255094314e-07,2.8457823643280646e-05,0.9972381632429982,0.009583615220821051,0.011961152429099058
10004,0.0011898389403722446,1.3238416916486856e-06,7.853037172833146e-06,0.007082161724121064,0.0002024735260179722,0.9976550200958633,0.0015597359851720815,0.0010242312583369911,0.000815395921602797
10005,0.000605173559348238,0.5284590751778753,0.039002217562327246,0.0008622502006583643,0.00011793471484384075,0.0002449037285744835,0.023684109490789692,7.581835230974514e-05,0.7927024954418265
10006,7.089767628656075e-05,0.8405352018306161,0.015113576526537784,0.11468525006539042,9.297857092087288e-05,0.0005917665544475783,0.0027626840946484536,4.429571484718476e-06,0.023697311261858516
10007,5.273670121229767e-05,0.6488368492583,0.25522153885971843,0.03556653528974026,0.003139622834760269,8.310278691054007e-06,0.018804543011530905,0.0003911383817944727,0.0001124217465986929
10008,0.016015724661018454,2.5295231066106896e-05,0.00011063986195795087,2.632004840247661e-06,0.0131538048548944,0.0005315461648570707,0.004593433318789875,0.9920636515689637,0.004417633366466592
10009,0.011438900850256999,2.9047671043612758e-05,1.6405464614726762e-07,0.002050936653623548,0.0008375975433682739,0.9928254421480067,0.004792081748148753,0.013745161364063002,0.0018748685275680286
10010,0.013080475876608334,0.0020181498627886048,0.005600078095256524,9.400081715021305e-06,0.01848209681964213,0.00452737683927722,2.7643919975868495e-05,0.000889771848398418,0.9957515630037079
10011,0.009911618551132139,0.005463939760327425,0.025152753989038004,3.826954122548323e-05,2.5951878403741924e-07,7.938701553775334e-05,0.9991505460752265,0.016847174679608612,0.006953783149356837
10012,3.609786136260444e-06,0.9775496107067224,0.014311489153415161,0.02183361647189066,0.0005486691387104692,3.9790129078344066e-05,0.001769442379755045,0.00020313374822276178,0.0013674822799959131
10013,0.09106444280263601,0.00036664696001179514,0.00014652467957441625,1.8810802349928392e-06,0.0019400242126378225,0.05933910411989596,0.0005136800292787289,0.008391290676240728,0.8558948855981974
10014,5.543388305622222e-06,0.23114238854225666,0.3582493508078885,0.27337653700011183,7.592716719320853e-05,1.4595288218235535e-05,0.005211099020334982,0.00017387781460687722,0.0012898461755642765
10015,0.002353153002160195,3.6565359035807037e-06,3.915252341658285e-06,0.004761876406634998,0.0006425269249752025,0.9988074897907618,0.0006932031437042997,0.0007365136808473547,0.0016206367524354537
10016,2.8099892116334008e-06,0.7857499821534092,0.18645735304243635,0.026730637221040653,0.00016804684391815762,1.5578273219767346e-05,0.0017937317474352387,0.00023938889694956678,0.0027492685782004233
10017,9.835766685533932e-05,0.48767995729161123,0.04996742392170826,0.00188915207778469,5.1436634092043785e-05,9.409907765757886e-05,0.08664572225529597,0.0025878405491002944,0.00011745979929106006
10018,0.004133295617028897,1.8190058919370993e-05,7.448814936092942e-05,0.0006135761304898009,0.0001740424311621866,0.9770664513541905,0.010790884369703097,0.0014844521606892987,0.0013454844847585658
10019,2.655974223242649e-05,0.444658109721595,0.3925447905147413,0.042731342855896644,0.0034700895850341444,8.491823713081827e-06,0.008818915957222588,0.000439349046087442,0.00012855996582747414
10020,0.001957398123282291,1.448327516791234e-05,1.5848740224515599e-06,0.0044202955713917805,0.001037058845872769,0.9990582376852638,0.0004972845848555668,0.00048444865222253423,0.0014361463173838262
10021,0.00101202302833106,1.5818735211356398e-07,2.677728498885824e-05,0.018564192465432533,0.00018680640702537822,0.997121216259421,0.0008219626661211075,0.0030705597840375164,0.00019521102990737897
10022,0.00010571814292929827,0.1767969571825254,0.07546032596147347,0.0004163796530136231,0.025308744988689326,5.319566148074771e-05,0.0003477143989570212,0.006572643275914255,0.004697223107889264
10023,2.3627150874952932e-06,0.4138229553381756,0.464890767420632,0.006521682779454496,0.005407218879008948,5.12792420053935e-06,0.01201236311929398,0.007234611042660129,8.123356575408156e-05
10024,3.0351385601688588e-05,0.8332952707904147,0.006493004248478595,0.0867127324556182,0.00012278753566231316,0.0008846007627857157,0.0024920051783823907,3.839048600923188e-05,0.017379258491299236
10025,0.0028213069289503186,0.00016131475049619904,4.571574794346261e-05,3.8691201259232777e-07,0.034179443091672,0.0010767194222375271,0.0007604607862780019,0.999250848050584,0.0008936425307078158
10026,0.004918669802025856,3.6102502062767765e-05,2.651839290738055e-07,0.0028539442318245814,0.0028088656337273473,0.9989583173887933,0.0008943967433507898,0.001298655765792436,0.0002361941885261445
10027,3.818545026085464e-05,0.9368865112273207,0.15968576867539147,0.01996726292959904,0.000114136444058539,4.9499118568928643e-05,0.01624877010795449,4.4025151039905266e-05,0.0018718045674169783
10028,0.0002330318245326622,0.9608334864161342,0.013534091175760423,0.025901607000060466,0.0001409077797487187,1.804292780960671e-05,0.005536799946588981,7.51785050995757e-05,0.05860749169422088
10029,0.0052207809644474286,2.4127334011231333e-06,0.0005475492346130605,0.00043665250645988585,0.0005430742683042684,0.9803848956124064,0.0025546652863313478,0.00400987223837843,0.0009831659000619905
10030,0.009057469564105228,2.157081440935611e-05,1.6977875176829536e-07,0.00273301206201416,0.0003219819018306571,0.9821556220018394,0.004197534532314812,0.00993925322721737,0.03173229013606432
10031,5.7140276953615205e-05,0.004876200976562197,0.0017077053194961237,0.00027271959315264277,0.9944930740186537,0.0014051046191557541,2.9920868324132854e-06,0.02531817068845069,0.004867791874890913
10032,0.7432045253217642,0.0012051253957690898,0.0003282765464416296,3.147700194800103e-07,0.00023915120955064162,0.0032238426310689633,0.05722688718558098,0.009941617121683989,0.048324989122259125
10033,0.0012057746798008109,1.6659893758597856e-06,6.145707293619061e-06,0.006188257336897931,0.00022781058620349468,0.9983239379904397,0.0011991133880524434,0.0010247542618193996,0.0008063098827915219
10034,4.6947084671862305e-05,0.0030385068327861233,0.0033714398013316074,0.0002920595359813752,0.99351182697896,0.0014283771381314817,4.578035306061751e-06,0.02695456792322185,0.003690198738804452
10035,0.024014214576096142,8.826231548898146e-06,4.3958137202917846e-07,0.0013019686278683846,0.00027068985381156177,0.9632270935223023,0.011589740172468395,0.024968878608670184,0.028716950378951635
10036,3.161775698352452e-05,0.8059694328077346,0.08351458805886566,0.049053255888337505,0.004367980945089844,2.580625378685816e-05,0.002766278350757365,0.000640055101299713,8.496140545471084e-05
10037,0.013525531093192933,0.004309053835182894,0.002514732617225702,3.9635233017335246e-06,0.00806015615126082,0.0072791576372567305,5.9811194130859175e-05,0.00178136558217223,0.9936611622630351
10038,0.21045410517599816,0.00014872709455300258,2.5966646682117942e-05,8.433934050527447e-06,0.0010030433074509299,0.11814389411507191,0.06671294191138041,0.2825593745377886,0.017704466801843528
10039,0.009315224774785124,0.00032452543192193,1.2877449846522336e-05,5.823421330303584e-07,0.061036427117673396,0.0007754157976675744,0.00271860712874377,0.9986359358447507,0.0012528130883511378
10040,2.9982277366985752e-05,0.24378005389301485,0.6233299904144441,0.10359426836004657,0.0017753291647230572,7.594634501684572e-06,0.007022046298808267,0.00030879497304370804,0.00016360100418191838
10041,0.5549783750837524,0.0008915283282446215,9.181775565263462e-06,5.828026852358032e-06,0.000612650674754268,0.094363791723281,0.007071480271050347,0.2718899425992013,0.012876066092517565
10042,0.0030465199779365253,2.277940664765079e-05,0.0003622706320742338,3.5525709513001677e-07,0.011337226341502986,0.0010815403998936652,0.001636382912071465,0.998717149219323,0.002516924523954065
10043,1.448184786729202e-05,0.2768914364823474,0.567209431921782,0.02141698353463313,0.00694901609025222,4.605610837594752e-06,0.015956163486006248,0.0012373102783195464,9.1117135873315e-05
10044,0.0016370762563140365,2.7073243712176395e-06,4.272626938843091e-06,0.012379352639143214,0.0003753455381911322,0.9963511766624087,0.001364014897284436,0.0020900945956952785,9.21013601766354e-05
10045,2.8356045481574355e-06,0.9757631309376824,0.03437903873248566,0.001004053841745534,0.00893875468188955,1.610517382739643e-05,0.010664706647045585,0.001635214322803435,0.001128744436787685
10046,1.54425984266038e-05,0.4803945690347777,0.4395681001837784,0.03347164898809742,0.00021162854579006364,1.635037583713925e-05,0.03710309195352228,0.00021400678386344286,0.00038831043951652013
10047,0.00043475503023730067,0.9229931837489159,0.010221762357322237,0.039479367325179114,9.242514172458652e-05,9.675453334188498e-06,0.0035742744813995683,0.00018231504527810015,0.028573686907589324
10048,0.9906059345062669,0.008318325275092926,1.2801770230601984e-06,1.3986296425169696e-06,0.0027718589648919106,0.030519613798058245,0.0111611865321267,0.003847365189933594,0.025362205636260394
10049,0.0011791439138420547,7.222987297600303e-06,1.6915408815815044e-06,0.005383589906425795,0.00033699391876118855,0.9986363882269009,0.0007211218661202772,0.000625304596294673,0.0014039601513367301
10050,0.00955286482682665,1.3008861174613569e-05,0.0004691302849282603,8.808190686940017e-05,0.000545752111329109,0.9503979775715458,0.0042889032287799075,0.007512986078544827,0.0016814373308406078
10051,3.8056402561183893e-06,0.5975099552512797,0.20192518918128025,0.22328400515363162,0.00012755086839257596,2.464631640889148e-05,0.0020318033689249474,0.00024150835983376967,0.00039633471183594824
10052,5.2606289616046014e-05,0.7384457523606788,0.048902347421583246,0.014563992324954592,4.024470707973299e-05,0.0002100624859997341,0.015494663020472876,0.00020092131743467282,0.0018985284665200921
10053,6.619464341960728e-05,0.1170075263017254,0.48879894845510385,0.028113509154562424,0.004334290077138477,1.8031738470842938e-05,0.0037917038181972036,0.00035421314391480084,0.00032775971958117254
10054,0.00036645306293627206,0.010089565296432651,0.0011615967166419595,0.05198425198865506,1.109578671136286e-05,0.09941310188119813,0.26150172028851465,0.00010053002401054669,6.48465257198664e-05
10055,6.061508387033013e-05,0.6942501449859906,0.27829854506583684,0.006748447344687768,0.0003660006838958216,4.394141637558987e-05,0.09676151341654206,0.000191114292761356,0.00045478409191831754
10056,1.7475631461557005e-05,0.9387361083149495,0.03984432562220886,0.08107871554231169,0.002180934758508732,1.2829561938794915e-05,0.0024123999804028973,0.0005455845039165833,0.00011661896323166697
10057,6.190030118129611e-06,0.6008370926258834,0.4068590222691528,0.009652221918898125,0.0011529276699446848,6.747091528405291e-06,0.0022921470332357263,0.00038537435693962436,0.0014914557759138727
10058,6.495936568062213e-06,0.43604263288608647,0.3275922650397515,0.2552770558888714,0.00031699355951474726,1.2265636999820647e-05,0.0023386098266767606,0.00038917643896455094,0.00015621080505798338
10059,2.062927279587463e-05,0.9398182004260972,0.06959357309612846,0.003462353092456785,0.0003271062363617514,6.60504088117065e-05,0.0033843052346382765,0.00018608285623864204,0.02183959119702336
10060,0.00014137891183974247,0.5833100184356178,0.12410407665976783,0.010406356976894394,0.004625246150555828,1.6749872555439338e-05,0.02839989022061522,0.0006013733299183511,9.334335200653443e-05
10061,7.685281633500512e-06,0.03472726099192902,0.9648553345573158,0.06062684698984266,0.00011647957920524153,6.653709713257243e-06,0.013253548913408521,0.00033949020140453993,0.0005243185111007138
10062,0.002314461534855692,3.6819153070703194e-06,6.003731422729475e-06,0.0032475009276086214,0.000443482230390187,0.998112864928297,0.0019240334979715287,0.0005478032462145209,0.002102315067711642
10063,0.007453280856765189,0.004508272346096631,7.125907108134442e-06,1.0613178906113136e-06,0.017471204056970877,0.0019066944094338339,0.005077883507765077,0.9932315443793421,0.00052014226506757
10064,0.01653640063686827,0.0012783261271047757,0.003220461068024686,3.1774944095021837e-05,0.009239901140268347,0.02262642606160357,6.342817321044077e-05,0.00037473728610510265,0.9752372925027858
10065,2.8917268200773397e-06,0.09568808562726512,0.824647184850269,0.014951919182218576,0.001072271625928799,1.7309168644445297e-06,0.0020967513834394126,0.005434973660304357,0.0011198179034958284
10066,0.00019651819178705915,0.016908002058315014,0.38042360719727714,0.06412257533012378,9.220774249417993e-06,5.44968720445491e-05,0.18262367432046683,0.0001170342915804732,0.12247690852307003
10067,4.186026912823653e-05,0.006087307754765319,0.9719210947631869,0.05886075946997675,3.9966769267480604e-05,4.507268020033243e-06,0.22328736308719416,9.959926185730424e-05,0.006525976980965409
10068,0.0013279609552750886,4.401742090560793e-07,1.4602203714910853e-05,0.015232138733084186,0.00026983269356510093,0.9982428661358166,0.0006106062097348936,0.002896400994516855,0.00012910843082566015
10069,8.23989799059896e-06,0.26146462272783383,0.6743450154793762,0.0008368140173503188,0.00558933940953711,2.3564092791651604e-05,0.019880289370824453,0.002766456691740122,0.000532260126610463
10070,5.753510707631282e-06,0.5442988507723445,0.28490760050627834,0.03970329268753077,0.004185038865023933,3.954800534483919e-06,0.006100957875649952,0.002288489669677698,6.670792039694437e-05
10071,0.001187601674953798,4.389585121787223e-06,2.753358789449013e-06,0.0060368577150255376,0.0001713724422245512,0.9956137903893825,0.002500742825336842,0.0007849130805284796,0.0019587895286204164
10072,1.470720869483922e-05,0.5556453115040931,0.2942107407104775,0.04811467314798239,0.0009934471810920651,5.641779390944818e-06,0.00691151734277386,0.0004658137878096058,0.0002459347005682956
10073,0.31289166138585245,0.05066184246448311,0.007690038669701238,3.19771853768829e-05,1.157311130757346e-06,5.941571147303751e-05,0.9919876765969899,0.0013591402319354645,0.00046389329133660084
10074,0.14340072026824524,0.00020495537325989366,2.9269173060106017e-05,4.842284017933755e-07,0.0008990391647861202,0.14909422704418143,0.001812594788784998,0.06061045860340706,0.6196155932593351
10075,0.0022636265978773933,2.4026446302606934e-07,2.8622776409730868e-05,0.006184662914174099,9.252396245501378e-05,0.9903403615995336,0.0089843021321673,0.009023852661015973,0.0007054323036823908
10076,9.070643684635225e-07,0.3633726043121186,0.6292196332741457,0.004071180467437142,0.0027518568249201877,3.5970946623270565e-06,0.001681103864068573,0.003899227757082487,0.0006270621571438359
10077,0.0037664030465907783,3.1586902872965435e-07,0.00010146981411588126,0.004583120496665015,0.0001537245985934752,0.9852743822983507,0.005238875634756976,0.0062302539365337506,0.0011818996947308537
10078,1.5565744933052717e-05,0.9905603726615924,0.009361072097835488,0.021303614706421108,0.0029736443964423756,2.1542142667658328e-05,0.001982200508494961,0.00020386506895510393,0.0012036716360690697
10079,0.0017229973499421915,6.322067054394603e-07,2.4424898175312854e-05,0.007916135722651641,0.0002792649931462285,0.998386005504337,0.0011699689709077114,0.0011854281831242442,0.0005509217930540599
10080,0.000154371809773294,0.9073430830838244,0.006126647581500686,0.11063329254741668,9.18798004630409e-05,2.226910769345164e-05,0.0018665542767695587,0.00015248074580488877,0.007913953782325048
10081,1.650867898209484e-05,0.8660593478126773,0.08742693536147901,0.05448817472055732,0.0006518847509502923,4.809033530147065e-06,0.004303921973677376,0.0006177451058090572,0.002521067172603122
10082,0.002265495916529734,7.846652791553252e-06,1.1389208964419913e-06,0.00523161583875025,0.0004933528552469845,0.9982070884569763,0.000894803815995099,0.0017981793664466215,0.0008224520285728745
10083,5.3715620544534686e-05,0.004995675376384963,0.00252031346760729,0.00027040663429708675,0.9929615033543617,0.0011925438086499171,4.4842049871723845e-06,0.023596618806826807,0.0041528716295662505
10084,0.049950202606532296,0.00022408433875640153,1.426380349161073e-05,3.482054315571822e-06,0.0068567233100582225,0.0022476064357697845,0.00386503313085273,0.9625323918325437,0.008422649684445331
10085,0.0024570003773373428,6.211149963025179e-06,1.4657409565268468e-06,0.00380272331392811,0.000546332791388467,0.9977489558778555,0.001290597972367697,0.0008769795301146285,0.0035602867514820747
10086,3.685190504240621e-05,0.5403383959420398,0.3652717875739164,0.0003935877826623352,0.008955553190631368,1.2522378726571894e-05,0.008655991421763517,0.0023467843317657284,0.0015238519411982787
10087,0.001369536792604008,3.630136881438391e-07,1.7502619597649374e-05,0.012110025481781493,0.0002443028948160006,0.9973694096240122,0.0013281235497591924,0.0025609090817176896,0.0001660059623469741
10088,4.5931384046969246e-05,0.9865424923870539,0.004238193819904924,0.022226927199877608,0.0012044399000773218,0.00012398917895756003,0.00021859295699527833,0.00012922367491606838,0.003828221160889901
10089,0.013809687406606838,0.00023992335906767039,9.047133135353748e-06,4.5195730833812505e-05,0.0014407355104627297,0.5936255564468832,0.002611935193780939,0.1441664316932644,0.006167080133262537
10090,6.004572758503861e-05,0.6562206306103426,0.29920484323795327,0.0007717396751433349,0.002977953337019192,1.8690790888799224e-05,0.015393550042248188,0.0007383003209811222,0.0025204028226252497
10091,1.3437950974743543e-05,0.013216325673052169,0.5359856752347475,0.6138261566072785,2.6414947600984535e-05,0.0022388365643408845,0.0057488266123283446,3.862771372944254e-06,0.0031181268098442383
10092,2.5604502479668508e-05,0.9000816865626685,0.013693835638713783,0.0005788379135336263,0.3189704817985419,2.9418819772070385e-05,0.0008871801815455761,0.0023171308294062647,0.000997059812164148
10093,0.0009156141070405934,3.241864746905084e-07,2.24274818686549e-05,0.014525531313916101,0.00018435990671163092,0.9985663167969329,0.0006601185035093169,0.0017865912586242743,0.0002392328047603758
10094,5.97132149493502e-05,0.004253495722131827,0.0019741716045883367,0.00024858709502656706,0.9940784379672724,0.0014175757621245392,3.0209418255938054e-06,0.027590288192151223,0.004389884065880395
10095,1.7101861580122155e-05,0.47221974630491625,0.4635593147696438,0.0006260243976569831,0.011664701798367684,1.3865329858716495e-05,0.00989632609515395,0.003134797860568186,0.0005147784834277233
10096,0.0018516286498340276,3.615523680026167e-06,3.982060661525013e-06,0.004721853333805738,0.0005327184763423609,0.9990968695271866,0.000611474248604672,0.0008594691290899238,0.0011061169930044554
10097,1.880676609150717e-05,0.1507193743919248,0.6941630099122653,0.10044429665217791,2.154701245590928e-05,9.641700849885611e-05,0.02968309201446854,2.7979039345237962e-05,0.0025541945091561765
10098,2.1359449014998844e-05,0.9801340991318617,0.011736951782190665,0.031222402244896738,0.0003216288393102973,6.871386276536739e-05,0.0030394803962752377,7.784788003576738e-05,0.006391039237291367
10099,2.3519117630800055e-06,0.9666460938164699,0.020022718990707972,0.006606246304550385,0.012610912636506983,9.570039927419467e-06,0.0027302534739632052,0.002592294532385018,0.00035687899348246484
10100,0.008428652729628245,0.0010483158580026203,0.0013598859277061037,6.927682927758792e-05,0.023441738971934353,0.0044719562667371185,4.7742422962773825e-05,0.006208329297647709,0.9341244965353395
10101,0.021894111719634197,3.1783446919819746e-05,0.0034925965827984065,5.842806647039139e-07,0.0009866177816926622,0.0012238525805312957,0.10749669458069487,0.7488342032155982,0.02263279919049507
10102,2.4735369668968704e-05,0.7640016391910097,0.02687509953811946,0.17490510517134783,9.729055560533154e-05,0.00023903503283490528,0.003590730191950243,1.4768206670074844e-05,0.009949678733485786
10103,0.002769203624584468,0.0002624328770876682,0.003504924760184733,0.003358951792373416,2.6901434037580567e-07,0.00258037840107342,0.9949195923908206,0.001426772916094725,0.0009052621288757102
10104,1.523302949217133e-06,0.8713475247733589,0.19806598497202968,0.0010659794841464702,0.001922987059676752,1.2714425522572928e-05,0.0025391831901265425,0.0009580730388431516,0.0030943066117111347
10105,1.3469264565918016e-05,0.6283598458232309,0.28205627866562444,0.13750528750274532,0.0007779134512682925,1.2110769151534087e-05,0.00276471809006218,0.0005526172832305083,9.398556995392447e-05
10106,9.373529497265796e-06,0.2080232246421854,0.7051324549687238,0.0010240129981244446,0.0053462829545010545,2.6905034280254478e-05,0.024958166781088503,0.0030497316266603946,0.0005519474638567543
10107,2.3638003391057942e-05,0.07970975330652465,0.7112732035386202,1.652376103622149e-05,0.047291451642142344,4.1257429002798267e-05,0.0021083315252208305,0.0007783109553314026,0.06537779714314987
10108,2.4447019585086396e-05,0.4680573783579418,0.3097794931485913,0.07191891705790879,0.0008289255250890534,2.7516966780295922e-06,0.009309405713410638,0.0021890091216789243,0.0004028585668928263
10109,0.0012505145330838283,4.639890237925193e-07,1.4390764414178028e-05,0.014131390740393508,0.00019720660759487544,0.9979820231786922,0.0007546031200059361,0.0032649133289768535,0.00018982243688196957
10110,0.013934043647350989,9.043641187397155e-05,5.101202469488024e-05,5.84442407763193e-07,0.007122003027957803,0.0007694901904019075,0.014866277696159946,0.9936246022048197,0.004775590972404148
10111,1.0323950363026593e-05,0.018177973927163065,0.331041943240847,0.6963039534656185,2.3795169585474964e-05,0.00043571112238736584,0.007119540546872358,1.3699294345666785e-05,0.0020279791425234384
10112,1.5701595393872887e-05,0.6839445881803772,0.4517964794516892,0.028112552513949767,0.00013174352912216633,2.1831615250109866e-05,0.015432917082380286,0.00032303173941119497,0.000271362017047987
10113,0.003404640130372433,3.590061915316714e-05,0.00032730736538914276,1.563773873298172e-06,0.031330074992056214,0.19698123238806703,0.007482655922151385,0.8777407187958097,0.00024576773993243036
10114,0.8242761765501406,0.024002957931322396,1.3409110939354344e-06,2.3714575090751865e-06,0.003128446203779903,0.08774830788366608,0.004824432633272295,0.009168036789225755,0.16679649249814157
10115,0.00014562582656858309,0.03210683989375556,0.00046106317688917675,0.00011276969765723551,0.9903263042839997,0.0016415860341779584,3.5705508916714964e-06,0.018762916469193452,0.008877422218529621
10116,0.0022026486924522047,4.108504660016995e-06,4.328755249373828e-06,0.0044685857414380045,0.0005928688831021632,0.9990666468300498,0.0006192235072236769,0.0008593866086229615,0.001141825684003183
10117,0.029715840355139314,0.007833932249395825,0.020720624218759035,6.284963307118897e-05,3.7777535593264037e-07,3.1662089935846696e-05,0.9985202123551313,0.012158310132640652,0.005762426702113188
10118,0.02674597553891311,0.0004658586803756872,0.00045654875817687825,1.966469902817943e-06,0.0024372520241289926,0.027122513047349722,0.0005538330849482892,0.007366831410422336,0.9741983502068745
10119,2.6368941735665626e-06,0.0015391474099529048,0.34039288441150845,0.9385237934019344,1.0612329186851715e-05,0.007072679091990811,0.0050283214115473705,3.499581164462562e-06,0.000611682730706435
10120,0.20876644914548476,0.00031575598785602677,1.251445898438619e-05,1.6488953895814302e-06,0.0026057130236896405,0.012378521177229039,0.011570117637804514,0.7849287251101358,0.03732006559705535
10121,0.001750928303640819,0.008615536310408829,0.00012830818661309365,0.003932903673185043,2.3506837820938636e-06,0.08107480215908675,0.7675843930630799,9.360389330275329e-05,0.0006179018322888766
10122,2.3118373629906038e-05,0.7586550753693118,0.25896028582695885,0.014144608400519605,0.0008060048726153183,1.2773987651520697e-05,0.02556034360126779,0.000644421926801762,0.00013618278213972882
10123,5.992035777022933e-06,0.3565988154998567,0.5668965760726253,0.11159670258232122,4.932070256282204e-05,1.6440426099108795e-05,0.009291256780735793,0.00025244613990032947,0.0006521585307008272
10124,0.003139837627457811,1.1984508358655458e-05,5.468357940457542e-06,0.001131337233849514,0.0007113284802151984,0.9927573567384382,0.0016066623306415502,0.007182923873596951,0.0005783178077053852
10125,0.0030309580204755933,2.9021579957310026e-05,2.737983700713869e-07,0.002744255949788572,0.0009329553674033771,0.9985488319479344,0.0008083939558386681,0.0014133920433166435,0.0017936510833584296
10126,0.001619934910249154,2.2409470698301105e-06,3.524364034623349e-06,0.009281450006466524,0.0003963452322212913,0.9985781703346713,0.0005701738114588256,0.0022524984107138227,0.0002352234887574773
10127,3.2265911175663284e-06,0.07719653788480466,0.804573674441221,0.009888698104727908,0.024069709637457706,3.1161280275213456e-06,0.008641921149394893,0.01262238752531794,4.587954941525024e-05
10128,4.087642406935506e-05,0.6487044954913035,0.3355526156357034,0.0007034465101030799,0.005566599645186614,1.2731680430325937e-05,0.012502977752676605,0.0014783146890557492,0.001261577643016398
10129,1.8719485820864076e-06,0.255090519144048,0.5982919668571494,0.011653251871976949,0.01883952859857186,2.459071051500143e-06,0.006248930882688654,0.013271704997682265,4.981784370529321e-05
10130,0.0009356775894572989,3.4053800317224307e-06,8.843985095682184e-06,0.0036620838136072037,0.0005766741512070568,0.9982794885421578,0.0004308315228583131,0.0005003324685829766,0.004119367716598795
10131,0.025356111109341502,0.0012580045584348954,0.0010792945795091654,1.4661755995204517e-06,0.006405822055273758,0.01268890572006857,0.0003738895124460492,0.0056393267913100315,0.9837734584698261
10132,0.03223333601826516,1.3144081530755532e-05,0.0005455214537269156,1.0396984668714091e-07,0.0016324090088851487,0.007536081652371387,0.003420058118650558,0.9070294028039008,0.16422395088023098
10133,0.004279147216279431,0.0453046028710704,0.011098168366277696,1.6877551889996805e-05,8.059599770402026e-06,0.0006393206211445454,0.9962931299026793,0.004045607775061593,0.00019865707807775464
10134,0.0008893303893228841,0.22644404346977218,0.011971301663171157,0.00017842987251250774,1.3933952376487356e-05,0.00034011074625214495,0.8848534457320656,0.005464567072866268,4.4398125112818696e-05
10135,1.764703347167174e-06,0.8625890507172206,0.140664040349777,0.00808867281418452,0.001049597953934942,8.685693629792332e-06,0.002454986417695881,0.000933664022995919,0.0013175120825566447
10136,5.9227512634559565e-05,0.5369422864470386,0.2502748930653738,0.012974733040925062,0.008708553119380232,1.5320699280029575e-05,0.016964546927196213,0.0003524287671862999,0.00015518130842874267
10137,2.284629168766944e-05,0.5738457932403929,0.3425081604422041,0.03858141335285918,0.0018460046699747955,6.9009714674867335e-06,0.01670327732334546,0.0004946676462726586,0.0001258819893999966
10138,0.013155030054210762,0.0017629962226534425,0.008810834218033326,5.174780589753814e-06,0.00914583981091999,0.009035133015553004,6.817369474184858e-05,0.0013673350431869073,0.9890452923495304
10139,0.1018120354278601,0.000782527443688923,0.0037671810733803093,4.967691178670419e-06,0.005625604310342813,0.008281774614685645,0.00022688315107211444,0.0011264575500909244,0.9078539475408347
10140,9.28234497368924e-06,0.7230066712437857,0.31168050922482643,0.003635531549569361,0.007158942724699345,1.4963124369858622e-05,0.01328505146035007,0.005624272917102709,9.2163554615721e-05
10141,8.334639575727776e-06,0.9958139069638102,0.007274890454146675,0.004503539714464415,0.002359406990297515,4.0162577281785565e-05,0.0012249170010630451,0.00029628965091180415,0.0015241020133869888
10142,4.111420503754065e-06,0.9235046297562621,0.07191638427525375,0.022346618367897725,0.0006370948563274853,1.5101383101655544e-05,0.0018209221542679942,0.0003731671521362912,0.0010146958133111844
10143,3.922123544431241e-06,0.32009493104679526,0.5196322615627074,0.20456893916906543,0.00023007242490549835,9.084403349712323e-06,0.0022532539637449864,0.0009254687803008714,0.00019235548165018234
10144,0.0017608697038931146,1.291656445988841e-07,0.00015151990277328286,0.00834921229917776,0.00012250425556971668,0.997087708216129,0.0029412404424489524,0.0030695844303457063,0.00021224284096486067
10145,0.00020866576152706251,0.9924986055863593,0.0017018993544140296,0.02755577898533315,0.00018341613105455926,9.710676147891855e-06,0.002455011330895703,0.00020357239429291235,0.03226429827500998
10146,0.0010326134212030047,0.7582179926419008,0.014558196543750694,0.0016181535979719456,0.0015497118283351137,0.003392500293814617,0.004443060473600622,2.1995670536421908e-05,0.10886071333329411
10147,2.987913403662365e-06,0.02664200927102676,0.9803343849688398,0.014312365732743606,8.409094399605619e-05,4.59253225474336e-06,0.01457661722325439,0.0005016247525285953,0.0007926642311731359
10148,0.00012402892181318485,0.0360938772081798,0.0023307606547246697,0.001213646870993342,0.1361300672299655,0.029699750745828004,4.438505804515505e-05,0.00029101448922211597,0.047559081132533064
10149,3.052784523203238e-05,0.21790134190185864,0.5444141432432561,0.06371193971860566,3.907212173968716e-05,0.00016404920123188623,0.012925296987226111,9.131657483236901e-06,0.022489862385861887
10150,3.337002442585694e-05,0.9699469339237371,0.03488314017201476,0.0017379094023766183,0.0072007774841159455,1.1374165844519305e-05,0.005885059923423383,0.0026628384581509944,0.0002749832825763498
10151,0.0003468576733303465,0.0006056758016362208,0.005617581206194063,3.1561113215848186e-07,0.0036962654656035225,2.4362544331798194e-05,0.006438019834055079,0.9766910562178113,0.024447751923453914
10152,0.0020129816064506736,3.3468910214614205e-07,1.5177969635022311e-05,0.019627648981662825,0.000575545550553109,0.9975201963686328,0.0005029013389038123,0.003756053192928927,0.00010513933686637121
10153,4.976030901393893e-06,0.8155258983734924,0.1749445359477474,0.04599739684419006,0.0003434037819741551,1.2203037665570085e-05,0.001711235922541281,0.00019770820917389562,0.0018013954943636055
10154,0.10549977262344977,0.0034229463134758044,0.0013690163940282903,2.7993218903420353e-06,9.154726703174014e-05,6.714490485216232e-05,0.6879730562306394,0.4598016402773758,0.003667173898089002
10155,4.3548417952939914e-05,0.6155139564316079,0.2740261293433646,0.028823622783666184,0.0033826129520559112,9.086133388968202e-06,0.016545124914965605,0.0004919541991041925,0.00010207476984361718
10156,0.08221584799116123,0.03527279017374276,1.7213935927883733e-07,1.2424599612327878e-05,0.00433734407520597,0.03200702475882432,0.0004958902326203272,0.9001245771650903,0.0019233521303993627
10157,0.02695593348217654,0.14382281298258254,0.0003961200774722866,0.00016910666959972832,0.010145687288339105,0.005122900444902736,0.0005098758255645666,0.0005098415610867804,0.8834540799809386
10158,0.00015161720862474424,0.7504226680897486,0.12705795610853854,0.035543213438552,6.296801637400068e-05,3.466621732949471e-05,0.006257947464190838,4.660799850456048e-05,0.017424432581430584
10159,1.2958746093500634e-05,0.47729995548871035,0.37102647633740327,0.13983133871893205,0.0004909013624277811,7.1165023709328165e-06,0.004332939401503268,0.0004642904999904538,0.00035432090996697995
10160,1.0835493063778622e-05,0.056738412809579614,0.9219623255213174,0.14326950760302923,0.0002612426047886512,6.682535756834444e-06,0.009186769962900404,0.00031680214948412666,0.0002462548728926295
10161,1.562483065169373e-06,0.021180890955567945,0.9784052701843827,0.02298194793579894,5.4961572903323974e-05,4.516558110469024e-06,0.005660486174090185,0.0006269476593657924,0.0007369730626373772
10162,0.3350428833849378,0.0005324389577772379,0.0008741125904569715,8.926434312068819e-07,0.0035593554401692675,0.013935059440387946,0.0007056195058284834,0.0029548529252926095,0.6934086732669723
10163,1.258540907058632e-05,0.7283903463373295,0.14180231895426743,0.0427091582953011,0.003968360101967857,5.2377648641659216e-06,0.005707471844952218,0.0017199803487754934,0.00010355843800627987
10164,0.03433481271675076,0.0027854431407680447,0.0068755307987518844,5.319077924675654e-06,0.009605372736815252,0.00542945557984241,6.690283917511524e-05,0.0005388350004513595,0.9864358542289748
10165,0.0404838094193545,0.00031473050488182097,7.830046254326871e-05,1.8163883559292017e-05,0.0012866993979420611,0.09823041265790064,0.007543856428199569,0.3722186880254704,0.001717687094142288
10166,7.643494403550793e-06,0.9982752261955699,0.002976910449541926,0.0038913869049768163,0.006048260961450022,3.3209297864024177e-05,0.00230187587093409,0.0007087713186981175,0.0006886380000929015
10167,8.534881162962651e-05,0.8304966614687385,0.2380090805254021,0.023706651441952577,0.00021664375667762738,0.00012942152277649343,0.006718688530028456,9.176723051714407e-06,0.01015266764899494
10168,1.000034419867205e-05,0.4094323532931964,0.3771292711706893,0.0015739793045238348,0.004180601565214379,7.834069665492789e-06,0.07617426704995328,0.007272851771513452,0.00010770629931343465
10169,2.115146970630703e-06,0.3537042666791171,0.5391251120108509,0.007521243550808091,0.013040714387158451,3.410192024729002e-06,0.009492000067610496,0.009033025595758509,7.176658863292309e-05
10170,3.207994346644043e-06,0.4785931372184512,0.5949408561823767,0.013222303470162143,0.00018065350221320073,6.871034880981558e-06,0.0016800333949937734,0.00035891760399281496,0.0052881899110928145
10171,0.00014548194575769583,0.9673843229652106,0.018043275711026555,0.017935701505426213,0.005204771836452245,1.4389775769004793e-05,0.013461957482935836,0.0001513448636400639,0.0010490167236034131
10172,0.03579076069080462,8.068849417461597e-05,9.638992562605275e-05,1.14907211763551e-06,0.01225085001247182,0.0027846658359705016,0.0035916109760071287,0.9865040204065058,0.0018049111533884278
10173,0.005067396478359094,0.006058443915482736,0.012704568470147594,0.00016072047424708867,4.0334820894655475e-07,0.0005103100938099472,0.9946213343988394,0.0030905728337950475,0.001616068510389865
10174,2.9526273356732234e-05,0.0019991458649601364,0.0031597646217718495,0.0003849525584192918,0.9931565357961312,0.0026206298275522405,4.346355296175734e-06,0.033354363076836216,0.003107130358227997
10175,0.0013859154336640443,5.302248072060831e-06,1.7401193229291577e-06,0.007364616864684567,0.0005556586174822383,0.9988654396570974,0.00036007852043951603,0.0006503964252682239,0.0014402744525811187
10176,1.3844084964406153e-05,0.8089594699399911,0.18617082631994733,0.0010084727619650146,0.012319266079917422,8.354401169287075e-06,0.007702281968362385,0.0043797442302250765,0.00024328128796926023
10177,0.016647491328482228,1.9179240562534892e-05,0.0006088754828837882,2.331423006204111e-07,0.002457413260414638,0.0017787799863519622,0.0029957415803605267,0.9850955502991973,0.013914003049697745
10178,0.00017974233812749629,0.7000412381280857,0.3076847462960467,0.0020514041193814164,0.0006538584139861653,4.717912099328094e-05,0.1202273163347258,0.00029282748344293326,0.0032508592458019353
10179,4.9267936461752464e-05,0.04776761811223397,0.004444374911928094,0.0002899352256131772,0.9689193429100067,0.000232400158838958,2.1215369420311347e-05,0.014206922597349486,0.0028495605087403824
10180,9.471644176533994e-06,0.8662630477622094,0.1357155517083299,0.020751654974841882,0.0012527637571370927,1.1806122134150155e-05,0.0018274732251815932,0.0002128656036274664,0.001598201864400067
10181,0.00039104010073950815,5.525490539813321e-06,0.00019957539081940468,0.040764183263379224,0.0008765820366021375,0.9920963686141939,0.00019258056615159772,0.00013673216680671596,0.002664797251476237
10182,0.002166767301259186,4.560452044557836e-06,3.7154216677818313e-06,0.004340210300833858,0.0006266068673347328,0.9991110603583716,0.0006064949632612695,0.0007827538526085974,0.0012558030712701944
10183,1.4646519679265492e-05,0.10576216369898282,0.5310152648628707,2.8257373409657444e-05,0.02517024962192479,0.0001293738890326752,0.004438471367921649,0.001906166050314825,0.010898960702647264
10184,0.2722068721491978,0.01943191135844331,8.095761031235071e-07,5.49233522501759e-07,0.036227349496198054,0.07127873185358032,0.0033217922241761356,0.3366567774898499,0.1099232633945496
10185,0.00031850470904708824,0.9141533950356103,0.007768433985546751,0.05768699965041405,9.023661716101151e-05,1.2289727395024814e-05,0.002851639700370943,0.00021874685404442217,0.019964239725139853
10186,0.0016175413388590462,1.854603148523376e-07,2.9691314705676064e-05,0.017000229874455968,0.0002485861374473979,0.9969570112864932,0.0010104063514628347,0.003861730557061301,0.00019251536438685585
10187,5.431398611829849e-05,0.1582840451992108,0.7904251265897603,0.021136474377082742,1.7534832152369282e-05,0.0003385151322603857,0.0735873423484192,3.146948801103615e-06,0.037240661814880054
10188,0.0012007891285802476,3.5276170088447063e-06,2.3453777575597284e-06,0.0062484352186499385,0.00013303652321113442,0.993396598089353,0.003070628940978434,0.0014590608423391594,0.0023773194997742508
10189,1.501982426703606e-06,0.016491370767854164,0.0938526064892666,0.9143906596589806,3.610264977466513e-05,0.0008163513141881733,0.004667244008543084,1.9764355119325367e-05,0.0001665815057254275
10190,0.007299714522581858,2.067145966880802e-06,3.1169045803229464e-06,0.004078869181225729,0.0003450961110553238,0.9884100593706016,0.008108843982423997,0.017725158208330403,0.0007311962499431603
10191,0.02544474766054946,0.0009422703829973151,0.0009805546516725304,2.980222772694271e-06,0.004227100840550927,0.02004633059825385,0.00021968287717123207,0.0033318395942909095,0.9808587141734282
10192,0.0017203647497895564,5.449816021814459e-07,2.696602133880563e-05,0.007975705594560819,0.00030559608272337675,0.9987519218739294,0.0009336420837222451,0.001446726699208526,0.0004031492895128477
10193,7.277662700143487e-05,0.12959895979607156,0.0018852250960391934,0.00013911910525372462,0.9618975699614762,0.0003611348812235169,1.9534723196781547e-05,0.013447977743721586,0.004098404712627639
10194,0.8213249384131127,0.08430338388803307,3.3544105354993124e-05,6.829074890407907e-07,0.0016286776238700613,0.00023696754649892845,0.37677277731546477,0.02838423638791108,0.0015027217335587119
10195,5.322980908629038e-05,0.9676699019918159,0.0019537911730444194,0.14348773293897016,0.00020185037996133334,0.0002381022656155748,0.0010141804417211548,2.1629123404840375e-05,0.01290281983073005
10196,0.004166591816677363,0.0032131985252933054,1.3528227551362249e-05,1.0064222882018996e-06,0.03149918060786315,0.0019953057084149766,0.004274952326523943,0.9918590609935837,0.0006148412324511579
10197,9.391919290346888e-05,0.022846320662599867,0.014280007228948332,3.0088076229292407e-05,0.0002757238739292959,0.00035566172819419126,0.5822018637728723,0.3791010526169266,9.233528478871444e-06
10198,0.016420041510822075,6.420402046570596e-05,4.881369736232069e-05,1.1183964251160115e-06,0.010332269117668992,0.0013685928949254131,0.008410150819031166,0.9901204192700546,0.006708230631858682
10199,0.006218021114679229,1.8592504952860254e-07,3.718060090564399e-05,0.005519025909740093,0.0001819834956693287,0.9586118792146284,0.006321983122234445,0.020581959734591607,0.009171133948648493
10200,0.0015780904524821879,2.1558259611648743e-05,0.00039021398769306046,2.345442328609181e-07,0.01649964054018062,0.0007435564108141888,0.0007976934392998591,0.9994212667646528,0.0017523703559960252
10201,0.00020254460945423033,7.289363636591799e-05,0.7320992673885452,0.031007645922016523,2.911677036346277e-05,0.008437538372691497,0.06012086230313383,5.4051392603683994e-05,0.0035107471212525603
10202,0.0006568926781739126,0.00016346436293132146,2.3628732686842073e-05,0.026387810722183686,0.00025295006284589396,0.9759820839467026,0.002193172177492461,0.00015885706382364292,0.0005266986039773776
10203,4.024892301507518e-06,0.9379783208329178,0.10625198757746462,0.0016312163442841585,0.004557488938422246,9.623781408524223e-06,0.004011507781181529,0.001382012653411728,0.0008026597788357069
10204,2.2110698929334073e-05,0.8784627606328085,0.08147517241675276,0.09073435017358182,0.0014226186430841034,1.0495194868651279e-05,0.003888260485027148,0.0003479186905782062,0.00020521486192607416
10205,6.429329488413519e-06,0.104342209437011,0.8741889867932722,0.0009339848568727199,0.002356703528525627,1.7157990759040942e-05,0.12105336364012793,0.001768514383609039,0.000630286491516506
10206,0.0009130638356220347,1.6995316225793659e-07,4.472625626177542e-05,0.021420913416499814,0.00011821384885269216,0.9968120406891405,0.0009502764264437989,0.002893025271757646,0.0001617897238414447
10207,8.064134945868942e-06,0.08106975967054765,0.8564786618519853,0.17251561959408532,0.00017101826654735715,4.019296510807215e-06,0.01077447345548406,0.0003759451861293771,0.0003252358656133384
10208,1.743653364891035e-05,0.8720268345389903,0.1637207164501311,0.0019349465087275303,0.004435768698706046,1.5815886146229444e-05,0.009309656725030693,0.0019930726916657575,0.0002929164939874817
10209,0.011832385309761679,0.0010120542987451064,0.01473332585307545,3.9887299722668504e-06,0.010753788892320038,0.005286962496522494,0.00014400495678314003,0.0008963750519819921,0.9973825205262055
10210,0.009650295820975749,0.21593368026139168,0.0016847574036075953,0.00017365833306851307,0.0009975585020570719,0.0013483162026007576,0.005089103628189103,0.00017282546233039924,0.9455275138877919
10211,1.8400131638335998e-05,0.35529840784842154,0.46932594481562606,0.06624603003345574,0.0003556783484486581,8.780330212699523e-06,0.021343724207906145,0.000189402034178255,0.0004358551193220735
10212,0.0021951011062040634,0.0001959083907023623,0.00107120055838174,0.0003621556535258517,9.874291319455418e-06,0.028131120837311098,0.7415489828275479,0.03947487249069373,0.0008845467191598847
10213,2.26718055930244e-05,0.3035733316011155,0.5513299586879065,0.0006626092923445829,0.0055613600334511095,1.59284709432099e-05,0.026295805555467146,0.003835315440006037,0.0011292908580954918
10214,0.800572451302096,0.00029684924617267525,4.36510689415881e-05,2.9655868493886434e-06,0.0003010008381294405,0.037478632180792185,0.07699120287630098,0.06994843366228386,0.016942744112194548
10215,7.591533126220947e-05,0.9058933852531268,0.03347589368478257,0.053735248494400714,0.00020178009968993053,0.000175899091855422,0.002077936843126933,1.2919516950014311e-05,0.01527621690380029
10216,0.002181815772245161,1.520515843387443e-06,1.1636327553588558e-05,0.00604959015540829,0.0004179111292698802,0.9977673400475102,0.0007985244894595539,0.0027384951700743826,0.0005919566781515292
10217,0.01595942204444625,1.962412334554191e-05,7.00525574603985e-05,4.474597335011748e-06,0.02199239170903786,0.000363017527959524,0.0032484272252725033,0.9928256334875916,0.0033321764020578628
10218,9.917821685623138e-06,0.9303480978808301,0.021070601627118983,0.16845813406853352,0.00020763917669839511,8.01591543013582e-05,0.0017265427811725606,5.0856367813104425e-05,0.002908713614916849
10219,0.2955522976709731,0.0026603580540190035,1.7830636006964104e-06,8.030012192006359e-06,0.003389073553124116,0.003291533165171853,0.003924777922969209,0.8555774223741036,0.004904153581854264
10220,0.004842889212044357,6.220838537395517e-05,9.49801515619231e-05,0.0001505232277487522,0.001059873909717291,0.9745891579679312,0.0015056199099283275,0.0016331102064937335,0.00683632846791054
10221,0.01644526525762565,7.864992612862239e-06,0.0014286293580696508,1.7290639308077073e-07,0.005581985742223826,0.001611286061982039,0.03440231359871583,0.9851294148211667,0.016226281131055103
10222,0.002036084438889639,1.4125950126464967e-07,0.00014603305141710335,0.011400592036652463,0.00022883635822196623,0.9975143690840063,0.0016491638918079015,0.0018665446001916405,0.0002904673667789536
10223,0.12835590194828003,0.000284749740277145,2.567967733955269e-05,1.6831551215016326e-06,0.029487821777917627,0.0005802478329451687,0.002854928060974224,0.9833718062129208,0.00018580700784678604
10224,6.473653437600492e-05,0.5496709639902121,0.02481137464608289,0.0002466044738661596,0.0012973277380794784,2.8082386458903734e-05,0.176072545194943,0.0754082866851644,5.7246564186851074e-05
10225,0.0021546323472774872,4.6854173707672137e-07,4.8230950328689674e-05,0.005595671300632836,0.0003354561004189363,0.9978977134436746,0.0012284610186758744,0.001999874466785805,0.0005869553407992503
10226,0.0020668474438716128,1.6116079269737024e-06,3.0886840253881754e-06,0.008659245055586065,0.0002437100500285504,0.9966505153245302,0.0009644275487985508,0.005091483434777243,0.0009438679743898931
10227,0.002151039513627488,3.191654973978196e-06,4.69147976110283e-06,0.00466815431140034,0.00043143115493435714,0.9987119345581448,0.0011166374618328094,0.0006341704519486325,0.0014485803389747455
10228,0.10353971951261987,2.838430139875188e-05,9.577431591970181e-05,9.755603740769795e-07,0.0024203665926261805,0.005712435987732159,0.027365878558138573,0.8634438424212442,0.05368595784146042
10229,0.008864486846642419,2.3136790246244283e-05,0.0003924699564508472,2.8476059245108977e-07,0.015524228918417881,0.0066421684307824075,0.008970955085884023,0.9871010841487261,0.0028782935765944086
10230,4.550523778785178e-06,0.42936450003036125,0.481191522543854,0.017667923263196297,0.0053382307999457965,3.5409521409854314e-06,0.011761889615026147,0.00461728656018374,5.670878216400685e-05
10231,0.002617232158564636,4.7385778663982e-06,7.552990885860591e-06,0.002984188392861951,0.0004690690710763479,0.9984398098708609,0.0013614358686664112,0.0008877852006341617,0.0011488974616220527
10232,0.0011697424108865731,1.0002326817316648e-06,6.387586983656627e-06,0.010756254823976703,0.00024442207056279747,0.9983655934033189,0.0005390103335436807,0.0021372000496913666,0.0004547611040382986
10233,1.3595033152194331e-06,0.3417425713914895,0.4232826787279604,0.033022399361813656,0.00012625096189445694,2.2632131449072296e-05,0.001059192522012719,0.00019377500547732257,0.0029701554097800787
10234,9.707951353636059e-06,0.3824276833684816,0.6283785978059664,0.0012165197802752493,0.00047774982717612986,0.00014635622457326568,0.014516911567483928,0.0002046425133637721,0.010496970293837673
10235,1.6757483934742003e-05,0.716487575547898,0.30283609255214733,0.0006942729487178387,0.013096190329192597,4.803877846399901e-06,0.010371985900820493,0.005543994090784432,0.0003596735168226481
10236,0.0025806991138581895,1.889859935964663e-05,2.078716983429678e-06,0.002795487974170625,0.0003996460429658833,0.9962012453935053,0.0022260979821054766,0.0013666777084529226,0.001136275310301743
10237,1.0528607740925796e-05,0.8647411955535835,0.10506197510304782,0.08307320097669156,0.001071879066078176,1.2170202108810343e-05,0.0029530448938240375,0.0005599872423058981,0.00013229489269509867
10238,0.0013694805099623121,4.5057607596217136e-07,5.4397598016633013e-05,0.00798110397947469,0.00013593582069735006,0.9978731629336393,0.002608395591614091,0.0016074382941731731,0.00029613023461651114
10239,1.017650151028513e-05,0.15678516456578137,0.4854605654668482,0.3940839091865887,0.00017430576207484947,7.846251065569477e-06,0.0017046800447717682,0.0003133853010555385,0.00041220440902503205
10240,0.0012568187896733044,0.1855452325227721,0.0007006916960299964,0.001996990502382027,0.020308666127706158,0.24743478343316677,0.0001518837867689017,2.9719757772060247e-05,0.056260754875091926
10241,0.0021740887446573508,1.776533564943785e-05,0.011539083998649214,3.0037083674597265e-07,0.0022911689376737382,0.007801407946652297,0.01110627617150374,0.3927581242601452,0.04583330154327707
10242,7.426140793346245e-06,0.35776704199937986,0.5157169885421785,0.20805016363613094,0.00030146802148209735,7.511471372390752e-06,0.0032616841518811244,0.0005121426227123877,0.00016523876869204972
10243,0.8642397683681364,0.004337678952594198,3.314796005295027e-06,7.255538013848438e-07,0.0017547478459233018,0.02987795839058786,0.015066765155887066,0.038839244321667826,0.046041070245853376
10244,1.063081023650352e-06,0.526710996632077,0.35477326633343986,0.004240029964719733,0.02147419896864468,3.362303150039478e-06,0.004026570359811276,0.012806394783949798,9.649707635845453e-05
10245,3.0326176555502383e-05,0.11943818959469554,0.009168790223896285,3.754106570256345e-05,0.0027298332283223624,5.219857789927852e-05,0.2822699249445015,0.5700617107252505,3.915847095671519e-06
10246,2.4376141650383143e-05,0.3703492029440066,0.5528708082822561,0.09888851979608963,0.0011267833675545093,8.013647097027173e-06,0.007906823222951671,0.00043884004919249504,0.00013612349838321646
10247,0.00971732801826987,0.001730124652286581,0.008333423908859596,7.919254081968149e-06,0.008422539882702468,0.005727324206007704,7.019206162930834e-05,0.001651830887710154,0.9919965672578066
10248,0.10654456054348563,1.7669190157700587e-05,0.0007020486703338592,4.360619695462289e-08,0.002923409389743586,0.013126774889412498,0.006368065873473168,0.5658287601979771,0.3060309771217239
10249,1.2913124770511856e-05,0.45143257702008965,0.5550011556408586,0.09052257371004069,4.0653241505710583e-05,7.309081390617325e-05,0.011625596600727085,0.00010940291093663894,0.0007852103478138719
10250,1.8398215927215642e-06,0.840408658977066,0.09015571471068845,0.011117579129472767,0.011116851011848903,4.863766456600914e-06,0.002554896211984643,0.003832551225672879,0.00019767933706229022
10251,0.001367726163195902,1.781665400863283e-07,6.0411103814940824e-05,0.010159502179473518,0.00013207983316866297,0.9973146660592739,0.0022845830961236973,0.0023010155935059987,0.000259994278210256
10252,9.074160328655213e-07,0.907073718067426,0.14299868839654684,0.0006769062019155451,0.010530330430999123,7.137819555260659e-06,0.002580136063903324,0.004824249150101239,0.000895840457600425
10253,1.1362312570048438e-05,0.6832938692979803,0.21270244990775616,0.06069777417313581,0.0008238972808064519,7.434683398219912e-06,0.0070924049487816505,0.0004843038850815516,0.00015370431668056776
10254,0.0011009563292229388,0.06389630568349303,0.0009627084966332187,0.0002132974575872459,0.06471109370294625,0.022130326739831105,0.00018370017624109793,0.0017301515825398144,0.3693453344849912
10255,0.00016303536688536016,0.993133201317383,0.003993037913070878,0.014076711100991809,0.0001637035642512559,8.789184118397967e-05,0.0024083381094573784,2.0857940142760476e-05,0.0656636140820577
10256,0.0010484044366335771,1.147396744736518e-05,0.0010229721732432186,1.2140866156965003e-07,0.015088577935858312,0.001052176167745952,0.0008148831941594668,0.9990612583605709,0.0015004223643482642
10257,1.1671026265160154e-05,0.3392821007312336,0.3968431977258266,0.09577658936774334,0.0002470133643160699,2.246386144800494e-05,0.007158490420551177,0.000126056174563462,0.0007871155677326109
10258,0.0018393259216717634,0.0002543800440752813,2.282349670962248e-06,0.0006246267850043413,0.002795790168012474,0.9807997410050915,0.00025526423474315596,0.010961545858453398,0.0005060123276596744
10259,7.0456959334396665e-06,0.934178609605548,0.028445151978628524,0.03839354446437883,0.0001837949946470837,9.602907577237803e-05,0.005268198584286466,0.00011353840324385315,0.0013973264811246479
10260,5.131579794509909e-05,0.4993186574611491,0.4122460283617808,4.8006316826212544e-05,0.00886154846974915,1.9755079339673333e-05,0.009508367360691737,0.0005865555388925416,0.011348401712117932
10261,3.0073676964341028e-05,0.004710882568795085,0.8641479281901426,5.723564865328241e-06,0.000325732641740147,1.3155748489858472e-05,0.023985904049835114,0.025284664646005442,0.0032081320710833634
10262,1.1582844242862526e-05,0.30669129281905194,0.3523455338497899,0.11545466111070325,5.084333145801184e-05,3.540067656047174e-05,0.00471129047238625,0.00010459643914747584,0.001773521624154107
10263,3.073775201512457e-05,0.008945194751666172,0.005019779330285982,0.00041834691586625723,0.9843025507147903,0.0006729735427971787,1.2398514903670791e-05,0.021384475026059932,0.002720469864906624
10264,0.01072075110544989,1.127489301387262e-06,0.001725626571941854,2.618787652364773e-05,0.0002467840817670414,0.4573786426749463,0.1461772644206475,0.11989166254093407,0.003654243637682366
10265,0.0020141365762639265,5.645692273510618e-06,2.5257840267413435e-06,0.00573542304336413,0.0006949433999599787,0.9987065407027219,0.0003831739626221748,0.002099537993577242,0.0007196728624984471
10266,0.019657771537063932,0.00012001146398258354,0.0020813039011867277,6.942422567078247e-05,0.0026594862026485338,0.025306625779441778,0.00531347926626094,0.011999600355082757,0.39016023969469643
10267,0.1366086054621986,9.188224354230707e-05,4.584340100055044e-05,9.067504990504113e-07,0.0038318570282612255,0.014848395130567786,0.009107447834894714,0.8814884667338974,0.035912163585812173
10268,0.008235521249290735,1.7777904667269238e-05,3.9593419030071997e-07,0.001924741241595693,0.0006611820140574513,0.9938521499164779,0.0033148352636469974,0.0034699034803506493,0.009100177340797868
10269,2.5724121219936347e-05,0.5374943186004291,0.03277896658826136,0.37008074394935236,6.849844269492452e-05,9.519002866061018e-05,0.001900886724997539,4.4845544468644014e-05,0.0011054985421889633
10270,0.002289057309993238,4.220780187766037e-06,2.8777682393928343e-06,0.005772254732036721,0.0009883133791039514,0.9988136987523781,0.0003663225484109414,0.0012682468081008853,0.0009641184831948157
10271,0.0035885826367599337,8.970062738279048e-07,5.099003444095537e-06,0.009227850517638445,0.0003156097497778842,0.9938033889230006,0.0010605931579584487,0.011240348493371546,0.0015495206304685838
10272,8.900813976656708e-05,0.45345347841861394,0.08033584189056214,0.012424759746430692,0.002318395455129611,3.2732500468346904e-05,0.02877929819517305,0.0006268970763536032,0.00011088411961770125
10273,0.4315991696631555,0.01154156701203751,0.0032565476270309504,3.247116427260451e-05,0.0005238168552117243,0.000383661529964692,0.05536792830958022,0.0003385232502640028,0.4451546313556566
10274,3.848061832758414e-06,0.9972185724230717,0.0025457623326347735,0.004825647629032584,0.0064337486349709296,2.738459701982668e-05,0.0019380059381990133,0.0007549408498059895,0.000761337317159604
10275,0.017633155587719156,2.7421870544423236e-06,0.004663043104748229,1.3492109586122497e-06,0.0003556028160259508,0.014248688675496635,0.013434398609288124,0.7717438266697328,0.016768364591677437
10276,2.1503092300520634e-05,0.0421704180237677,0.9013918348173423,0.07304728139125459,1.0834541526143897e-05,0.00010508202361790732,0.07583020481872024,1.5778598625951618e-05,0.006215728595774125
10277,0.0020702774212086506,1.1738092045072154e-06,8.0784462541698e-05,0.0033094282638061203,0.00012480589054916913,0.9935469718225652,0.00535545276289373,0.0025700682680054737,0.00046122541033554533
10278,0.018626433543408767,1.0536152480361129e-05,0.000450903693135112,1.422735892078856e-07,0.009431416291370617,0.005221494599778337,0.013257411255487763,0.9831503082649409,0.023873562724426697
10279,6.491978657805054e-05,0.316002007706282,0.6860064813194388,0.0008736965567699857,0.0012767418919911709,6.315966336644536e-06,0.01596937153880333,0.000954594132233765,0.005253398085371325
10280,0.010051020471496372,6.594305880180551e-07,0.0003144215386079033,0.0006261132414058831,0.00015695584242584712,0.937002858084535,0.014352284372587404,0.018239725583582694,0.001791866405166227
10281,6.8141695683843374e-06,0.024475484736749126,0.9717398946583894,0.040369548135666566,0.00013160641341372143,3.896038305078015e-06,0.009486016073252999,0.0006156718064944838,0.0006875055557282618
10282,0.001548685108995768,2.7883685022862515e-06,5.4686534603193534e-06,0.005401218127241592,0.0002863487671154822,0.9987407769712449,0.0010269550107028511,0.0010125268112351983,0.0009543241441175313
10283,0.00046971763960730503,0.0012090584597649733,8.882142733232261e-05,0.046786454802424104,8.674766414604615e-06,0.3087063036606138,0.30724556615703374,0.0002759161029608483,1.994975702044696e-05
10284,0.0014503727785231321,0.0002938251929091678,7.751835469391367e-05,2.578239338647265e-06,0.06826486329343284,0.014733287821092043,0.00031044210231046015,0.9629949594335286,0.00015563309958712679
10285,3.213924537859072e-05,0.9080698391524196,0.05778077433746418,0.05693096030767834,0.0013001212740102101,2.7930557216851784e-05,0.0022777637474401917,0.0002662747225606763,0.0006173713747069785
10286,4.449047375187697e-05,0.5913038986929349,0.20329377651066396,0.061901667228491164,5.013324217673185e-05,0.00026787382052908236,0.01079947594243364,8.288898818868655e-06,0.018001817092963487
10287,0.0028309636299928367,4.454239095040692e-06,1.0163025045699598e-05,0.002345494576828774,0.0007323843089341618,0.998183179331092,0.0008652214623703732,0.0016787118952077845,0.0007418341243189416
10288,0.0012816196592985083,1.0045762311578693e-06,6.308939520231512e-06,0.011487296823565207,0.00029928295823214624,0.9985035861117435,0.0005584063570983476,0.002472204305248592,0.00020064857954889544
10289,2.615354008689569e-05,0.34850352444145116,0.5694360248669345,0.0005531768825035314,0.0032490314228536357,9.840877455898843e-06,0.014155398608848884,0.003627007226482804,0.00190763753206218
10290,0.012805008039784934,0.0019059006033083693,9.413527778072485e-05,0.0002773013851243642,0.0045999053714753995,0.0024734414239644853,0.002335666934145773,0.3674008540885784,0.012047482573255957
10291,0.06513745064178814,0.0003750665700017007,9.176432421303044e-06,2.6249990542922726e-06,0.01460142555405699,0.0020248221070548185,0.00466260845662445,0.9486324212091454,0.009005410164750056
10292,5.791177862782015e-07,0.5240517949101442,0.5254818165803794,0.00015780836772809855,0.017769367233247603,3.9283828827348094e-06,0.003223790437173155,0.008362927085888363,0.0021665282269739293
10293,4.3193944369267314e-05,0.6169586356770265,0.39490292077382355,0.0036540588126485144,0.0018706972881137244,4.411068203743581e-05,0.04449779935600256,0.0006526361798027358,0.0004556246633876026
10294,0.02530160953648608,0.0008909191865269898,0.0008686564074707383,2.1335597616273688e-06,0.0033734962888936413,0.019052721302926404,0.0002952432857232987,0.005462857404243988,0.9787496167341466
10295,0.9730190440195963,0.05128480854775131,9.321234020812658e-06,1.4178298156070258e-06,0.00020336819117283353,0.0019875656855601097,0.2761518921228277,0.0029130372004400264,0.012129577004743855
10296,7.175719945997194e-06,0.8518822028632113,0.17087353381973344,0.015603970263460136,0.0006755134023603304,1.6530001931204954e-05,0.0017872641981372466,0.000191890564336164,0.002410401600413148
10297,1.940920348240077e-05,0.8812406259601678,0.11798787744364297,0.07113737438208666,0.00013674279300221427,4.70987724102115e-05,0.004925793576940831,5.050934949384768e-05,0.002468532423400728
10298,3.137208905692027e-05,0.9268164173240326,0.00670194854930276,0.00026515448822688544,0.1309973068323985,1.5289772619325325e-05,0.0037779851989029178,0.016590340016493288,0.00016600546114990724
10299,0.00026074624815549297,0.0024633939176185752,0.011832993381087205,1.8168347133330723e-05,0.10197390756627613,4.4925077157496546e-05,0.00013032427753524603,0.3926558085009424,0.436055681382692
10300,1.6051509698685855e-05,0.0870607563875578,0.9227040818707378,0.00040393024049799494,0.004084022282028009,3.842791454034624e-05,0.032671274734891426,0.001279462085752607,0.0022933332053235835
10301,3.0375026161562516e-05,0.0026149812798903537,0.005733213440881783,0.00040890306377634376,0.9875625205274646,0.0014357738423455106,9.212518573754405e-06,0.028974421973414634,0.0025456703573824594
10302,5.91213562615027e-06,0.3480555069672614,0.5321044080793396,0.16108847590281283,0.0003214663024952427,7.95771705332209e-06,0.0025941918829457716,0.000618417329462519,0.000160700888484604
10303,0.0014033973163934254,1.5440300546231492e-07,7.300995741057892e-05,0.012940105792921467,0.00015702381827714348,0.9983053595504041,0.001222837275477206,0.002671984020794616,0.0002168618056226348
10304,0.0004884974987140841,0.998794348149328,0.0008191295297220891,0.007161690305369553,0.0002608832003459411,7.066580815162898e-06,0.0024815619245337453,0.00013984141623253187,0.10624797469346144
10305,0.01711217234405156,0.0013119428070569056,0.005418047044097044,6.264868182051108e-06,0.0058506190616445745,0.011095528737664884,0.00013937460676264628,0.0011798189056230304,0.9866164111011705
10306,0.002124838551463987,6.836062200894874e-07,3.497013076673212e-05,0.00612661285972045,0.00034958367528212746,0.998291656402814,0.0012917321184941735,0.0011813946327960266,0.0005775176288884397
10307,0.017462847200738194,2.2744524502169918e-07,0.000551002025387137,8.459278545195943e-05,0.000660450896137842,0.30679178797758505,0.004055493653382585,0.1065050993884138,0.08054720886647483
10308,0.0008317153144626328,1.1151847837991695e-05,8.433875868945495e-06,0.010406434378793326,0.00016666567785212914,0.995855851185342,0.0015516243379149895,0.00039826778164541127,0.0010852948900955024
10309,0.0006587814604294284,0.0647165211068149,0.00011166338631951448,2.380534053298538e-05,0.9001705214891392,0.02852739384311901,1.0832126338442538e-05,0.00951142119005884,0.0460942061597813
10310,0.0012398137842958659,3.6500391381716366e-07,1.4607679787078625e-05,0.014547764075426454,0.00014285071740506233,0.9971175784080829,0.0008954205061978169,0.0036810433554118026,0.00048615404359657484
10311,0.0035280907233144853,7.108715854421827e-06,6.684707209996616e-07,0.00576409125913351,0.0005294663874161041,0.9963609383484866,0.0009286892602578192,0.004638041434829811,0.001585807236345494
10312,0.004513145888139896,0.00046112595456070517,2.0149135433074867e-05,1.1297334971710624e-07,0.08404958200067897,0.0012274208203774085,0.0023926998322992402,0.9988176333013754,0.0007831369516842543
10313,4.1008586028105374e-05,0.8200121595578745,0.0019344180131123287,0.00019863490503162752,0.6028954282007775,0.00010224676532956293,0.00022049190787010298,0.012301104877750359,0.0011800762078621125
10314,0.4240354810735923,0.00040905286797943266,1.832830211361334e-05,2.113010245375362e-06,0.00898432465024368,0.0012635086410929073,0.007504475788306855,0.8953127761339567,0.0003879086212937183
10315,7.13672109119651e-06,0.7057652841902667,0.31083102682272773,0.0008632927576061813,0.01723639958361778,4.3554192726381075e-06,0.012022838601216057,0.010002369031596462,0.0001351041774451594
10316,0.011805589241354966,0.0024788776358702458,0.004815435580563876,6.84241316066096e-06,0.009013246468462034,0.008851018771497802,5.8770396989270174e-05,0.0007592761485132186,0.9946276450094949
10317,0.0038271642032789172,5.8563622751652466e-05,8.50799019534559e-05,0.00043922638911263244,0.0009859962092949339,0.9762258681878023,0.0016893457731898271,0.0008766003191230211,0.004745892313583768
10318,8.25273907344648e-06,0.38511940601890815,0.5946517024803736,0.0009730762702773239,0.0062478141819996315,1.2623804440188237e-05,0.022800637003399512,0.0034951702197533233,0.0003852806144950561
10319,0.04537679022128689,0.0003706107850082084,3.7278921815607805e-05,1.700590621729034e-06,0.0025227636146897487,0.0040997219341559815,0.014408464221482682,0.9442609670736546,0.00591244209731844
10320,0.0012172757549335413,3.951831781184261e-07,1.4845770834234871e-05,0.013534705335502073,0.00018008354589280559,0.9976842258681352,0.0007829701285244907,0.0029694110298779442,0.00037151368540367286
10321,0.037889810134632655,0.01843270345344378,0.007078118102518145,1.4447262435020207e-05,3.681990889852972e-07,3.549049260445248e-05,0.9986836455078474,0.02012100616423237,0.01807962373647278
10322,0.0015452462353766129,1.3559209744636616e-07,4.6122904371901e-05,0.020473794421736538,0.00018950359789918618,0.997479632706458,0.0006254906875830401,0.005547416618402347,0.00023313887007771555
10323,7.575458695281214e-06,0.8882888359062399,0.06155097486664586,0.07354282933691267,0.0004540261420309115,2.3294138138501164e-05,0.0024367714786392974,0.00023888703148785214,0.0003889238181704682
10324,0.0026593244939177277,5.248076576099759e-05,1.2321669638168847e-05,0.001692933378961704,0.000879438445434564,0.9367254859884061,0.019639190470981435,0.010454098173687521,3.433616389932876e-05
10325,0.001426489317857219,6.367921781855171e-07,1.2406192204086673e-05,0.007983253429680056,0.00023596155719204145,0.9979831830172904,0.001574923194237483,0.003388734819201543,0.00014146768128014468
10326,4.727650118470828e-06,0.5437098060939023,0.2884182658593449,0.20989367221611213,0.00017604835786724787,1.2707809434745161e-05,0.002326985818614661,0.00037905707833196377,0.00028757622439111306
10327,4.027757225099637e-06,0.04861936767438351,0.8773498028284833,0.11125724188893388,5.459104663344978e-05,1.0473261897147945e-05,0.010229799752724058,0.0001795794950096828,0.0008315575538574115
10328,0.001868673629028345,2.0045143282758545e-07,2.2099347647775554e-05,0.010979197665016028,0.00015614909389536204,0.9948588386035011,0.002142149673347375,0.0064019877824999585,0.000577529622050403
10329,0.09206977488467556,0.0003816036842501882,9.394508507132383e-06,2.2722016082502486e-06,0.004444711406151869,0.0032767482728712684,0.008516516928700566,0.9303945711498625,0.012553722103107076
10330,0.007987284426542894,1.7666153142267036e-05,0.0016102326206104648,7.594344064474534e-05,0.0005839698177823338,0.8725316493215752,0.004301437188133495,0.007991718785756871,0.002385111698110577
10331,0.0029468374066551695,6.2207353309772605e-06,1.329084696503198e-05,0.003282189593070015,0.0008923981278612387,0.9975728453190713,0.0010287417978119965,0.00036217974202691606,0.0028564888855253973
10332,0.001615410885363713,2.979419868682126e-07,2.0604498251063026e-05,0.014521126681923157,0.00036189188046226476,0.9976977149444246,0.0009315435232335738,0.0024810637733247098,0.00012713772207279933
10333,2.057580998778084e-05,0.12539901796527156,0.8312439254296828,0.0007976698724366529,0.0019934101631128923,2.8451354512941795e-05,0.08687344989734773,0.0014653748251452585,0.0013772358045916178
10334,3.156002021658149e-06,0.48276283309196494,0.42515342126432987,0.05733387569374025,0.00023750258981148516,1.1892812660307462e-05,0.0016072929428160557,0.00036442684422185,0.0006458915207070054
10335,4.78623113379064e-05,0.002505287609796612,0.006223641149096509,0.00030123497919861515,0.9918407576631494,0.0008815928099152807,6.933040321926157e-06,0.02561497198070982,0.0031960329908759166
10336,0.020576529414081793,0.00202052936930538,3.253976769019214e-06,1.8312696430339907e-07,0.09503598166352166,0.0017769514337224233,0.007785405162845565,0.9970639524096566,0.0010592249095283043
10337,0.028053983605139218,3.360417476424896e-05,0.00012710035627502985,4.388484602044537e-07,0.002729015321709903,0.006873924696281823,0.006753601307525472,0.9642949294030474,0.025829630612667305
10338,0.0019529891891696552,2.9888550153422588e-06,2.1173504804696873e-05,0.00588864357102254,0.000671950823332457,0.9973467780346807,0.0007002453774686179,0.0005546274292976657,0.00201222625047589
10339,0.0018807273811120933,4.6050832545593645e-07,1.5680964419239675e-05,0.00868681944823794,0.00020723049095029716,0.9969277058991897,0.0019669647545986504,0.0035905883423090466,0.0002686986476314826
10340,7.67458370221891e-06,0.020627618039417657,0.21458724558155762,0.7616216458931677,2.4067933579657938e-05,0.0017121649103670168,0.006500008528181796,3.332556018983354e-06,0.0032279801654942187
10341,0.0013699436574324108,1.1450490954974431e-06,0.005742704085116146,9.353488692400354e-08,0.009156209725010684,0.000509226755204616,0.002936468256583918,0.9987093473159789,0.0060070258051416366
10342,8.064633968976128e-06,0.9964288751510818,0.0036865048029126306,0.008574900063224408,0.002631784019794273,2.4713106422484905e-05,0.0038424346108499466,0.0004019835115930109,0.000587637930844775
10343,0.0019374884110160908,1.8045642276080144e-05,0.0004661455116827828,9.555136503789803e-08,0.02379147788480997,0.0005955988544643799,0.0011515472392466392,0.9993966702440145,0.0025347595208464703
10344,0.00019987890790337557,0.01402212154555097,0.0004142275145701887,0.15497249771965496,2.701093331991392e-05,0.05228382168074527,0.03509539647854158,2.394004637073863e-05,0.03435895238215041
10345,0.7993911992956705,0.00018308327605906106,8.662210577357304e-05,4.951672398732757e-07,0.0013264492084853875,0.004395361978313916,0.1251069296858487,0.11452039207172027,0.014729332284389442
10346,0.010768452541829343,0.0018180518682510134,0.007201082360913329,6.69176290749571e-06,0.012764922522582066,0.006495255114330819,7.266575348474673e-05,0.000831090585236323,0.9962893810825174
10347,0.002349373410129173,9.204223111540868e-08,0.00016540998057105669,0.007870781088868505,0.00016206076403394823,0.9971831556706542,0.0033274242943707546,0.002607386365376866,0.0003310577929136321
10348,0.0011887646064170233,3.162631178111019e-07,2.4997747183838786e-05,0.0035298682586625122,0.0003011085047430896,0.9955988385387153,0.0050965213206914375,0.005867019891789342,0.00018858127097431263
10349,0.0021933693958115395,4.965682529367076e-06,7.219706802698852e-06,0.0030951865756509134,0.0003804152523079287,0.9983624716201901,0.0017220301055700068,0.0007955915447620161,0.0011304273158329696
10350,0.0018816532351757151,1.3599840500936123e-07,0.00043115138997777317,0.012492722210441712,0.000595719461042507,0.9902378770674359,0.0008873770345426633,0.001939642363325952,0.0011030162992527398
10351,0.015129205044657349,6.592155312026958e-07,5.491218379545592e-06,0.004984510592088101,0.00020024622992234856,0.7213667824361095,0.005530475109924596,0.10821954689060657,0.009702609299153689
10352,8.904846839021356e-05,0.015597430145565354,0.0007875997400197543,3.282922080843436e-05,0.895900075657082,0.004515116202467884,2.0949964350488938e-05,0.07989082478716611,0.008005706590392023
10353,4.671472624808927e-05,0.007503466407119593,0.0026603084889874626,0.0002933012388087442,0.9905063480149637,0.00090820968206558,6.111652573397066e-06,0.021938326552908317,0.0039054151756479196
10354,2.6526343112394053e-06,0.5961996614390954,0.016473687385687507,0.666934303087633,0.00026723953992427576,0.00012847525664302277,0.0006787137975036321,7.069684870707603e-05,0.0003861151178193477
10355,1.3082071592282254e-05,0.8370229134923666,0.10314833167684544,0.023564988743921524,0.008904524338030831,7.822532116043376e-06,0.003622007223619583,0.0016712445546250517,0.00015366648719260364
10356,0.0263042714728204,0.007734934684163626,0.0003117215081540012,3.364645140340518e-05,0.009397458726938295,0.032649100149556964,0.00027583654594761313,0.002360774494205779,0.9569041868088339
10357,2.2599975431121385e-05,0.9377622251798375,0.11214801055507376,0.015223455985881129,7.225523602882603e-05,0.00016114960012632531,0.008480498489688966,2.079197284737311e-05,0.011712734426386004
10358,0.013772694088975513,0.0016338729122275738,6.9194485645141665e-06,8.774348903801429e-06,0.004449031086847647,0.018126648731782897,0.0011306578248236547,0.9512646133007866,0.0004025507502561903
10359,0.016497510342858065,0.01826033024046309,0.0001247503466548294,0.00021861474959097287,0.011434647960538422,0.09021437760858966,0.00019905436752408928,0.0005498009208681422,0.926438637848722
10360,3.942650708965765e-05,0.4706120872111017,0.10500572816443866,0.13644028319833484,5.15914113494474e-05,0.0012759857738400804,0.00579923361025631,3.324045563322189e-06,0.01759451838071372
10361,2.163465448127797e-05,0.8001452763520667,0.22371245909449722,0.000686981006726765,0.010260104955096357,4.90812148967841e-06,0.0021486127380241243,0.00442749381421406,0.0005222539838781223
10362,0.00755715885636635,0.4330669701626233,0.0026003433191096113,0.00027440748873906284,0.0008689629821194391,0.0006694547948215658,0.005806602439846903,0.00011932478326108805,0.9419653587663318
10363,0.01205052795566517,0.0014085241414752126,0.006821289834871455,5.028387388043077e-06,0.008399722970692134,0.008331065989903044,0.00010745809326835124,0.0012750925686181329,0.9941390090939052
10364,1.723734502962649e-05,0.587062689945914,0.21639398087477885,0.08671561749357493,0.00015638045500919185,4.828425055675814e-06,0.0054490412427735955,0.0010823615245831824,0.002762700690535194
10365,0.007595904283033429,0.0031763280992874498,0.006015137801847142,1.7584258521573296e-05,0.0034428357690917135,0.009478988426188367,0.001028523166463259,0.002958487616011998,0.8901449703502382
10366,0.0064219201719127456,1.507156436337354e-05,0.0009993570822784804,8.245409670204244e-05,0.00033192181629808175,0.8399233669504753,0.006296424794980965,0.0392462680736999,0.00032180778994647414
10367,1.9780337067305176e-05,0.23547176972193112,0.6418480974315341,0.10411615279278684,0.0002046204826579599,6.4538722065437735e-06,0.009876522268385254,0.000522353992359641,0.0006092550227053298
10368,4.850134159569804e-06,0.6037422017217293,0.33885184215411157,0.005435263101640367,0.0119585581164593,1.2829884713608795e-05,0.006322801382540304,0.006599891397569912,6.401393791953673e-05
10369,0.0004137158089054639,9.546853142244678e-07,0.00025252367495327,0.045959434018908965,1.7322752833454414e-05,0.9499771087799638,0.011002630194060753,0.0011280382220670657,0.0001461094744300321
10370,0.0012976238759154575,9.803249761205275e-08,8.56532072801397e-05,0.007485150333250003,0.00010416098369341574,0.9928460468405267,0.005914865308557553,0.006046795648590551,0.0003584828014074043
10371,9.943374701659508e-07,0.9782571073689074,0.016718629723165627,0.0024771040669436376,0.015151271228349352,8.218116749403082e-06,0.0020770660140762495,0.006233704859173878,0.00025170781875736073
10372,5.101807340220381e-05,0.918463929665374,0.08054080927656171,0.031219989626195672,6.319725013143877e-05,4.8864899427191625e-05,0.006977348169559355,3.1075089953360146e-05,0.006874579807013303
10373,0.05659550993750251,0.012330552802617613,0.028803281292122153,1.0884153167008503e-05,2.2602171022103124e-05,2.150917345842169e-05,0.9041711732607126,0.030624487636796708,0.00014970528720760465
10374,0.005373534037697765,0.00032661987259519185,0.01704613990777794,2.8340115285762158e-05,0.027058070963430568,0.0017728755006152436,2.4843767110672926e-05,0.002332018328257576,0.9909972493495108
10375,5.099034885879519e-05,0.4842203664997655,0.3401016759633191,0.006025447375290364,2.108116069162002e-05,5.6687101718135665e-05,0.07151804263353123,0.0002856440162133052,0.0007274382608753124
10376,0.6381412084486516,0.00022697470837803287,0.000645802020411779,2.515321140976238e-07,0.0016213074651602146,0.018873807144036716,0.007059533318186438,0.007591012784963026,0.4460643409030014
10377,0.00010236775706075492,0.9645858881033971,0.06196855178650172,0.010641845696650054,0.00011537113514927638,0.00015035503429038948,0.0063834939435522065,8.809472113975394e-06,0.034307205954520005
10378,0.0019446190435608193,3.4362698165943767e-07,1.648045508999976e-05,0.012905763896868537,0.00045768671245938143,0.997778159757949,0.0008745236584322382,0.002823338718191049,0.00013612226622297554
10379,1.4060556022862773e-06,0.9835550929671247,0.014993378528669164,0.001630783093326665,0.019350456668916594,1.0277939531376448e-05,0.003471184977683213,0.004151462559367403,0.00046998353205563576
10380,0.0004958190565757445,8.082436888861971e-05,8.063115969522584e-05,0.06305540548814957,0.003968910199374944,0.908080539322907,0.00020127426889329496,4.871346457031151e-05,0.23580267227089025
10381,0.0011010496811307232,6.629330165252656e-06,1.6336951614892977e-06,0.0050738049108237145,0.00035658858294230225,0.9986083833064906,0.0007727290570263599,0.0006074219290228118,0.0014693974795734353
10382,3.52389557700762e-06,0.10791010288249749,0.2323577734087809,0.011421279312278104,0.0014197772837772052,9.230367005293841e-06,0.0006796955863985084,0.0022704350786031764,0.014008909440643078
10383,5.184583635608685e-05,0.9959069993198039,0.004484442863097069,0.017097350644055962,0.0009214910083316168,1.8662477446987804e-05,0.0057827247849334025,0.00045742423278544316,0.0028200877456994984
10384,0.0019067589397100543,6.302267238537075e-06,1.2486493335041325e-06,0.006952241936405125,0.00045233693484613764,0.998428354511715,0.0004488985057115263,0.0017587176843972788,0.0011286804085875138
10385,0.036478594842034,0.002928616465843344,1.170573585685004e-06,4.0484680500568114e-05,0.0029330736401642996,0.026045751880699165,0.0011670723215358111,0.9263340500468001,0.0007333687521305243
10386,0.0002486723646243894,0.8463973925567867,0.19316407203335653,0.015010167318739501,0.0001660562419261539,7.338198198741534e-05,0.014389859465304333,1.0426209954717589e-05,0.02262124906757978
10387,5.796815901034764e-06,0.8840561450134004,0.08665114085146933,0.013813263537511779,0.0006503320119479214,1.9754410923833275e-05,0.003743502291239983,0.00019921732046356393,0.0018788915631336998
10388,4.0676947492157176e-05,0.44842472379701326,0.5212837039793891,0.0015461645647998241,0.0014523590293183094,2.449698829597016e-05,0.007446661858658729,0.0005021220040294181,0.002638596677660263
10389,0.008991312853858336,0.0003755402748517716,1.3964654263956857e-05,1.896873944082768e-07,0.10035538107956991,0.0007715854995271859,0.0017171096235113256,0.9988702732298784,0.001305557209831088
10390,6.553675081138158e-05,0.9705209766255513,0.00425046867279999,0.09350643007044096,0.00023524562495335182,0.00013023856914013852,0.0009831006889279717,1.9316474211578726e-05,0.011505890757761874
10391,4.6419907087658765e-06,0.28930477845658253,0.3382474670414803,0.3575697758076012,0.0001759961786353778,1.4625554053535867e-05,0.0022852578970965153,0.00024439777663950123,0.00029543154336899945
10392,0.006040590511909971,0.005841900347238689,0.007927987517754958,0.0001718102571566704,3.87912088339721e-07,0.0004477305447381551,0.9960897704022791,0.0031675859818916683,0.002191018384748888
10393,0.02309362922392328,1.0828597200112118e-06,0.006091811635284184,2.2397234251871065e-07,0.001542635509552067,0.0025534461605836232,0.00889270825463033,0.940270871658852,0.10411095450996602
10394,0.005087537526949429,0.0003435087719190766,6.012797990303687e-05,6.310838977381089e-08,0.02083115749621711,0.0025915302553675443,0.0005542572214528214,0.953299602666942,0.21631796708186726
10395,0.0649437189509289,0.0001776664734717442,2.0108693568835056e-05,1.6288415465849397e-06,0.0010875058947041182,0.018795878487625328,0.009412459380579065,0.8756095609063134,0.026846496409739587
10396,0.0008235989079527984,1.842500731032296e-07,3.12606400108991e-05,0.019170202948136962,0.00013271271294709145,0.9980147491277844,0.0006525286333575612,0.0031086532474684683,0.00015344026792493083
10397,0.030009060169677464,0.0015754698455146558,0.0037390030374240147,3.2296211277363105e-06,0.005835838303957704,0.008921246170086406,0.00015173846558766857,0.0015015916668618054,0.9793855557460031
10398,3.126915032432673e-05,0.45601390414789383,0.40505528699523335,0.01538654005078458,0.0003127222104668323,1.728867120238416e-05,0.04454491467221088,0.0005473858547003515,0.00018310177076446706
10399,0.0647465907882874,2.600719642201382e-06,0.03052869420480058,1.3306496882973315e-06,0.0017253023001446985,0.004771944691536197,0.005333724828412713,0.07602659069832858,0.8122254517201175
10400,0.00440069243304457,0.0019344215476794614,4.19390077368555e-06,6.667801263492559e-07,0.06466863387527591,0.004391672657530615,0.0012866812037238772,0.9971131346090598,0.00022706929424276892
10401,0.0043899571727556725,0.0002984979352144768,2.826792567621098e-05,1.9030791166402442e-07,0.043210388048444126,0.0020917613167202587,0.0015415613528864502,0.9985423329253669,0.0009984243585032383
10402,3.276259594843108e-05,0.48755348472129234,0.42486328202419693,0.03208518456215362,0.0013709773280760284,9.146643861064479e-06,0.01977068683649633,0.0003243032647661176,0.00017008110995603263
10403,0.023946286915372296,0.0018161716219645058,0.0018128481616406782,2.1936634578792183e-06,0.008663572789469385,0.010143549921321958,0.00020235884573186695,0.0030177894204364802,0.9873559450560513
10404,1.6690168451524445e-05,0.1943441197269607,0.7758607974832914,0.0006422389997104949,0.004430779839492386,1.1083340715000293e-05,0.05695157246905524,0.002457336634607872,0.0010576277677317783
10405,5.044126574915977e-06,0.2983901195898971,0.4916892166675286,0.019166883108178046,0.012018334586431,3.105526898912166e-06,0.0070769175098152285,0.005215941985841497,7.425202732998401e-05
10406,0.005423054124310238,2.3979367161427792e-05,2.710267334144173e-07,0.002492102893041375,0.0007030087307550838,0.9961265247409435,0.002000798682666325,0.004643293006719046,0.0027195422379964087
10407,0.007398608806904091,0.0004154836294388329,0.00043553310709667066,5.535353403848663e-05,0.0030014255648780465,0.8510199110584821,0.001068084630076211,0.0019182802435045217,0.01243237377865491
10408,2.1832126302781754e-05,0.9861755447060776,0.009213859311862237,0.02745723502004004,0.004521432771990873,1.714073541114649e-05,0.0029946306859344116,0.0003376019234086399,0.0003487088117254689
10409,0.004356429294506858,0.0003100358767115145,2.1066255427356683e-05,1.4088649359308347e-06,0.018834977103188547,0.0015713383024214182,0.000949454395248617,0.9985472224199179,0.0009162785197978271
10410,1.5217619868254436e-05,0.754218877012949,0.1501369317023263,0.11519732053557806,0.0005982665154965846,9.382528611383877e-06,0.002241089165624381,0.00036588092968283886,0.0010294100928897607
10411,0.0030386434103400776,1.3979954946938905e-07,6.465600634430633e-05,0.008476941145451727,9.600185879279407e-05,0.9907938376273617,0.007398806286752374,0.008916276050696536,0.0007018647476072959
10412,7.055037877891558e-06,0.005001808479286418,0.8448467260722212,0.4490569095817934,1.4502027329909165e-05,0.00016815699165404987,0.031191384986295898,1.014780189497162e-05,0.0028418870891372262
10413,0.001367095555280414,3.0473287089083298e-05,0.0003059952014647316,1.8278059069863282e-07,0.021060084953622382,0.0010145163298188513,0.0006503772734513415,0.9991532104993773,0.0012419789286559502
10414,0.025718279426129927,0.03184246415426376,0.00033708382866904117,5.117710480698701e-05,0.01565211014903977,0.02016938358912194,0.00011776121565209072,0.0003592083634367879,0.9835393752228213
10415,3.391069968306816e-06,0.7701107763767834,0.13147159830612146,0.010032545018573268,0.030203225524420094,4.031224293634316e-06,0.0031789249558984586,0.004701012185822525,0.0001351441866904937
10416,3.995699471202482e-06,0.9807190132012393,0.02445617079060808,0.011720397534790686,0.0007274110517085552,2.9931318625307218e-05,0.0019404665550200096,0.0002905119112359071,0.0026599121987465877
10417,3.690957059948226e-05,0.8004692253827801,0.14454506623733762,0.0725310857258673,0.0024926102726095492,8.623086307744816e-06,0.0068967816376742895,0.00045716553568171957,9.924461978540971e-05
10418,0.0018407742571154892,4.424689058139193e-07,1.1627921713949216e-05,0.011661392627373706,0.00027226901251727986,0.9971513261412422,0.0010142753232814943,0.003971794259461077,0.00032883408368939826
10419,0.008280975931523452,9.118825712601229e-05,4.906154680273937e-05,0.0001253389057637045,0.0008145026995514806,0.9741274294402886,0.0029060165249048257,0.0020252696598608184,0.004301389224211357
10420,0.002534732516786717,5.129552821592015e-07,0.0001478403231212414,0.001362027671655963,0.00032592014092411997,0.9945788031285018,0.0015184856541921527,0.003285303508857379,0.0012086614433007975
10421,3.7618884738338048e-06,0.9556834274484649,0.05255916275280748,0.01972297740083185,0.00027079128222062625,2.4257429250855602e-05,0.001938274619611745,0.00019355038949839623,0.00261371496989809
10422,3.9638412878858275e-06,0.3022176486492438,0.1866194802699536,0.4902056983275465,0.0002138642678623193,3.3470751998845996e-05,0.0015830543769575058,0.000247158507276975,0.00011202706877020117
10423,0.003335912578257043,5.664644276826302e-07,9.004844461557295e-06,0.007376581048804538,0.0004197154389101499,0.9956764353646695,0.002148047531951053,0.006635467068662486,0.0003023838394691076
10424,3.0747371204710107e-05,0.1738442889583798,0.005791797417781496,0.00038187038118755003,0.9138261837691423,9.954313602475997e-05,5.932949948433921e-05,0.010287034778612182,0.0020784419782009602
10425,0.05487512734856315,0.00015300167180914235,2.8337508052262166e-05,1.7753603757763204e-06,0.0030366786507818877,0.004173301915162334,0.0030190911063967354,0.9429542681288137,0.01729644676747046
10426,0.0011810973845829296,1.468040900762656e-07,3.341010803602061e-05,0.021760236712659045,0.0003358695919440248,0.9980223803830442,0.00048152713058652064,0.0026316184789750676,0.00011283745142384693
10427,0.003519849851421324,8.235466611321311e-06,0.0008972772031091991,1.581234787136763e-07,0.015360521857689675,0.000677285665367427,0.003568512860245651,0.9983478918662886,0.003613755887265044
10428,9.07368412885643e-06,0.9847768064809478,0.005653916423956533,0.07708818392901998,0.0005122572914729506,6.903288273773255e-05,0.0008288732020082945,0.000127436416700984,0.002199178509105468
10429,0.7865566910432392,5.480730756903009e-05,0.00028920725127142027,6.632103837927431e-08,0.0019383209581496099,0.006395285629725402,0.025604226858915335,0.0610786861381971,0.06583658432785476
10430,1.9250233849344297e-06,0.9644945295053632,0.027002798668531686,0.003149251297376698,0.015993443956690046,7.499721674090593e-06,0.003243970107403163,0.0030247897472528134,0.0007513590590215504
10431,0.0009476305212261762,1.307709646424475e-07,3.861847454078344e-05,0.02377559580422665,0.00016158288597895612,0.997717957181152,0.0005277352488841539,0.0028263473207754543,0.00020636746241164099
10432,1.1431512078016085e-05,0.42402785244969554,0.5205023085956184,0.052098633474240465,0.0010783947957349392,5.376773598263851e-06,0.01333617894158512,0.0008388454356168512,0.00012511414926284913
10433,9.969970199401304e-06,0.8555811380442963,0.10184526942678349,0.022590458884598076,0.004020717527205879,7.418287828034118e-06,0.0036749522914198223,0.001190298943462848,0.0001445316149143413
10434,0.004331962687071597,5.235510209580562e-08,0.11200391771738619,5.3411759841471575e-08,0.0014098970312540348,0.0013569916054068795,0.02630377737475297,0.9841291487343322,0.08398226080663486
10435,4.8489155448668866e-05,0.004401386893359155,0.0020117306359162057,0.00030418358427061927,0.9937610428329685,0.0017873580168177694,3.2346195591590586e-06,0.026918589549746377,0.003937842227768901
10436,0.009301457742651023,0.0003176464249631544,2.2351915519153456e-05,7.214136147815154e-07,0.031155058527506652,0.0018752063462771683,0.0029069959325127826,0.9975710909509748,0.0011090324258842045
10437,8.114088636837445e-05,0.0037018574189852456,0.004455746401142143,0.3815367957745848,4.011379866695828e-06,0.013970193556643458,0.13900848696837112,2.5700000261821345e-05,0.0069839392206240926
10438,1.0486332104150394e-05,0.8628222825368388,0.08082153302816505,0.10264475354951018,0.0002991376738421747,2.7467520814709095e-05,0.0016398594524942968,9.857002559847442e-05,0.0028089580918936262
10439,0.0032067570126763645,1.8169656752915685e-06,3.7999746027953153e-06,0.006702312498675512,0.0002878088756411534,0.996409234368686,0.001382427193864863,0.004583172931547779,0.0016736042336847007
10440,0.4409966399706182,8.323574786881202e-05,5.369053196695727e-05,3.5268707645581264e-06,0.0002735619583595835,0.023674037141772762,0.07135090431646267,0.24538545656132435,0.12061798173727391
10441,3.867655225544955e-05,0.9077084312503428,0.0014648101156560357,0.30130262041894174,0.00011360346033215345,0.0005634298696495873,0.002049675896667505,1.1748901394262517e-05,0.02386985015630453
10442,9.279078075141152e-06,0.6277716865098234,0.3661147734128276,0.0008349653328081052,0.010290492101794576,1.0532528844400651e-05,0.009355478739977177,0.005491750323170024,0.00027185417672662674
10443,3.7412554524338686e-05,0.8433795244089413,0.014541475640376212,0.15842904574131017,0.00010454295816223256,9.275288260302804e-05,0.0028564015639406374,4.338466642135645e-05,0.010130630881236268
10444,1.382409697589768e-06,0.018250940064814505,0.9863669131139552,0.012742648053029621,3.718409830694827e-05,5.414537961955983e-06,0.0071772616923120565,0.0004338800158664438,0.001320778943963804
10445,0.0016667005995733453,5.698958253751597e-07,3.489701688677078e-05,0.006631532271274044,0.00016495559372316747,0.9978012575245043,0.002808593723951158,0.0014359612887912254,0.0004845201188839345
10446,0.0029395169377606483,4.496274617021754e-06,2.8692717153330836e-06,0.00515313242230317,0.0005113923676524901,0.9985993710962842,0.0007380572773163611,0.0013288826279362113,0.0016557345298090504
10447,1.9664163785060797e-05,0.4529468390582806,0.365565406091625,0.11072747141990644,0.0006936161959585826,1.0011725097348146e-05,0.005495090982083966,0.0003634016939634899,0.00034705328872458656
10448,0.0001284745343460257,0.3490368404605031,0.5347282650806119,0.0002749935809981943,0.002673883302386347,4.4056075572105775e-06,0.041020101102055444,0.0012528070136575947,0.013428503093053986
10449,0.0010613340947741021,2.2861351831330717e-07,0.0001571528319715098,0.00017370903796461187,0.0009242316173826816,0.44003044579425993,0.011155260843414646,0.6661375408879541,0.0011496224917985852
10450,6.8412053831800965e-06,0.004299136389403972,0.9893110923805662,0.0347131622402509,9.197487216075727e-05,6.062866654402939e-06,0.01354178110784799,0.00025541666080798576,0.0022660301809665374
10451,0.0010585229113309674,1.0164244533087765e-05,2.26265282703695e-06,0.004915450444113738,0.0005136171691929669,0.998221065781062,0.0006176255426770332,0.00044485598132630957,0.0037433399200895966
10452,4.1712740846377256e-05,0.009957721911236594,0.004509037782334359,0.00041618561193764505,0.985660656540947,0.0005967338203587059,1.0201281047563592e-05,0.019517269750714335,0.002778745892377945
10453,1.1382391977077094e-05,0.4087080439873981,0.5017534175554567,0.0734646440310612,0.0005306856589573833,7.137069539574811e-06,0.008684380250468957,0.0004143240913646602,0.00019355528073000815
10454,3.813808725963616e-06,0.18180285146101616,0.7380670450676597,0.0554368470351309,0.0002801531170265163,6.963996639035564e-06,0.002939960118036326,0.0006199295235508751,0.0002730902898644065
10455,3.2942089290436754e-06,0.690247072213199,0.1771459804690482,0.00167041879463609,0.07600845741986591,2.7284941647456543e-06,0.011065149018609284,0.004199994603758852,0.0005729521333339908
10456,6.148818574561549e-06,0.9818048296893441,0.006518857601554481,0.08546516325486932,0.0005336802197413952,4.8951850387679165e-05,0.001216683144998934,9.058258712677547e-05,0.0014342252901187237
10457,7.229847841534298e-07,0.06296227489584968,0.7465991253814697,0.04689141729566423,7.483026479181064e-05,3.460029808963959e-05,0.0009203470523074357,0.00025276094409615454,0.001153001337946484
10458,5.867905750243156e-06,0.49017221866794314,0.41739635311611234,0.06806487840032106,0.0002402156171990998,1.3487816759227254e-05,0.003927855394002021,0.0002921901675586928,0.0005703189619133763
10459,0.0025158750244349973,8.107618615429017e-08,0.00011162864903503231,0.012074021381369895,9.020440148750892e-05,0.979054534257211,0.008715804123600492,0.008088832455735885,0.0007089145643548845
10460,0.11485496870965026,0.0016066048510556008,0.003843039151008802,9.825814724855891e-05,0.004444252803021982,0.0023485545091161946,0.0010902905338340198,0.000449774948887472,0.428085232505535
10461,0.029793761135547325,0.0012177384700947115,0.003941764635401443,3.5634248498867625e-06,0.004742090242281764,0.00561340271100008,0.00027800351777542033,0.0015486162064401669,0.9841259170210341
10462,0.007769345550102314,0.0015161667388976885,0.00779146122693724,5.773488783749105e-06,0.01675273775056964,0.006676318332142273,3.945840788118107e-05,0.0014692818664382011,0.9954271812775608
10463,0.0008600912665546188,0.013489705538782409,0.0008718851112989046,0.0014280121448113007,1.0325726010209038e-06,0.016912461375590014,0.9081501832395907,0.00018375416917070346,0.0007492225649067762
10464,0.05585215208020311,0.05940441773878197,4.610256400925189e-05,3.736020904072087e-05,0.0175049924974936,0.03640397084227764,0.00029839803232767543,0.0009005852818811334,0.9534922756970763
10465,0.0023523873796978704,7.740428901791771e-07,2.2496520505931314e-05,0.005952345517137701,0.0003131689279420283,0.9981718225474597,0.001207693575813918,0.002011327122737874,0.0005904766691454131
10466,7.86680993343616e-06,0.9970486383815217,0.0033593389555079474,0.010333127238203127,0.0033660772522627934,2.878902732418331e-05,0.0019370195061492687,0.0003425856480131183,0.0011206077955517322
10467,3.7701626605685234e-06,0.7943998487815327,0.21040927609081908,0.031118153508010223,0.00021944119781849023,1.1370852301288083e-05,0.0026296796104779037,0.0003626497121700331,0.0015408811734388462
10468,0.03930910719591508,0.0018099495825582123,0.0018820306945894934,3.2225039475739915e-06,0.005940109406131395,0.011692960574711657,0.0001158881283744798,0.0016100128588631994,0.9792843672263007
10469,1.5623088338368836e-06,0.04495659902440999,0.8039843815317985,0.06501670746266444,6.749796262056539e-05,2.5406801398872597e-05,0.0037469013705975674,0.00019031105962606038,0.000761832262981577
10470,0.0022236638642353698,1.873551459779006e-07,1.9771695848820843e-05,0.01131316448294458,0.00017983271876746275,0.9931386591787333,0.0023564203714180236,0.006669357976696675,0.0009246109476140002
10471,0.00023256992490285118,0.00680223450413641,0.005776927982591966,2.6075799383601517e-06,0.061483297979073114,0.0001077864604322252,6.703017327995405e-05,0.34962836256436025,0.3851291609044681
10472,0.020469259108375683,1.7874030493315335e-06,0.0030696232955409663,1.6403854858833972e-07,0.001857869063496295,0.005046831089997254,0.005106633380953791,0.9471991189740887,0.11776069835222844
10473,1.65408339873616e-05,0.6507438416900337,0.027090927432807457,0.36264745836118056,8.971362882847799e-05,0.0001417156785159034,0.0016018506991598484,5.953033869001002e-05,0.001211387907477421
10474,5.2218760158680346e-05,0.9870563631881971,0.0124545701904436,0.027928064366402706,0.00016799912972575507,4.79592335185166e-05,0.002975076803220927,4.114292825150722e-05,0.010307376286564227
10475,6.416526677145266e-06,0.9733753986567101,0.032826523793384674,0.013757393687650115,0.0005011523332335186,2.2295570550931735e-05,0.0034826948976031235,0.00016109408459662205,0.0028336325860363223
10476,0.008630940514091294,0.005134104388034337,4.944368998870388e-07,1.8563124717930127e-06,0.05521207277062003,0.005061900823431249,0.0014305085620320735,0.9971155977445265,0.0003340817517148979
10477,0.033167024890902445,3.541179762484294e-05,1.2745618081637514e-07,0.0010094556190692774,0.00044494354387739895,0.966642588006244,0.014308713828463071,0.012757420159739971,0.035558832375112565
10478,1.090787589790658e-05,0.8666599108903039,0.10904320022890733,0.04946263439268978,0.000625991252028463,1.3403824840812975e-05,0.002560161217291553,0.00012206830049163651,0.002196259519425708
10479,6.832477163302196e-05,0.9898414913230752,0.014912363466980086,0.019976693544947684,0.00022203026117594002,3.03712776513777e-05,0.00601328105870289,7.09116231160232e-05,0.01270818834167817
10480,0.0019022057435820001,2.103547944769117e-06,4.04854497077573e-06,0.0063602571002719065,0.0005110780708527532,0.9985121706503235,0.000582564926856305,0.0012137736122880842,0.0012388165992273936
10481,4.254442396040968e-05,0.38688520687306976,0.4500476634866002,0.03242242384539644,0.002622818135641729,9.072598860248399e-06,0.015792151308961878,0.00028216513873393446,0.0001797452819416529
10482,0.7983402657594624,0.0002192143824943089,0.0003799701994502598,1.7194941439857505e-06,0.0002937778155164873,0.0031602523066164225,0.1329262531849918,0.08689579451332173,0.004440849972406314
10483,3.0179472162075883e-05,0.7524166300022395,0.1822649352457286,0.0003301895829067321,0.012757787514534087,6.1710662529774905e-06,0.0072285632276276645,0.005489630414936073,0.0007670383804413018
10484,0.0029719048642819117,1.5928477363482406e-05,5.618938682380977e-07,0.0030239559874779953,0.0009306126253716511,0.9981531206847013,0.0009857251874628686,0.0013297682661514657,0.0017198028031071915
10485,0.0007764989598179793,3.949986522092915e-05,0.00028996604205098705,0.010962036421665959,1.1520047566325005e-05,0.7900478814051675,0.2205654733429688,0.0004697069920839202,7.477013470459671e-05
10486,2.536005630836225e-05,0.005080006286733499,0.004539310978979263,0.00048719678354343507,0.9862332103447415,0.0009178173446017636,8.154931672512752e-06,0.02765404865331963,0.002583255695083976
10487,0.03632596702033754,0.0015316818946592861,0.011054481410696732,3.944451886682185e-06,0.011222914161238651,0.00415662394690838,0.00015370163037499345,0.0004479546635070579,0.9906874269527826
10488,0.38002533292657176,2.242703801325622e-05,0.0005178242312440371,6.393268841821946e-07,0.0004613913019188506,0.038522206128514744,0.036966136442716756,0.22289948480520413,0.3023426334202267
10489,0.0013392350625808767,7.198035233887947e-07,2.0942596087695192e-05,0.015806341838124356,0.0002299729732476468,0.9968275005744104,0.0011895050970415445,0.0023890862882752105,8.552965267956878e-05
10490,0.0016007716945152803,3.316702897271496e-07,1.585374964629264e-05,0.017708103918759596,0.0002617419730139704,0.9976077239901887,0.0005722370309644923,0.0046440501425496624,0.00018934541147212815
10491,0.001964473347080176,4.078871934060827e-06,1.6659129149209061e-06,0.007628219412400059,0.0008617581482866716,0.9984874598778359,0.0004283752008440947,0.0011191963011808964,0.0007934693268797368
10492,2.6822608825263436e-05,0.6732922497379544,0.2579689891898161,0.07817333287696655,0.0022733604328646494,9.161506336357209e-06,0.005369507719368248,0.0004662912347342727,9.325514255678125e-05
10493,3.348229674100496e-06,0.18617267723393396,0.7474086968480759,0.006404169489433786,0.013195511275989629,3.097333106484625e-06,0.0200734338352997,0.00801408637350578,4.7708360571919854e-05
10494,0.03144378454890342,0.00028547886780998076,0.008763673061030939,1.8034875168658659e-06,0.008770183793910608,0.006776134688463716,0.0003996938539222971,0.003443608443239912,0.9913525059917461
10495,0.0011722057171267178,9.296900521499545e-06,0.0008571346129722138,1.9884880180876376e-07,0.012618653502407276,0.0006108415687904727,0.0005933493138936895,0.9994008595676935,0.0022948675780250704
10496,0.0025608399753047164,2.2344926256000417e-06,3.7655902719346043e-06,0.007920593173776025,0.0005803281330669885,0.9983186378552767,0.0008566926467806499,0.004771643619434302,9.107812576456583e-05
10497,0.012090487146535123,0.0002343143995348822,0.06769487686385388,5.13577771003117e-06,0.006344575459697787,0.0022898834181963677,0.00032116641231681026,0.0012074699133066405,0.9946859387588486
10498,2.8698537625549547e-05,0.6823727897751249,0.26413444538122866,0.07394935919389317,0.0017634239958903635,7.870030915100631e-06,0.008415651808538236,0.00043097754235978553,0.00010228295969445801
10499,0.0012790067165720906,0.00038835968246700875,1.9063794207014346e-05,0.010954993201359462,0.017925603506034345,0.9529003057745677,0.00020851525330878865,6.68645242976057e-05,0.0967902424712012
10500,0.00014400033862394933,0.010248516597575953,0.5776861581985664,0.00032530810496586923,1.9367615080224115e-05,0.00023048949350544932,0.555496267801611,0.003954471714425235,0.00026181511516737573
10501,1.5272491220531306e-06,0.030253485953654385,0.9635719031712952,0.006404189736104296,0.0001754675583253365,2.274724130544097e-06,0.002021467809446077,0.005059487291428792,0.003260684789585139
10502,0.0019045352101017255,0.9939144849676091,0.0022142199125221784,0.0006354611355301403,0.002239274137779175,0.00020248153573080476,0.00844163644922975,5.5279691700218184e-05,0.0860948495725209
10503,9.476213625864718e-06,0.16570606117652492,0.7525037838326472,7.315616577616256e-05,0.057752264523395574,1.1297954588794447e-05,0.003985365641695711,0.0010818869114087395,0.01021023081800274
10504,0.0022739971197387986,5.689141184763327e-06,3.5809358794634796e-06,0.004632398213077926,0.0010225390158274058,0.9988822595018068,0.0005994191804924239,0.0005475158380364539,0.0013894874646342456
10505,0.015375831392308314,8.240756785940951e-07,4.461990082261925e-06,0.0022974006393651353,0.00010760100387628473,0.926811166476231,0.012405592751495862,0.08730632631265803,0.00865135963660305
10506,4.777221873843518e-05,0.0008295422863763257,0.08972475638680631,0.16496606618363108,3.456264851819482e-06,0.011793940010511279,0.2783122898629997,2.1963689249615694e-05,0.00046264013965559194
10507,6.212708434867324e-05,0.010324637830603042,0.0029595307147207996,0.00029894445775218863,0.9895993472022092,0.0008451739928198872,7.477004525832203e-06,0.015951541959152042,0.0037899276155373275
10508,0.0024928050368422943,1.1988227406349017e-05,4.2306583703365646e-07,0.008112332200942766,0.0004867981049407176,0.9169690281059392,0.0010322349622444282,0.31938439501790034,0.00023834234285467472
10509,0.08336825712587398,1.6838762185027915e-05,0.0004334494868041642,7.348131228656943e-07,0.008359892674109892,0.0011504462853180577,0.02474431966544281,0.969799425398531,0.0026050732517344972
10510,2.1583221970121482e-05,0.9679729205189713,0.01718915723008129,0.0538456612058971,0.0002935343869164086,2.9938968125053205e-05,0.0021200295451649738,0.0001164883609008783,0.008171910063008459
10511,0.0037706917900012173,0.0007815804819055864,0.009448333495941182,3.949192146266185e-06,0.03020343875102025,0.007133104367704558,6.0734854265697425e-05,0.005796468350130381,0.9838168449101018
10512,0.014622521548973847,0.001060171648173621,0.0025445359615911957,3.833910713034009e-06,0.010969727266501262,0.006109723067987038,0.00012171970332283676,0.0026033902106121502,0.9927718611018561
10513,8.492450455526217e-06,0.9260377912856187,0.08949713579012329,0.021178767279175708,0.00039628032985559303,2.980387313098671e-05,0.006662916337395273,0.00020476723140322507,0.0014660850754640135
10514,4.3195085377320355e-05,0.45279975319182403,0.1771086751716103,0.03511982233154015,0.0066867935477118974,2.457806838348389e-05,0.004532871127241729,0.00046331767651739417,0.00013988183994692843
10515,9.039066834214322e-06,0.6287299529988394,0.42417588342484647,0.0639244370460625,0.00021992186800180494,1.403250213071898e-05,0.010000577642234202,0.00045463062640666225,0.00017508810999111957
10516,6.524193077669752e-06,0.5289700284306151,0.46334611256303376,0.0011023757981969242,0.009430107171500186,6.960377233803972e-06,0.020359220467594023,0.006807351449008828,0.00020504339255769888
10517,0.0021638936642394088,3.2567920220409116e-07,0.0001320760819209058,0.006450934688591177,0.0002859669394458071,0.9966944673301552,0.001354838489839987,0.00408211039824165,0.00016241842910551008
10518,0.002097834083365809,1.9506009780228317e-07,2.15008985172063e-05,0.01641757712217027,0.00017478400474072635,0.9949633024884318,0.0010685484168710807,0.008263328192623397,0.0006470259815687209
10519,2.5580613954719e-05,0.844683694299436,0.1421030222478716,0.04248541182342469,0.0013083966442442709,1.0447047175422021e-05,0.01130639389838887,0.00037758737739959804,0.00018586722260678515
10520,0.05637885203855285,4.239813043255656e-05,8.158552457916231e-05,1.0044701286374337e-06,0.0048489074727178045,0.0021108145411572175,0.024661828207063006,0.9461630674537937,0.019975176598068547
10521,0.007105982238533537,6.310660947508194e-06,0.0021579748318429526,0.00015605338489245872,0.0002448505161717023,0.8950731308862688,0.008575322985131263,0.010750202290849283,0.0007260614080239858
10522,3.891483280690348e-06,0.9639420498444512,0.021832567191533207,0.0007115956245285859,0.029641759367934176,2.8029388866235757e-05,0.005446111619341317,0.0026912785398421,0.0010633397251810141
10523,0.0013313563594828208,0.692549182167468,0.016583819530971225,0.000962647315036152,9.789199521619846e-05,0.00017794128155177865,0.060351334534682805,5.949997081224684e-05,0.7888325802535804
10524,6.575732289566519e-07,0.8490986072484258,0.22682306195575724,0.0007079380441776784,0.00471754004304058,9.380574066900031e-06,0.0027959699679095673,0.0033656412221934775,0.0016452747084433972
10525,0.0013105427116130537,2.446558563884205e-07,1.9575250578549224e-05,0.012420045786756656,0.00010287112175016823,0.9955393443596928,0.001668489505607789,0.007487215453592883,0.00038280357847561954
10526,2.0073491205214916e-06,0.5060761257237704,0.4770088525048018,0.017482494841049603,0.003838079518217315,4.46806783792792e-06,0.005986901821845279,0.008163446980326774,4.5375347357422155e-05
10527,0.0034619140403426597,9.681870351736546e-06,9.604265343178212e-07,0.004998114113835519,0.0012416891223514012,0.9982434553687237,0.0014226192192572445,0.0023559280278810414,6.612761996429663e-05
10528,6.928827661258309e-07,0.02875051024173938,0.06429320381227419,0.8145506451935174,0.00014240459324248232,0.000625432946747232,0.0003059276612994704,3.321155240297934e-05,0.0005118235500444959
10529,6.1338985520448865e-06,0.3755483307824532,0.4606652457314127,0.12454438047295209,0.0003416242669320684,7.659512187866586e-06,0.0038454928112095312,0.0005024734630503822,0.00016251579586302212
10530,3.760594503444205e-05,0.8043202483344315,0.15029603794446003,0.07125360601130412,0.002165090665121934,1.2968745449519682e-05,0.00509586133826693,0.00024981912066356744,0.00021903998508043349
10531,0.00025822485016723326,0.9570036969615245,0.007288413234532079,0.04168526647675182,0.00013297096172184858,8.285659661187868e-06,0.0020311498430043424,0.0002690609021914265,0.012868409225207817
10532,0.0013858359341602337,2.6650789108961036e-07,3.372755174058164e-05,0.014901093036563286,0.00020336489078588355,0.998128729421431,0.000867341852800464,0.0022142728234021253,0.00023846349177401033
10533,0.0013323219702165844,9.545116058126658e-06,1.2133383819572917e-06,0.004234893217240176,0.00044680127573014345,0.9987346124236393,0.0008281201197861888,0.0005921006581505413,0.0014382367024655394
10534,5.7105271596613705e-05,0.005490754633943339,0.003277016237448167,0.00025881253281899105,0.9916599247418074,0.0009571752759327055,5.968631965927208e-06,0.023307997506899027,0.0038498136660787895
10535,0.0008811626262520283,1.4589056779619449e-05,2.0198142282002556e-06,0.00658552810615728,0.00022609841637585482,0.9973961617947139,0.0011862759002759858,0.00043486050994595663,0.0014205033085013161
10536,0.00394564467283626,0.012977524687239122,0.002857031257828242,9.677597588373825e-05,0.009839847341627697,0.03294230620833552,0.00033612487038414966,0.00016189467864385297,0.9328999554510558
10537,0.002047539390667165,4.0572329400344054e-07,5.806849867623546e-05,0.005668376496341359,0.00047077323160459126,0.9979681325663053,0.0009588441897887115,0.003454990113164946,0.00019572037248637343
10538,3.26804976267656e-05,0.10492677271227004,0.7800540447413578,0.00080309037296827,0.000983992513449828,2.1731605453575966e-05,0.016355760607030083,0.003362512031296976,0.0013929422421080334
10539,0.034121134802336785,0.0006898616301930534,0.002859515933369597,1.6781817683428648e-05,0.03236419459579066,0.0033612701068338807,7.848400982339274e-05,0.0012289223600707741,0.9930298906836829
10540,0.0018841222928573432,1.0669546323595499e-07,0.00010302265588957226,0.01001788019875988,0.00017272066404236503,0.9976397018081954,0.0019117561102080707,0.002888421171649749,0.00027404781729981645
10541,0.014279058783545353,6.7251882964892305e-06,0.0006190538038893849,1.1756187214356992e-06,0.003670441056614973,0.0025298016700920443,0.02221863790292777,0.9786044041345416,0.012349983006941526
10542,7.856619459949553e-06,0.5711140114828811,0.32842104914924763,0.053461590178419574,0.0008300303378070532,6.102969550401498e-06,0.0035967095286039046,0.0006140894678005533,0.0004951861010933098
10543,2.1687735805845314e-05,0.0003600843086659911,0.49337323854198023,0.3543606140292603,1.952076250773154e-06,0.0022625069685755406,0.43444024117511615,4.445799426431229e-06,0.005380115696319363
10544,0.007014249329811299,2.053012105684482e-05,0.0007738216086931254,0.000172249514150618,0.0007588423506270636,0.9201506915632407,0.002703198478949354,0.0031433727261913217,0.004038280773852195
10545,0.0010705544709015751,6.375289299719613e-07,8.325585072731286e-05,0.012556678026003661,0.00032458634004236414,0.9971029671655008,0.0010715222742640651,0.0005027063272040208,0.0011482264409607634
10546,0.09384019152924615,7.90022177435534e-05,6.239014230894188e-05,1.4273810551838278e-06,0.00475289867825427,0.004335509605745233,0.006468529906025565,0.9509076015634045,0.006955744850682562
10547,9.600923946264291e-06,0.35130301947792636,0.18411409333001297,0.00031686431913446276,0.004747968942326714,9.17609007177675e-06,0.1088294929736682,0.05968842536858346,3.206758460965331e-05
10548,6.784957476530684e-06,0.4598973827904097,0.4524614890176322,0.07444353664633363,0.0005420792663095434,8.540666979981326e-06,0.006433483710215675,0.0006926465981772837,0.00014667186963588806
10549,8.724482886596593e-05,0.909085849565077,0.025865030790903052,0.005580383706146214,0.005124659254892474,9.829570818765276e-05,0.008584354434519761,0.0003156175592478603,0.0006046425224840486
10550,0.0021967368443798173,1.0086401238350233e-05,1.4240026044181958e-06,0.004653300157155675,0.0008892990663573767,0.9989917636953073,0.0003501171862243302,0.0012687971648868653,0.0011143026663881104
10551,2.9390985156667595e-06,0.8269443315320315,0.17964182797048583,0.019637337517115022,0.00022332968009578592,1.5120431738565452e-05,0.0022474526628043913,0.0002884006667426764,0.00204092418020014
10552,1.945686679459209e-05,0.8288789984437611,0.18121303274115885,0.0005524071219517561,0.009787957990450432,3.8846598408300316e-06,0.0085301824589959,0.005781735478770043,0.0005493320134874388
10553,0.0016902723695071467,0.023221779169502632,0.00026454398286362903,2.6237378472118156e-06,0.015034439965627621,8.877453112581152e-05,0.03143321214467428,0.9082616528025592,0.00020820264814084248
10554,3.745502700436455e-05,0.7608464227475418,0.10554429292336505,0.08610158878757639,9.306421819816187e-05,0.00018787490935726444,0.00455270496557091,1.8097672341724548e-05,0.006545406291649248
10555,0.008896833291839119,5.1737336089746936e-06,0.0040457320587318525,8.555470820814761e-07,0.0017031724173870103,0.008659007099563324,0.026291319562228726,0.8678380859343982,0.0077445425713327685
10556,0.03692935651926478,8.338857774882702e-05,0.0001301266909159515,1.695693132820604e-05,0.0007904487457848331,0.2934119155327204,0.01408924687762127,0.15925737898942371,0.005170341631906877
10557,0.002071638123943321,1.4061560979699333e-06,6.759928047883161e-06,0.009502152620027739,0.0005008083714612977,0.9987212461777792,0.0006059952689808138,0.0024118430105516046,0.00018441494923711937
10558,5.577072531873921e-06,0.4531413988757087,0.48565347282041077,0.03201365962461701,0.0005150256155387557,6.43569346671127e-06,0.002800408633055118,0.00039836540953973326,0.0008757824650258584
10559,0.024660115327508114,4.075660367902325e-06,0.0013893356692435434,8.339830115327249e-07,0.0017544615282587507,0.0021432991706585676,0.004194328556041406,0.9056255387705223,0.07183303773593598
10560,1.914484978960433e-05,0.2124883763082274,0.5186727370048021,0.0009434601983228208,0.008144724818132724,6.657330321003947e-05,0.010999209219852632,0.0016012671217240356,0.0008140087929268928
10561,0.0012713340099410754,4.021367337396252e-07,1.7652364288730454e-05,0.012356302022195464,0.00019354009955717977,0.9982470859920584,0.0007294103293784289,0.0028175140687416653,0.000385986504952029
10562,0.00022210329484035623,0.968897226880626,0.033017964898412584,0.00179495044792679,8.99548469110756e-05,1.8062442872565932e-05,0.015519336053046081,9.443413620439895e-05,0.33513451859301796
10563,0.006813829224789566,0.00044079621005375415,0.030771628614031966,2.3297956767165675e-06,0.019912104981918644,0.003261007256991179,9.302370181780952e-05,0.0043555166703503016,0.9908309145810763
10564,0.050015176811605506,0.07870967568911663,0.010347720239010195,4.735993132705624e-05,1.095155808835008e-06,2.271985669732387e-05,0.9805465100134013,0.0038555929716586725,0.018007697524767996
10565,0.001977360211301047,0.0012341022024726061,0.0005506416910099789,3.7799145187245926e-06,0.0027153919663620396,0.0028052840459970095,0.24832269763872614,0.9025092509449426,0.00019528307761999296
10566,6.849229968803982e-06,0.9915452670658458,0.006412928425234726,0.020719856873744533,0.0018429798811038312,1.8338223925696226e-05,0.002579758192636986,0.0003163358408321251,0.0008173832750401068
10567,0.0019487793037550264,8.213851600267687e-07,3.690962755739866e-05,0.00632308885046129,0.00039917411742609936,0.9978357564012158,0.0008256623270081007,0.0034662726505310065,0.00021290361140418907
10568,1.1075602199407688e-05,0.5723462178275899,0.2908386372044119,0.17025827855344638,0.0005090926132906198,7.764101416042325e-06,0.0031880203421520933,0.0004353651022587223,0.0002218967910702168
10569,0.0005822879070569269,0.31337698424794175,0.36589734755108927,0.0013978267440812391,5.784534624890409e-05,2.765054072115548e-05,0.12407122372799143,4.6641315966740364e-05,0.6728017331670747
10570,0.002126230721487877,1.6164659184265759e-06,5.966271722049628e-06,0.009080154469777347,0.00044080428575230023,0.9985525153379746,0.0008879155693809044,0.002928658992292433,0.00011985547055551923
10571,0.001177946339530667,5.014669648487435e-06,2.121476613398406e-06,0.005349455290947131,0.00030205089164173895,0.9984604180978898,0.0008900195899819026,0.0006874201354874954,0.001394276766513095
10572,2.5244596820140995e-06,0.04680455473412201,0.20650487561944939,0.800816153500883,6.482532254040537e-05,0.00016705016875439023,0.0012099097700731221,0.0001092692471386348,0.00016957166855604555
10573,0.00019577989203027618,0.06090064343110058,0.8714863797998891,2.5950683895853794e-05,0.010519244845545683,3.7241024356469795e-05,0.008640396405968484,0.00011760827153049552,0.040817885394391046
10574,0.00991360499212915,6.1073413534802875e-06,0.0007549537281561964,1.0601907377226398e-07,0.0071405274155161924,0.002092536470640247,0.004824290074589241,0.9899984183506095,0.022674076022905592
10575,0.04253581335373989,1.5310130659062753e-05,0.0005348745377278441,3.8092899190022266e-08,0.00216284038834095,0.014019970232449708,0.008950456359018878,0.6941852485814991,0.5898161793129287
10576,0.0019760136226907436,1.9148984522826632e-07,9.948250606385587e-05,0.008091468597672638,0.00018148052293899262,0.9980414744848233,0.001716405377276049,0.0027546308047876737,0.00024983673136953294
10577,0.001398409930653848,4.3568464062585183e-07,1.3106887999564246e-05,0.017223712945629036,0.00021172675698974988,0.9977271741523825,0.0005625882099618389,0.004351844758898918,0.00020787191101151077
10578,1.3755627357031904e-05,0.929484828867943,0.04824485844164365,0.04916596376331932,0.0009516968210007329,1.7654945338555368e-05,0.005507020965656593,0.0003430297564133599,0.00020351718794803133
10579,1.5801905550005187e-06,0.1641953608287917,0.8201449986739217,0.0014455777997884997,0.006374678909311894,3.2153033498863875e-06,0.00264580662613525,0.0034552368973342793,0.0030411190261816295
10580,6.3291209570882e-07,0.5128155595497109,0.5295405842391832,0.00028870638671455806,0.025687735608997068,3.341160897776659e-06,0.0015397283279577581,0.010179369041748607,0.001267748009659844
10581,2.4351792341379974e-05,0.9793594265635028,0.01281213876154345,0.02829386508894474,0.0011393115714312954,2.163448474627762e-05,0.0030613457932551916,0.00021924620730461679,0.0025238480077542807
10582,0.09471361288477184,0.08934957592266247,7.154748173125954e-08,7.871999039219e-06,0.009399176526164904,0.041669135817789534,0.0005100683521131757,0.8374856400577576,0.004012303393493718
10583,9.227491565104647e-06,0.7643414696345292,0.12517626782994562,0.1589103404603117,0.0005205505449905199,1.6475155282493827e-05,0.0012885156548653911,0.0004534015944688832,0.0002954683066826733
10584,8.333236251567242e-06,0.06063061181884552,0.09017345270306384,0.7329682474335503,3.667211955561428e-05,0.00027826488048249515,0.0053508415602958135,2.712509626805157e-05,0.0016122466869275894
10585,0.017884697458668372,0.023101076331027048,0.0035631923271178655,5.7085337814905504e-05,5.329863699223814e-07,0.00016931007982167747,0.9979871955914692,0.003566857363024202,0.005464443638397999
10586,0.0013577558357439662,7.757392705392027e-07,8.505389024189482e-06,0.009848812408513086,0.00027874401766774464,0.9983071260697817,0.0009576285350326612,0.0029443972748543134,0.0001245782054162303
10587,1.546522405293642e-05,0.4049413025809263,0.4813527049426239,0.09832259055857681,0.0006311086967295129,6.5112734007202456e-06,0.008809255990644712,0.0004143733187991758,0.00017920825817567215
10588,7.629320630841745e-06,0.7374382791167383,0.04514860930086353,0.19460295957366278,0.00021176285005331018,8.827900168245051e-05,0.0015049927124254215,4.312728314715482e-05,0.0034382640398843726
10589,0.00011917392770809438,0.9745124841086898,0.0063479757112323495,0.03453669726420723,0.00017180533392429381,4.012688460932797e-05,0.003502694737353146,4.934224718370597e-05,0.059751201661350645
10590,0.0012088753348189786,6.072388865505876e-06,1.3841707148013405e-06,0.0015731272759824215,0.0028426250215159562,0.9975202049826418,0.00128089716576694,0.004871626590643989,0.00032086134478616644
10591,0.00764555415870575,2.695558434655158e-06,5.151164724006897e-05,0.0006355583659974609,0.0003817030927567026,0.9608317613860228,0.007118195952926363,0.030435923528147054,0.00044968972044427035
10592,0.0028084268458215935,5.105204533542481e-06,1.1829345281192167e-05,0.0033509534529502756,0.0008405787986675885,0.9978577409412326,0.0009890523991242543,0.00043954681658374704,0.002271711131648703
10593,0.0015186724320588225,1.2198268054437208e-07,6.340410564124829e-05,0.016406530875012218,0.00012265452690183792,0.9965261267903242,0.00147602702483021,0.004770685606128596,0.0002666823155811812
10594,2.4466038700149272e-05,0.8679433269648207,0.06465485502203673,0.07852391901755651,0.0016231277870839213,1.220675244198496e-05,0.0040139833128366356,0.0002805074686105455,0.00033422426580133596
10595,0.01311413458268506,0.008002644592538674,0.004843426166321021,4.06808680775975e-05,4.647161404997971e-06,0.0005989436264015831,0.9510188127853922,0.013163570394520029,0.021240426292633858
10596,0.014730832453654488,0.0002972986176502389,1.9500097350637096e-05,6.08468812439214e-07,0.040570311872013855,0.0012615738119904959,0.006554339697642469,0.9954515216758636,0.001495060432304694
10597,0.1396958685687594,0.0004475974894574565,8.055682547057666e-06,1.4755530604229804e-06,0.00626802942779197,0.00721534287291768,0.007414275388582494,0.88674362495409,0.021011344056752316
10598,7.979340043755388e-05,0.015025422646080946,0.12788737241542428,0.015932198621542524,0.020672402111875876,0.0002773990059218554,0.0009918675443841042,0.000854773646397116,0.0006927568198369836
10599,2.1101641944069543e-05,0.007597294071482742,0.007310097945357712,0.0005115704384688096,0.9760984326153224,0.000581542451037254,1.7477389751241364e-05,0.027049129049255233,0.002128105060968432
10600,6.799524262021107e-05,0.9909120410991684,0.0086108521228472,0.014910003172377886,0.000581414569325281,7.27052863247701e-05,0.0007568463345875932,4.8639186980080195e-05,0.013265411182885486
10601,0.0012632983242120515,0.00032062557365992615,0.2210615557762563,7.949663578908327e-05,0.0018695790242004811,0.0005797920562413772,0.0007874124335085433,0.0012708533055039194,0.9839510663675499
10602,0.0010371193119267177,5.4055183124494455e-06,6.195087855865791e-06,0.007927625751667005,0.0001637858098980309,0.9966010137904538,0.0019246578807133774,0.0005952721651050687,0.0008362554654067723
10603,8.898336998189991e-06,0.3735978367805732,0.5654310623753365,0.10297447580780472,0.00040718235263518957,7.075850412641611e-06,0.006663830478667893,0.0005939288778026488,0.00016848645708220412
10604,0.47732801896249766,0.0011130728530548734,8.60519394840672e-06,3.2326208314616186e-06,0.0012978088837342296,0.010832803176959916,0.015440898378668856,0.6156309027722991,0.014572436420784953
10605,0.0036832630248673347,0.00015860115543086753,0.010452283264419281,2.3359551522021562e-05,0.0035974674760263312,0.020359491543119286,0.0004352287507571599,0.0053490722618481845,0.9677283957287965
10606,0.0014245352409818712,4.955824913182302e-07,1.3264733665753936e-05,0.014872219390854756,0.0002967394136944081,0.9983009120994734,0.0005530186628688354,0.002867644434709355,0.0001565656999004558
10607,3.63367667660372e-05,0.08730115425929666,0.5822478134343714,0.004501163057094615,0.0007511857566695516,3.963869294872338e-06,0.006071294590331335,0.004619896357136953,0.005052149405318183
10608,1.3841616132850027e-05,0.407679525045569,0.01958531354462732,0.0013377979367682502,0.6723954528963807,1.4615682372811718e-05,0.00024258646896337227,0.007081171045194324,0.0009146638503822472
10609,0.00039099753698895615,0.9397168162655966,0.01371046792142081,0.01846071399223716,0.001372053887271307,6.786414539677791e-06,0.006823552358945791,0.00018101543465331378,0.01763972849305944
10610,0.0020482418433858565,0.9982921892142481,0.0016748813081892328,0.004588587512110766,0.00020778435909783553,2.5693906774779806e-06,0.013325273293452622,0.0001330799658332601,0.06320247571715619
10611,4.032832890316103e-05,0.004491429131036869,0.001670040436546161,0.00027155526113919413,0.9934340860841342,0.0022084927417486185,3.2775628795887433e-06,0.029650493849547002,0.0041126786251540265
10612,0.8412327272891729,0.012613328495410909,0.00019059853251601744,2.009824154302513e-06,4.09847823559558e-05,0.0003594628837714151,0.613235351587699,0.007799147754277482,0.006870525367890867
10613,0.005225055585485353,0.008988097094244646,0.025954964034612785,1.8180683530395186e-05,0.001991987881485004,0.0002432802668236468,0.0005989491060797581,0.00047369519309290375,0.9949825429774749
10614,0.14185871267154676,0.004889962076490016,1.7615931555717634e-06,1.514071832978615e-05,0.0028440373778907666,0.0045230644380309815,0.0023902836846255854,0.8989768329592036,0.0027571670887627953
10615,0.0010601298616594091,6.5757280342684885e-06,2.4211982560192796e-06,0.006016356008623321,0.00025736202070501634,0.9979749903813847,0.0010514526879524414,0.0005431796824357591,0.0014990515642949675
10616,2.9723546774963434e-05,0.9951290662825808,0.005615447892856733,0.006892196629705564,0.004053546535711539,0.00010068448038400992,0.002987488610843166,0.0005089823339993324,0.0004254777649956378
10617,3.9174576939802933e-05,0.05402217519911322,0.9115633268915444,1.927086687601562e-05,0.007607659967491277,1.2813873336377363e-05,0.006746559453868058,0.0005332363531589569,0.10990871255715402
10618,0.0010635191766707511,3.5600267223048505e-06,9.015430645278468e-06,0.008136026862320076,0.0003476784893124032,0.9979550444304539,0.0008520428101566827,0.0004404953301838275,0.0015073993333956693
10619,0.004506703048552868,6.443852432183526e-06,1.3739258358507869e-06,0.004500616303224946,0.0011546469095594033,0.9984142092765992,0.0012049298499650584,0.003223032824150899,0.00016376316219161177
10620,0.003099405789419608,1.0227484103903583e-05,7.489752785337422e-07,0.005470541441086636,0.0011610382489173907,0.9986838653351333,0.0005129082992591919,0.0020999085170416197,0.000293827304472174
10621,0.00031048146411828,0.9467882394000762,0.00561581668140409,0.0511436543276335,9.624209083821742e-05,0.00010206740593541753,0.002135006344110627,1.8323331961570436e-05,0.046320133624995666
10622,1.9112397050435894e-05,0.0409124766006933,0.8684162887008753,0.06527282519997343,9.288131532925487e-06,9.836573955756346e-05,0.08681136291802309,2.195508583999168e-05,0.007773138038671807
10623,6.018809298124701e-05,0.942494221622157,0.03354237989469617,0.03610504329012216,0.005649656590455742,1.121248040202397e-05,0.005798853183447307,0.0003719750692985761,0.0002972729385126796
10624,8.393310089611763e-06,0.031961707958019434,0.9428116366785688,0.07369745636202936,9.992765014333727e-05,6.95152170753415e-06,0.017659958135210707,0.0002982869379510793,0.000901858321323845
10625,0.0009453969599399773,8.294202416501907e-06,2.9985922916426173e-06,0.006357155854283415,0.00023969931465360868,0.99719650534135,0.001386890758515492,0.0004390054434739912,0.0016165333782679058
10626,4.899394399908925e-06,0.6012419710268502,0.4317391926798086,0.016942428388787453,0.0005960843233043865,9.097633154919922e-06,0.0017934647003263091,0.0003213338399537334,0.0028000688852131616
10627,2.6306342931112705e-05,0.9973382393652818,0.00438330086684706,0.006170198845601468,0.0030045895227845507,5.96430008817234e-05,0.0030060293113627163,0.00020684189997755055,0.0020214157075948464
10628,5.557532335274257e-05,0.010906411809157279,0.002725865210283604,0.0002684133523241555,0.9892061356748284,0.0007061627799898681,6.721786968009449e-06,0.020138433061310922,0.003927002134202734
10629,0.003207766953154745,0.0010949012417459678,0.020252793823571928,3.3442456573034245e-05,0.004657302957955901,0.004787361028655078,0.00013755058857407995,0.0010646137589809255,0.9886617280117453
10630,5.552148053515806e-05,0.004449147340169197,0.0019283875795987377,0.000268922180825865,0.9945757083957474,0.0015419768423401063,3.1198648979553803e-06,0.025405105407777448,0.0045309643313803894
10631,2.423068956657364e-06,0.19541433455628798,0.7672173503882824,0.03556259368794065,0.0001484257881142486,8.134636940366032e-06,0.0015461053644399796,0.0006078846527938508,0.0014308986229629686
10632,8.783189833302217e-06,0.9487269608003113,0.025209513027871302,0.05809047147332263,0.0007335543012329679,3.088784111612748e-05,0.0025503152944836697,0.00018424720035216402,0.000636434259009807
10633,4.747835359650214e-05,0.7860226226215274,0.23109840655681824,0.0005668295645442665,0.007101100408794444,4.1698721667044524e-06,0.009288790829946967,0.004031866366201382,0.0010440509446303808
10634,5.070522663786635e-06,0.8130809618680448,0.14047680391907372,0.025871189056077125,0.0023876650600167058,6.971086060915506e-06,0.005203289327478928,0.001145591380731928,0.0002644816014186724
10635,0.015265749018861605,0.003004939512890372,0.003516822371220698,6.785544209786533e-06,0.019762912612178322,0.011055029689783702,0.00017978886048470655,0.0017346364825558986,0.980418001268288
10636,8.08993831607433e-06,0.18303174703153677,0.7478007270783611,0.228438792401855,0.00027604640252729297,6.805271644372666e-06,0.0035677983780123246,0.00045813553189376707,0.00015639106193744747
10637,5.8379076965497457e-05,0.6162890977428304,0.3618046998987527,0.0004534924056186324,0.005865593520028087,6.497455479277015e-06,0.009469416578833566,0.0018716792478817338,0.0022621187645932572
10638,4.555834621426709e-05,0.05819862627459507,0.5466618049871009,0.006072568911752111,3.066220592336554e-05,0.0007797506731570027,0.03766799994333081,0.00027015788697130644,0.00149894288954321
10639,9.22434362510853e-06,0.6075934675870289,0.27632842582309725,0.10043643345843642,0.0008311889198443914,6.523616340423525e-06,0.0050212845726431985,0.0007462056598577438,0.00013459254199820077
10640,0.8518931795514547,0.0007674559527220763,7.297605166292738e-06,1.5128875324403305e-06,0.0005865413509694424,0.025348382761852455,0.048009597515256325,0.054264630751867576,0.12895320354324993
10641,0.0038863323227728342,2.3055336862570057e-06,7.722144175983162e-06,0.0025953905092902605,0.00048468808285665913,0.9971793637305334,0.0022774189515300768,0.0012323173104789315,0.003148644823737723
10642,0.0025297767687868,0.002981442960803687,1.8754477030184456e-06,1.0911960122531396e-06,0.18434076545865255,0.007302836816034474,0.001119808778888268,0.9977808790128603,5.6766939021341144e-05
10643,1.1387345004490704e-05,0.8131608232965662,0.21158260875979254,0.0009546327935722402,0.012522651046032807,6.469200696749087e-06,0.0067991969874584045,0.005769077821825619,0.0002184564095947243
10644,0.0010010584445146991,0.0002244259882026723,0.029185193900507018,0.0012261804979686328,4.42178312352205e-06,0.08081895331614015,0.36916736580563086,0.0012464449331812462,0.00025665487714379394
10645,2.8257925485421793e-05,0.6227782305659858,0.36260274051906183,0.0006546883093190198,0.011062967655788411,6.535591892916088e-06,0.008327282664479949,0.002997578555665388,0.000745536456914325
10646,5.143147229901664e-05,0.33536791138820976,0.6096681157121449,0.027410156667857403,1.97554631132265e-05,0.00029588963130117954,0.0415710267849152,6.346043883216085e-06,0.025444492612844097
10647,0.0021439146933268875,1.9108201457098942e-07,0.00027673245063956957,0.004875293529837801,0.00028374222712506606,0.9958406136048293,0.0015670672649888706,0.004822378076721684,0.00015909812267773634
10648,1.2092966045542888e-05,0.22206045406452224,0.612392418278371,0.09133718260110274,1.6938472666970955e-05,0.00011692091185472362,0.02804518745808676,3.714490544697173e-05,0.0020147972333866768
10649,0.0011175043451579585,3.098353101589467e-07,1.8826383943889335e-05,0.01602498736432961,0.00023108066206865434,0.9982788424434946,0.0005753682135018711,0.0026209960266015036,0.00015999730684158696
10650,0.0070753983643321834,0.0018433470945110662,4.217631164341505e-06,2.7757078340890097e-07,0.07813432624958266,0.0016040812404912962,0.001704607309929751,0.9987925516678892,0.0005682315796591659
10651,8.06630394533486e-06,0.8762329502947193,0.1458766280134119,0.028912707405128354,0.0011422437862427233,1.3620625890730162e-05,0.006332148118710762,0.0010584832805580876,0.0001244604308681225
10652,0.0053439389673871985,2.5444930519710302e-05,0.0004974983985549311,7.987203326385885e-07,0.0049105353341053655,0.08453282038273469,0.0035905081727261173,0.5248478571644734,0.021837854839188348
10653,3.0890459457499117e-05,0.3479098604320541,0.5091283167686824,0.0006091469223649444,0.005608850463135629,2.6311446303530627e-05,0.010399720102528463,0.0020439230797700235,0.001719107936739017
10654,0.0005918521295850273,4.3443079578016137e-07,0.03101421709146929,1.795384990743009e-07,0.007255097843077027,0.038068870183455415,0.014013157255353143,0.9652922449572917,0.0016586962967041043
10655,0.41894399709551117,0.00011317519381365478,5.268878126098575e-05,1.8615625551903102e-06,0.0003470970376081576,0.02943343270855425,0.03269540962733447,0.29332836301927717,0.15987474120738376
10656,0.00011545101601760531,0.9694447429353449,0.04092102492101309,0.013734927313959824,0.00014554477625389848,0.00019362123503596687,0.0044823147561755495,9.080391023361393e-06,0.03780923971601987
10657,1.3468293736148496e-05,0.40676128411004925,0.5228578958604967,0.07017783295338727,0.0009559148318302369,6.32587893184661e-06,0.009802046962404967,0.0006507704996096879,0.0001255670841157982
10658,3.243483038196228e-05,0.7839094203272242,0.2274839590381297,0.0004501853929471451,0.011017258310724006,3.2589575909695327e-06,0.00537384680806637,0.003981137932748041,0.0009430472066376207
10659,0.06840199464812906,0.0011321099703222532,0.00018647476295046374,1.307403446148311e-06,0.0026327623707022435,0.024887562119273062,0.00037404208062828817,0.014227318311978347,0.9429324976666669
10660,0.00023280645280078713,0.9921010438277357,0.010338639085823312,0.00819582413521606,0.00014094729121642252,2.522515328477648e-05,0.0041078646785668955,3.9089028572207396e-05,0.04606553362944182
10661,0.005766630335024087,4.2096175714814753e-05,0.00017110692218729115,5.291421972205632e-07,0.012367457381677237,0.0011362880178442925,0.0035550801053139385,0.997566057168407,0.0024787676149960695
10662,0.00015933278691555535,0.9564561046297635,0.016974690494802946,0.0005837447924093229,0.005302876851363746,2.666085039592678e-06,0.019596936411962605,0.0017310835867233108,0.06526178401295431
10663,0.137441531735433,0.00038220663146138487,8.308228413358983e-06,3.151340098415518e-06,0.0033676539887915018,0.005317846265424355,0.007003242642770822,0.8602168335240622,0.01899284248734465
10664,0.013840831846372234,0.0022091290645403308,0.00521880662056161,3.789104196495104e-06,0.009679825113009072,0.007956256381315809,8.267314857863433e-05,0.0010155002399027345,0.9965975793342008
10665,0.003047839519744047,1.3760990408219259e-05,7.851576415817563e-07,0.004652142380865373,0.0008889461297277133,0.9987916575430273,0.0004755250745533481,0.0011149037312860443,0.0015814348054891034
10666,1.6650924525012734e-05,0.27047759484921147,0.6635612918786833,0.0008257857011344199,0.004945251083057803,2.4315322368997402e-05,0.025539397738803583,0.0021068260445171105,0.0008231191816392578
10667,0.018055877321410407,0.0018625323049518757,0.0064745090289098665,8.784330371665369e-06,0.008562223155031103,0.005357007799685991,5.631819382719148e-05,0.0009513596776255964,0.9903493539164635
10668,0.005327898287340969,5.174538676322363e-06,3.903590085170395e-07,0.008881173859690094,0.00039053649950569785,0.9339751092870905,0.002333812824394979,0.013541480719981227,0.05756343870354905
10669,1.6884740748441024e-06,0.004972588590680211,0.9942093513140594,0.0343356237102694,8.62338044375174e-05,2.5893250525940477e-06,0.004068523801915006,0.0007266596535873331,0.0006906544813768604
10670,0.0007820398715416226,1.7778765904774353e-07,3.611746163577695e-05,0.023713529965189026,0.00012074128290110622,0.9981668709474533,0.0005179655756810756,0.003183813285243492,0.0001439286236470342
10671,0.0015776087329911375,1.1412194375734096e-06,1.3284909914716916e-05,0.006424980046171871,0.00029054417749000794,0.9989178106886127,0.0009496348271013745,0.001372638848804712,0.0004915466642753728
10672,1.3629530318763712e-05,0.7685347132211738,0.1817429141575425,0.1124763323917611,0.001027509813181462,9.381633841395372e-06,0.003061978870716596,0.0006991520654438009,0.00010756641818285475
10673,0.0023712778205015705,4.427225325909002e-05,0.00017078779686828413,4.094623503624644e-07,0.0341817702594282,0.0009995851693784307,0.0009045784194719969,0.9985091457152729,0.0008403988654630946
10674,8.837696365118514e-05,0.4601692042652091,0.460299149432896,0.0004360547055743727,3.870410912342396e-05,9.390103532549075e-06,0.020007284525465314,0.0002745622514568233,0.673311206460872
10675,0.00010340080667715008,0.5280302023920357,0.022294935448502366,0.005740862854416258,0.0003783332318030051,0.006157444327882815,0.0019124781064857798,3.2340100001445654e-05,0.05261264895703317
10676,0.24928718001066152,0.00012651650953853722,7.417793212316066e-05,1.7225756326055372e-07,0.0028321366455564484,0.015742232715031182,0.007141638928081295,0.4453578899642809,0.1500616578363208
10677,0.0030997352492963177,4.4824204012532165e-06,5.0657434768771135e-05,0.0017298939529787893,0.0007380294125504466,0.9948719891254156,0.0011221935633721656,0.0010410461627631351,0.0016528868692209653
10678,1.4721167542555786e-05,0.6290522167319849,0.420897905851792,0.004570184261548904,0.0007227918961039842,1.883413366084037e-05,0.002818294774777838,0.0007312285425218924,0.000796414456414066
10679,3.1194064260457056e-05,0.8416062338137906,0.12394325304929371,0.0007276416547637479,0.01627826439680998,4.153453899560765e-06,0.0016806167509576823,0.004904831031526156,0.000649575788533388
10680,5.925538189041213e-05,0.8653080290006666,0.11182665510151368,0.007024117192404323,0.0024485770324662683,1.4037892936755246e-05,0.05218965123747529,0.0006356441569896247,0.0001017929224955311
10681,0.1323431154925495,2.2041641218480932e-05,0.0001841477975161439,1.4210708028688921e-06,0.0012396732002801921,0.017084365403739987,0.040787236956255135,0.7483754344781601,0.04628528189504987
10682,0.0006968627212601409,5.40216031760172e-06,0.007567260080075687,1.5768162597691122e-07,0.005433497020640121,0.00011751344808278129,0.0035882946084995777,0.9987079020715351,0.0035892613383274375
10683,0.0013310371789823753,0.8329550485591575,0.2604236190547467,0.006895832640386194,7.821687305526008e-05,0.0001136005997135282,0.03030931637144384,2.9788250657884203e-06,0.023593255512993475
10684,3.674604669517112e-06,0.39346768365837204,0.21554090981574564,0.35614211241982746,0.00020434619169203892,1.8583777158568976e-05,0.0016796610726950148,0.000280442178232716,0.0002430111648291927
10685,0.0016682673448223035,1.271285430004857e-07,3.077979282818318e-05,0.016619239194961263,8.195288454615846e-05,0.9914445225011058,0.002466017304325035,0.010239396509188517,0.0006761008194516921
10686,0.20795751123861564,2.1566511841425746e-05,0.00040150877822965245,6.519208561546045e-07,0.0004224272916801114,0.014742948438295935,0.016348337476443216,0.523303993758632,0.1466809677712421
10687,0.0030648155684643032,0.00518888252248951,0.003506536323536567,0.00035672406968574507,3.690918062384255e-07,0.0010777133804679329,0.9932568247946476,0.00278673855602416,0.002242738323454076
10688,0.00016999084315089745,0.0019232408974103068,0.002920639608678914,0.00016148097768145574,0.9755449808582178,0.0016837972438324949,1.2291173348093963e-06,0.13941539124501492,0.0008266370085120879
10689,0.012592617395502496,0.001225098795377303,0.01131875318122016,3.1216796715073776e-06,0.008496812102196489,0.009006630969652384,0.00014560890838407633,0.0016015879739086172,0.9924822866806592
10690,0.0018758580971144645,1.4357666334858011e-05,0.0016554162890536684,5.034947634126341e-08,0.04950792806373787,0.006598446219024399,0.0017043131503932589,0.9869196754557946,0.0005393874963053652
10691,0.013375907474932029,0.013014572940723997,0.006890426719931589,9.772729833351547e-07,4.371159018982437e-06,0.00011549037297216026,0.8652070236822484,0.014535790427608317,0.48661521200114705
10692,0.0014567325846912749,5.455024663101045e-07,1.2846158158072747e-05,0.008365245009877445,0.00022933252311726094,0.997083942059741,0.002017661499153429,0.00334693271135563,0.00016380439485797334
10693,1.0999982428851528e-05,0.6612640673446788,0.28089818310613224,0.000879875685108873,0.017875051982827104,7.360114071324692e-06,0.006156845082654135,0.006312232373415722,0.0002581321973820091
10694,0.0031698786593056328,8.624997377929913e-07,0.00030608614722074884,0.001972998357674588,0.000166051031411319,0.9890526874867845,0.005425002777560002,0.0024649298260940805,0.0005176863458130319
10695,0.012686976870926734,6.241705055127426e-05,0.0002311409003402341,4.692220316545253e-05,0.0010152011052654102,0.9257956458392532,0.003256601948844654,0.005351156950477383,0.006354071421029527
10696,0.10396025902895258,0.00030353825364269903,0.00011535468023592741,3.7490558096905955e-07,0.0010623817895122698,0.041203980325961446,0.0032810753785157518,0.04458966516422085,0.8388086026275717
10697,0.004284256527870945,0.00015577111170436152,1.3998584910433657e-07,0.0016339580277075763,0.003220300891719665,0.9988899349984832,0.0006603091810205139,0.001255316303684559,0.0005467390338553935
10698,0.05601857957660192,0.07360587421870708,0.0006371621842211036,6.482312494890764e-05,0.00576051680945964,0.004066081076686051,0.0005090269274335717,0.00016709026549544353,0.9619837814827432
10699,0.0028553070744575374,3.3007206225856396e-07,0.0003080299317274278,0.002344744066296979,0.0001329437951314515,0.9875793123154826,0.006632270657285875,0.004245005849231196,0.0003700811128470579
10700,0.01448094047404766,0.0007856481477568765,9.841283092783833e-06,5.9176141098898e-05,0.001262570876712809,0.7016031537361395,0.0029356970170705335,0.01091654077819871,0.1624012321298469
10701,7.530091089314462e-06,0.14585658610942565,0.7759671213579882,0.13569447570879145,0.0004481530876902334,5.087653879503726e-06,0.005446642393556157,0.0007772415727137766,0.0001982019803085872
10702,0.13210529396179735,0.22524737998066563,3.7722389959197705e-08,3.602088131953143e-06,0.007725522858057063,0.029515211868433568,0.0004186781288138372,0.8481009054743769,0.008142371018618283
10703,1.774917661306082e-05,0.968852798329668,0.04128111323489533,0.04445626985087772,0.00029063495996302455,2.6529130039855172e-05,0.003509902791533895,6.516939658354155e-05,0.004025758379005745
10704,0.0015944780115761722,0.00021341534293204035,0.00014322884583429054,0.01416420191359097,0.00712051002085638,0.4188825822687078,0.00028675096939248014,0.0001830478533292511,0.8832552203634029
10705,0.011443819993426951,0.00011163188033838712,2.7493890245550505e-05,1.1671454918479509e-06,0.0356713766081379,0.0007908358095263886,0.0027183429031147933,0.9974258909925786,0.002154612860790109
10706,0.001031601261006558,2.387526991307229e-07,2.1413770539651195e-05,0.017065051315536803,0.0002092997067017268,0.997933790284263,0.0006245232038845454,0.002759638168316626,0.00022141782295440472
10707,0.0011443076069164997,3.4937041195307584e-06,0.0055143618258063675,1.3319047887265996e-07,0.013871417758338812,0.1124950589176049,0.0050954555289831225,0.8186198483183076,0.005757516080987098
10708,0.008717553226819602,0.0013522475703367206,0.00521955997430377,5.185976647087748e-06,0.009355690307292526,0.00949741410085339,0.00021688232390157071,0.002132919123358173,0.9884937673243077
10709,7.179055346604717e-06,0.8515706798891595,0.06539148084432346,0.22106869462448597,0.00025487195049243665,1.3430006869770213e-05,0.0012484453355370668,0.00028392451831807023,0.0012379152526442434
10710,0.006561931621088202,2.9775823543937716e-07,1.5116818432250498e-05,0.009720664986528535,5.6428169052519924e-05,0.896236246869465,0.019276456700911205,0.04823886864746225,0.005003858965600082
10711,0.005344285086632214,0.9480534775744649,0.024702757776809598,0.0004846729400830677,0.00019008190300806273,1.0478638824782017e-05,0.008313714551352307,6.521838871244863e-05,0.3172899568187446
10712,1.2595655737282152e-05,0.7295760702199473,0.23426380573793537,0.0007412183645750087,0.014268763475778169,7.3038018293217345e-06,0.008096967212208617,0.006953441435114564,0.00029539574378465973
10713,0.0023089937802731096,7.691476618309428e-07,2.7983033303866456e-05,0.005523406119010532,0.00041890113196179924,0.9984204731676383,0.0012175001138183207,0.0010694137179416907,0.0006650997444406094
10714,0.9148596128034233,0.005541248480983034,6.412779416644875e-07,1.8811727665298492e-06,0.00150933401029777,0.11040892245792702,0.013476599079714036,0.010063982647117631,0.0753865060357345
10715,0.02399272661185382,0.00020709223838708403,4.488912770426575e-05,3.415097336325952e-07,0.03927436983545529,0.013151679682602583,0.010365597754725194,0.9779443242834357,0.001631419708029432
10716,7.614548250423452e-05,0.8271381549828134,0.2311800273392668,0.01749931669710783,0.00016796105469306575,0.0001793665234461594,0.009734361556362425,7.579384574032433e-06,0.01715712178150245
10717,4.7157023452121846e-05,0.0028369791331187234,0.0037467295356567584,0.0002461487651114531,0.9937928139869234,0.0020235406779363207,5.72916139862148e-06,0.027504714962168747,0.0037441991605344305
10718,1.9992832244711536e-05,0.48401155511362803,0.4671276876027468,0.0018014899505335042,0.002623182150868014,3.428198191852438e-05,0.0347740743807909,0.0012069199660916905,0.0006397053745225477
10719,0.0036295090707476408,2.1591102037820262e-07,1.3818620635424784e-05,0.010609802367361322,0.00012477969926169598,0.9873929056741952,0.0038101783893864727,0.016898371283718214,0.0018983280839407614
10720,0.0033203931748495125,2.400770434789223e-07,3.8611585096304983e-05,0.007466196435229724,4.28727033337425e-05,0.94970570835279,0.04111161486848573,0.00825512124136552,0.0025721629372145935
10721,0.01398580878907485,0.0007043564499698899,0.0001212877150057234,4.251659051385319e-05,0.0026601347822207185,0.3161220806301941,0.0007068999840781167,0.1043028847720967,0.00031347779628269613
10722,3.607611514353202e-05,0.3510213156627842,0.3236515040446279,0.13804299624247182,0.0002745613428704419,1.6575207562841765e-06,0.010282327347223669,0.0020412591766046694,0.0017444418463056902
10723,0.0075374683072544895,0.09882821794283314,0.010643946295533908,8.196822022768705e-05,2.4664480278794206e-06,0.00021750469846113635,0.7848758373931867,0.009007565398711188,0.000793483026704844
10724,0.0006046198497782312,0.035739044936424304,0.03453814379667977,4.7298700560804646e-05,0.0005810701930594347,0.0002971297411340376,0.28425480645705403,0.0165644279748312,0.0012894897242403253
10725,0.03418248271658043,7.149057938985485e-05,0.00010217764544790521,9.62183399241301e-07,0.009647376026875662,0.0018784336887946985,0.006411786171720386,0.9911806889667658,0.0023709596812312066
10726,9.052123609597786e-06,0.5054597618981383,0.3468517142938051,0.11366854174606231,0.0007853627519722866,5.940211650101141e-06,0.0038884440417290456,0.0007945943999731169,0.00021109812876961658
10727,6.184376692788533e-05,0.613098989380398,0.49216796521720496,0.036991424052938746,5.365798746505955e-05,2.6096741682355223e-05,0.017917071125931265,7.581910941220899e-05,0.0017843890571051012
10728,9.797562308223467e-06,0.9666562347573703,0.03930481233624236,0.02713727315946212,0.000693673116483024,3.999727529543816e-05,0.00317562438662292,0.0004269084680127566,0.0004042633352326075
10729,0.008516807607895121,0.0004804062600387136,1.4987417278303913e-05,3.6485109584208764e-07,0.03540621756181569,0.0013722957295904264,0.0018043996621589934,0.9980993995369652,0.0014988554081263904
10730,6.342084757365248e-05,0.20179555687544853,0.7608185903608402,0.0006325783273686676,0.0013813377873925338,1.1167375665633512e-05,0.020314800259072983,0.0007850327059508649,0.0063418922251680535
10731,0.2882855795562398,7.963426696944281e-05,7.479748433713971e-05,1.4229709962171752e-06,0.0005013697285752492,0.0273136938587809,0.013551906030232097,0.45001825318868816,0.11244222657295942
10732,0.016488532200824756,0.0010130371695275084,0.0013665398394484914,2.0067712917964453e-06,0.00377789897147343,0.012963976015187341,0.0003537326728992983,0.0046471749077191754,0.987704319362632
10733,2.281113613857476e-05,0.4528735404710649,0.39669146704372643,0.03531496600610547,0.0014830097602400068,1.26968867991277e-05,0.009077289120715239,0.0008364296275176994,0.0001419155944209206
10734,1.1494763597037618e-05,0.3585081851770845,0.40192785649153207,0.00045010432516383325,0.005778618978588885,8.485822635464769e-06,0.046543729766262094,0.010053069584824052,0.00028875549369297807
10735,1.9520127053303794e-05,0.6065601058360729,0.29331523856370556,0.06811102846406253,0.0010944536196860197,1.0537114161366654e-05,0.007188024081663039,0.0005366637086706904,0.00010187323197000734
10736,0.002145530086288383,5.820304879074472e-07,3.3646128648717584e-05,0.006643859137230473,0.0005307668337382394,0.9984977422021051,0.0008576035857489611,0.0019770603011166135,0.00024082597206500513
10737,0.007097905795675951,5.09583431294484e-06,0.0006146812392967079,0.0001627074635473671,0.00038294217628863527,0.9654404789019579,0.003399589110882951,0.00923636646107829,0.0010540430208156096
10738,1.799627855734634e-05,0.6851115917450048,0.20581754684315737,0.09320491069501687,0.0015672935955922083,7.511326512225587e-06,0.00453259456478052,0.000685416551025905,0.00012510779295045688
10739,4.718899451170663e-06,0.17670105625609853,0.6443372376979878,0.01924045878915214,0.011575268322913423,3.1909295285866226e-06,0.008532132565983152,0.005405354882145986,5.0827731326760245e-05
10740,0.03152974091405065,0.004248415651503099,1.234433517342251e-06,2.790518038147162e-05,0.002228587485719906,0.04352539833995616,0.002336415807910886,0.9100646745706671,0.0010525747318595113
10741,0.00020401747487797093,0.9148702816408353,0.021584500356211744,0.031809614685541526,6.376386135135095e-05,0.0005945779224722664,0.004748564590331517,2.1749834009168444e-06,0.07334375055121796
10742,0.0014258975613064076,7.562026347990645e-06,5.26425679160572e-06,0.008264046478097406,0.00019595332464640317,0.9918842035772276,0.005947532596857278,0.0014232602593200621,9.970466244126412e-05
10743,5.438671721666027e-06,0.3538901887545523,0.6453744985849396,0.056925517642976334,5.111269746952078e-05,1.1750768096157003e-05,0.019404346115234377,0.00025553638063937094,0.0006441138471240994
10744,0.0049770503290306285,0.00010360591632857989,9.428208507691791e-08,0.0025695814936629096,0.003300759982568387,0.9992157694895233,0.000513905646766635,0.0014623083175972738,0.00022346699445158192
10745,0.0013117920063449226,1.0578842218059611e-07,4.605474322902447e-05,0.026349547866856126,0.00015963255774883195,0.994112704534467,0.0009655915704418204,0.0033722630793393093,0.0005196418132147071
10746,0.020895513559147306,0.0030566581636760344,0.0016849630775922849,1.9586554475980482e-05,0.01107255189458507,0.017933270634013402,3.50824933812178e-05,0.0005009523815679681,0.9864371916419524
10747,3.19246301252867e-06,0.9935444296457243,0.00634195252703628,0.007312163961001242,0.005122937284441402,1.6221812013811252e-05,0.0015197035439654337,0.0010041671305454879,0.0007984427452195996
10748,5.0695454872188e-05,0.9758727526509433,0.012994771750849477,0.04822396569138463,0.00017601032244165697,2.5196261120679343e-05,0.0023165076230806684,9.513493233212544e-05,0.006449486382946555
10749,0.031473990674162164,1.1565988860508072e-06,0.004459204126748106,1.7516905082106598e-07,0.0015521107928010034,0.004789312527466027,0.007233376480071952,0.9340852985145248,0.11733939567274226
10750,0.002815776685579001,0.00041472375225377233,2.3829525021554313e-05,2.3872743546815604e-07,0.157418731929917,0.0022725839659376973,0.001293975086936937,0.9980155232040017,0.0001742142604841203
10751,2.1520831950796595e-06,0.6254985280456525,0.009326618152531588,0.4127484675041357,0.00014759587632911917,0.0005785264425219109,0.0008594871829610696,1.708972443125531e-05,0.0022970202729186485
10752,0.06439599371814458,0.0011219324002642458,3.181429248684596e-06,8.000846963692475e-06,0.006896672155148551,0.001339716721057516,0.0028347849152148296,0.9654583632069677,0.0036339184167566373
10753,0.00016192256823522756,0.9046479237645014,0.0334870571871682,0.04103865915036322,0.00014430394358333576,8.18412480429571e-06,0.002577486093551932,0.00021559843517216724,0.006393095384057962
10754,0.01228412562588973,0.00027518691333214105,2.8293991937992457e-05,7.437037202844436e-07,0.018622055160401704,0.001678760467854475,0.002538121293763156,0.995116159318158,0.0031459596764763587
10755,0.0022991018349326374,5.740712544408824e-06,2.832980123341388e-06,0.0039336417905683155,0.0007020581956516019,0.9991039397754113,0.0006942068069886807,0.0006187705853407115,0.0014190163907902714
10756,0.01675959962353724,0.0002543380778718385,0.027151658424786427,7.182797173974018e-06,0.017238354091870023,0.0027793011327480305,0.00011169984211376518,0.001214062742567126,0.9964096408112545
10757,3.2748555414689883e-06,0.24117488268515347,0.508878524051381,0.029479634954716668,0.011766650091507892,2.2446211995512685e-06,0.005375437140339239,0.005259609925502455,5.157216264473092e-05
10758,0.005278570527896705,1.0156755439096641e-07,1.5790734534843156e-05,0.011238553894993864,0.00015715083210424526,0.9637115918860432,0.006223606169464209,0.03136590741417508,0.00412062608715748
10759,0.024568789110506018,0.0004434918753365489,0.00042905642518494734,4.371588659585539e-06,0.004054434702076282,0.11226170832621515,0.00016090484519591623,0.006889000407884387,0.9122861834544083
10760,0.00426178594736044,9.56093103095136e-06,4.5663769985815953e-07,0.0052998946759247306,0.0006288432919666566,0.9952315591897962,0.0009507755470806721,0.0043484110841014315,0.0030743459151513415
10761,5.657005272006439e-06,0.4790157351460745,0.4616080706117429,0.001388795592395051,0.006849317422010217,1.8172048640833743e-05,0.013991893647297061,0.004562392897303999,0.0002243640221318338
10762,3.609498912829644e-05,0.004279349953025822,0.0059137963539637505,0.00033651796327611555,0.989809552074108,0.0011171000909156962,1.129791761589616e-05,0.02149862069749971,0.0030376051340070373
10763,1.7368406159701453e-05,0.5568210963767892,0.3201000216167121,0.13779557884414603,0.0005454477152533413,9.434190433403945e-06,0.003359151807648375,0.00021599318948104033,0.0007104334347041153
10764,0.04640351346144771,4.015932587625868e-05,1.078889410979984e-06,0.001323400827574096,0.0005385195786578225,0.8854631581228917,0.009234445347318182,0.0033334638461675514,0.04650127052844087
10765,0.001687799477597063,6.749090105704258e-07,2.283496440146375e-05,0.007442802659148424,0.0003254430882325057,0.9986660716406414,0.0009837635324221948,0.0010894511633565763,0.0005791188528298852
10766,0.002764677654749767,9.897231480632585e-07,0.00018548829862284556,0.0022566552856952533,0.0003675577795469255,0.9932847185424571,0.0016937295078961931,0.0020636911088376605,0.0008678232295287079
10767,0.00231070332196299,1.6893135526844868e-06,1.4009352808183334e-05,0.004876967621196523,0.00040398342634156514,0.9984291023455223,0.0011861920784211307,0.0009476426185572672,0.0008983275823840519
10768,0.0017154622144535106,1.2793895053460387e-06,9.402812199042822e-06,0.007958711292358613,0.0003433408355929175,0.9987044101115606,0.0006543712663318925,0.0017493160711218936,0.0005897655047260222
10769,0.020659986646557087,0.0002547057908252884,2.1979003579490573e-05,8.870059823690991e-07,0.06350010196351359,0.0007096970292613723,0.0034783815810486337,0.9981386886626603,0.0007879865474110193
10770,1.4811016592522965e-05,0.05297804801340703,0.026648065800665872,0.8229543361714011,5.0875911733071036e-05,0.00820383506282271,0.001558115059692403,1.3732699817188937e-06,0.0060323884423431956
10771,4.325734718617966e-06,0.9496070061789534,0.0459468739953924,0.000842329087961361,0.020936368891212052,2.6111306663876928e-05,0.0081637292511334,0.0015389727065231755,0.001380794946119205
10772,0.0052216405885743425,1.2304724190327139e-07,1.9998935484184976e-05,0.01431216120807127,0.0001679702310541061,0.9237395558089627,0.005693262329653894,0.046440334694468566,0.002763217894450936
10773,1.378679623571901e-05,0.30349840666074557,0.5382464480947923,0.1734320043977855,0.00038564096781991495,5.661968903791926e-06,0.004721064914345895,0.0005228605271069127,0.00035042560629686733
10774,5.105241014175985e-05,0.23479892209481507,0.292785378986556,0.12489947924081117,3.522015181325775e-05,0.0005421851180233803,0.009753382858089108,6.459679217519445e-06,0.016859299338475502
10775,0.03400636111312347,2.1205159164345533e-06,0.0038086651502797285,1.738600884589196e-07,0.004050791932551735,0.0053033104671530076,0.0099744706189641,0.953751312609297,0.024239419001473143
10776,0.00011301087272157173,0.893608167017999,0.06676464357991344,0.00031474691906516547,0.0003836728940682404,2.2778557269070715e-07,0.005076653790124693,0.003950023523517599,0.3083893907418233
10777,3.0150777821303095e-06,0.7652767890883151,0.16031670645288668,0.03147356350684529,0.0002096459848220077,3.1022532067395455e-05,0.0016456046831841177,0.00017357648855059472,0.0017296716371242595
10778,0.04715618205467221,2.1723676680691884e-06,0.019574429948838304,2.9679312404817634e-06,0.0007332153635306318,0.009579708188719132,0.0034597056958673945,0.1127553178116159,0.6401776440787393
10779,6.749860079056771e-05,0.015787060704328653,0.8413660442252622,0.01413012921193545,5.573428227526117e-06,0.0002402709708612887,0.43599565017011666,2.0921231299526273e-05,0.006341248574494174
10780,2.760348495551688e-06,0.6873153145165727,0.35668364365871985,0.010338103954068941,0.0003111876695228833,8.442973497275914e-06,0.002225567581881771,0.0005789615239632401,0.002155931074112578
10781,1.8842996288470553e-05,0.7558055541073289,0.12907423486762967,0.0902123988906365,0.0004259422873798902,9.061295590684349e-06,0.0037689571298718497,0.0008583532097571939,0.0005176757709433857
10782,0.010163593482313594,0.0032926232282226627,0.0010366978120753237,0.00029318948736888425,0.004669681076310392,0.03190535999089883,0.0005149831782840453,0.0008285708032628447,0.9055609990348501
10783,0.42751300513618,9.174333051639445e-06,0.001031817114999191,7.688723785935993e-07,0.004623326848935573,0.0016425489306671297,0.0564079545076103,0.7174992583822831,0.0031354790067723596
10784,0.001016909900690017,0.0001114460435934751,0.016364189220882043,0.00013143532224946336,0.009992853327133296,0.003774639801376615,0.00017000347390065334,0.008191919825045068,0.9529374418175443
10785,3.4811088998548856e-05,0.7661049453764179,0.016240336678377026,0.11084508991523444,0.0005070208904026295,0.0014694766409507158,0.0005177540306904004,1.2822239619448505e-05,0.0050702180910938335
10786,0.001999111717309989,4.122921948960723e-06,3.3323709980737216e-06,0.004474658970130272,0.0004334230769938322,0.998865366549798,0.000874284677898759,0.0008609212160000946,0.0014877075732629252
10787,6.748573268853843e-05,0.6201252363523452,0.28865298018613017,0.035154202870246364,6.18513722852683e-05,0.00032767235557443225,0.010425797033445079,5.445919362173666e-06,0.025254228378075158
10788,0.9654583154446261,0.00012315794969110293,7.368475846437836e-05,2.3502083870264664e-06,0.0010941524280193469,0.007743272340757235,0.042558926924539525,0.08096152502336344,0.0020725685156081568
10789,2.16909137718773e-06,0.9875129028693366,0.01100865597232559,0.004652538484571073,0.019488357733559038,7.793656342921164e-06,0.0023055455177581723,0.003563840893658914,0.00032384701559769424
10790,0.06375465949503319,0.0617822039285021,4.0298666603434316e-05,3.196994628356637e-05,0.023967947214096504,0.031035309274805106,0.00012910096386002027,0.001162079233370168,0.9624547083269164
10791,6.287423614175033e-05,0.8225444484222164,0.07510523364796892,0.03830190624113705,4.903038839513711e-05,0.0009841683876514456,0.008448699653924483,3.429580535887646e-06,0.04278744282089779
10792,0.0008155650815789459,1.2187275579637972e-07,9.026976056444562e-05,0.009831900013270941,0.00012289180754189961,0.9918245023379694,0.0026253024224773113,0.006296056112134645,0.0001552189938623577
10793,0.051067926948335236,1.7766961681287364e-05,0.0013671789793316654,6.559148772452304e-07,0.0012887231871681168,0.0027059957746735086,0.028903272769466283,0.8804105300003645,0.028981598398870857
10794,2.8070234936957313e-05,0.4255200864714633,0.36067690821296194,0.0004955884248858565,0.01232559662202889,2.3684705081849486e-05,0.005903419646760209,0.002158871516895362,0.001257170672800503
10795,0.030367091363994268,0.0013111270111704583,0.00012107756821677579,5.507097792386908e-06,0.001198123594826911,0.6065679496049484,0.036269551430006174,0.01061850659131339,0.0027516396146533063
10796,5.784719356172049e-06,0.8667151685786165,0.02903802276595606,0.1997510116626776,0.0005664939292584566,3.0692824096300075e-05,0.0013058127251433767,0.00017034250418064678,0.0004304628535105936
10797,4.90839445494003e-05,0.5514753144847228,0.1525496069950087,0.10983799071273945,6.443802976724857e-05,0.0002095454533661485,0.005257069656633796,1.1708007714149803e-05,0.008357574517987522
10798,6.31402867416541e-05,0.9187843823882621,0.003600483915475909,0.14742636088780905,0.00011256550938781047,3.517950520221386e-05,0.0034171669486731562,0.0001185898646231534,0.01873721486041056
10799,0.00023329965915464373,0.9895107427099881,0.0014207362534930125,0.03756639894931659,0.00014203442128161634,7.434498022096295e-06,0.002609418648268257,0.0002788310423317173,0.03324312933464611
10800,3.864114427910497e-05,0.6104413204510815,0.33338167539338454,0.0006535621819325106,0.005953861543575742,1.4621817966269768e-05,0.012191148424974629,0.0016611530201616539,0.0013208740758838696
10801,0.006307632330731851,3.835908443908659e-05,0.00017639853715444245,0.00018356489401066708,0.0009117943227824983,0.8767718023673797,0.0018521135407579934,0.03856890065165413,0.00022462358829627288
10802,0.021618249536651663,2.9853651243705424e-05,0.0014601943878912906,2.3984968672273795e-07,0.004224115916367364,0.0030601175275400305,0.012236648836036989,0.8388074342618185,0.024435245219066648
10803,2.5825689542996792e-05,0.0024672593215408676,0.004493222156542992,0.0004383834345966675,0.9901650091836806,0.0016297941176417168,7.221702316602988e-06,0.028733488756556062,0.0028478117112032825
10804,3.948874038910115e-06,0.6152969167280596,0.045004893050462604,0.37385429310880136,0.00026064196708025316,5.169193997181976e-05,0.0012801396108878499,7.745095408322422e-05,0.0008580923838721928
10805,0.06662311813232469,0.006351973133819434,0.012684225286646986,0.0001304689050605851,4.62448424249691e-07,0.00013507634873170614,0.997815975984318,0.0014710657751856933,0.0003259429966583245
10806,0.003011101376007568,9.841065756568111e-06,1.1113311097026483e-06,0.003503645076634872,0.0006325607995598473,0.9981150034457547,0.0005888154130505298,0.0023516168829443356,0.0028815494134960522
10807,0.006754667838571638,1.2895131478443668e-05,0.007649423531918451,0.00030420448439881585,0.0012765767525050114,0.33922986354639734,0.0008630063271158439,0.00491053773263267,0.1217222446108849
10808,0.22758116950927929,0.00011852331805872135,0.0009017737050094338,6.0108621694830745e-06,0.00047169026852061154,0.0197074695822248,0.15547050662493397,0.14533626129924443,0.001326160139224734
10809,1.1855620588415045e-06,0.07647832571989378,0.004378458363106959,0.9605008090901489,6.453205304341307e-05,0.006228216046032986,0.0005168629933256088,5.597179738332163e-06,0.0004356353270389585
10810,7.929291090358076e-06,0.173859605667406,0.7143651580576951,0.17540794227529938,0.0002862104745550246,7.98945438182064e-06,0.0048384510100250655,0.00043631302310289196,0.00019634964343216216
10811,7.661389196417396e-05,0.9280686057586268,0.030936582189931314,0.0005765038520776948,0.017791372042402456,5.573463849290506e-06,0.0028862122440688194,0.005439598024859875,0.001138289121763366
10812,4.1707923941925375e-05,0.6989645125177588,0.05491401765705331,0.13372243725127128,7.858837815722496e-05,0.0007359898068696013,0.0027735569474673927,5.50811359181823e-06,0.00862618953895723
10813,0.013411646919919931,1.0429722796067222e-06,9.043568502489465e-05,0.0001993303629149142,0.0002783794773501466,0.6671799294501081,0.026599938143230074,0.2807221875710738,0.005427075640251453
10814,9.96479960885899e-06,0.4704247007846936,0.3228772592546635,0.019014507662962272,0.00610771021345963,3.8097620442626805e-06,0.014990940633011339,0.0019790650009705204,9.423558813535965e-05
10815,0.2669219601724589,0.016139934043611213,6.772054247966509e-07,1.1165692375459294e-06,0.0029964400572772823,0.05954353178766942,0.00321988313343131,0.4064046817581272,0.08547767872580582
10816,0.0018621026362390684,4.7517169911259414e-07,4.488478701941461e-05,0.007090620951988681,0.0003536960895783892,0.9983719250182859,0.0008788020224785528,0.001674548335433123,0.0004243321041130055
10817,0.008757762907430952,2.8105294651018516e-05,0.08295458166903108,6.670059738190587e-06,5.0232945985595944e-05,0.001193938539996996,0.5860809598993024,0.09299969962606652,0.021572032788396985
10818,6.780849767992105e-06,0.992642201842658,0.006606671098773087,0.012333928914950077,0.0005538308554952664,0.0001153580637770507,0.0013668118078490068,0.0001180634147951402,0.0028933020873369796
10819,5.242321446696751e-06,0.06815722518552639,0.8590635539805888,0.16835572967098136,0.00011716114013946722,5.797229372682013e-06,0.00883635642806727,0.0003135331849233336,0.0003674788818422053
10820,0.0023398454540357375,7.591695518760396e-06,1.2966007760670696e-06,0.006810690932110419,0.0009531476032875148,0.9990827071011611,0.00032555677054663015,0.0015471485883639027,0.000318288421093973
10821,0.01327747123245451,0.002586245146477957,0.005092529444688477,5.495331021517527e-06,0.009245487376615277,0.0045736095041602675,7.099573030820606e-05,0.001305790584498865,0.9953327305162398
10822,9.290161533647818e-05,0.6385345332451107,0.2899565289775378,0.0006191273748928224,0.0026728228183873926,9.445056626026515e-06,0.05083970483708489,0.002401887234997983,0.0038137085775381565
10823,0.0013480419933966181,1.8966841529002553e-05,0.0005360137311213805,1.1779484412476466e-07,0.017418586536575065,0.0008311941135674914,0.0008911038740196991,0.9993601960333689,0.0017801998031482778
10824,0.0012307708998091037,4.1242787299538707e-07,1.5661179078002496e-05,0.009388893685523739,0.0002116333411106967,0.9980487237519726,0.001432274463998456,0.0029362552062001893,0.0001655587682747361
10825,4.854533067915664e-06,0.9661949355525948,0.0340634109447248,0.0037515531607314103,0.007467312248445131,1.090109028232046e-05,0.0027322138673140707,0.0008245404334570158,0.0011410014900141623
10826,0.012451072938544699,0.002766916464329772,0.005371460998053472,7.956634403989651e-06,0.016602061288243417,0.003994442723890019,3.3916665871646225e-05,0.0012937457223264474,0.9950636385640079
10827,0.0014743777749740374,1.2878768947393857e-06,2.5287036810527083e-05,0.008515800513479421,0.00047282359872293943,0.9983229025881093,0.0007834993359081694,0.000693194211357224,0.0008243017192684359
10828,0.002562716497305179,4.145293840714328e-07,2.5814374693845772e-05,0.010216116481395433,0.00023655929411470049,0.9972802930428907,0.0015054985763309089,0.0030754227698112,0.0005090675125635771
10829,0.003872085187691376,3.2820649562766276e-06,0.0032386398822217563,1.2175512319541017e-07,0.007879070463778521,0.0011961818702870763,0.0030063654292928816,0.9960042481362371,0.012077368512929851
10830,1.8654043595474192e-06,0.053318060043540366,0.9207179775201709,0.029070972452220078,8.826763869810326e-05,6.494815799934839e-06,0.0034616684119083132,0.0002230023517737331,0.0028348594855492895
10831,4.7101634079033374e-05,0.9794353260701998,0.03783215424938794,0.030560098419292598,0.0003069824709067955,4.167480438089835e-05,0.0026823806375526195,4.15828849004515e-05,0.003910769467779872
10832,8.879084999707923e-06,0.7935436942314881,0.19550429889815812,0.0008923617627027204,0.01569043869565576,6.861715774407122e-06,0.0062797831029609095,0.005957006206742958,0.00018438700032611503
10833,6.72618667379677e-06,0.7539324220090624,0.14898847421529968,0.17061499099057897,0.0002598083926873136,1.344087706282364e-05,0.002021031732700118,0.00035981355543518873,0.0004803310746510063
10834,0.0013625694698127452,6.24629838289026e-07,1.1790798811928783e-05,0.015690238506724213,0.00025409307433909363,0.9984747292815723,0.00041124612052898847,0.0032117691549175035,0.00022879036230266338
10835,0.00016279764219138208,0.8486935977747028,0.0770334305590822,0.020794542102254666,6.384011716275482e-05,0.000289712463405762,0.008908466994616851,4.648413938047157e-06,0.08191686166760392
10836,6.252695920768585e-05,0.8262911640263557,0.11033155076105346,0.0321372054018306,0.004190045397588645,1.7002867119966804e-05,0.01022484334020659,0.00031164397028569246,0.00013531760053311703
10837,0.9555705637169264,0.0017825239736495623,0.00038141317513155145,4.3068273649833465e-06,6.086223705023244e-05,0.0008335999777170377,0.5225133529126827,0.0097544192057821,0.0018188852980688848
10838,0.001865693496698035,5.738787228355064e-07,3.816988449919525e-05,0.0051641868989829465,0.00019277363439254528,0.998094407879413,0.002699195974289276,0.001396233948139555,0.0005226845978379966
10839,2.0525460465804833e-05,0.06626697296778014,0.010165474496234148,0.0006822843700024209,0.899819394797761,0.00012153453087435556,5.797109025012928e-05,0.01739456424897582,0.0011823309084051325
10840,4.573037040634149e-05,0.648977165870987,0.34293352398422894,0.0004126906305755707,0.006167709141301624,4.533992244634744e-06,0.010419930203634404,0.002596824612565629,0.0019371800247825514
10841,6.7048997807196676e-06,0.44056266643001185,0.04142876821613171,0.6177980669428468,9.402137851873083e-05,0.00032620803655888095,0.0010941175283683633,4.8832707679278604e-05,0.0003035028373539654
10842,5.8461874385105365e-05,0.9957287901412653,0.00724774508652586,0.020965995458730763,0.0005229090604050645,2.67733811834423e-05,0.0011329495951170688,6.726506362183392e-05,0.006087521071765832
10843,6.064710862840689e-06,0.9251116059039075,0.05173425516254258,0.027393437482331796,0.0035305015069900247,7.751090470437998e-06,0.0032359886096373454,0.001081215408746023,0.0001904519997622171
10844,0.0017348174372840634,0.0033794696261255277,0.1211401098324072,0.00011058163721812041,4.4707278994008354e-07,0.0010271974439454677,0.988077742633192,0.0024606524385759046,0.00047041154926060646
10845,0.0015442966011571762,7.552289582886525e-07,2.0203277566545008e-05,0.006725480482222268,0.0002377605969241399,0.9987528090574928,0.0012577166834815108,0.0015697777971810977,0.00041759582480417953
10846,0.0006079749454188435,0.804820942694089,0.02071980128471276,0.0022208548571689695,7.886284732544404e-05,0.00042167430170011696,0.2451070743534442,0.00024645624341015606,0.0013137054800507093
10847,7.09478521677338e-06,0.6399470531620087,0.20109642038117687,0.20143265981032688,0.00032383845237566396,1.200033818380059e-05,0.002059794584078447,0.00018816690659819284,0.0007301948533362495
10848,5.405455802563006e-06,0.7650840322324672,0.16750113514743173,0.01001910647820121,0.003109982527447672,5.652394696841102e-06,0.00265950769209483,0.0006698872144464115,0.0009925775867938662
10849,1.1373386127540048e-06,0.002869208101635482,0.06719537577985642,0.9840964745379023,3.7185479234471135e-05,0.002202537077202413,0.000765428902114486,2.628871593510511e-05,7.420326592087397e-05
10850,0.009662665022010087,2.306921181160375e-05,0.00022392239989240027,1.256728947350203e-07,0.010482307199163099,0.008542888233358975,0.011955247977210834,0.986124571993154,0.007392038994381955
10851,0.0014631945556996923,5.265381076104252e-07,1.2526608344290397e-05,0.01552367005021724,0.0003548103873346328,0.9983277374606728,0.0004894641208448955,0.002398339573122872,0.000155392297238545
10852,0.10134715760031889,4.133882119332644e-05,0.00010883890580624203,1.1080468297307967e-06,0.0021224267898569925,0.0056049249995094655,0.016177067674526736,0.9005152683862565,0.034785515758981284
10853,8.26016361959633e-05,0.0057223242811245386,0.0013546641445689271,0.00021520998869024475,0.9960626269267042,0.001275423626600666,1.83311027008805e-06,0.022035081724267967,0.005801587861142192
10854,1.612910389341382e-05,0.9101289854072684,0.09823191183602573,0.02802094114247933,0.00019821192746500896,4.1908823773663384e-05,0.0029605649349434596,8.342242641286068e-05,0.00941600207936936
10855,6.328805780346221e-06,0.7582426597344365,0.2798014617708155,0.0010722265589226648,0.008799762427642304,5.68025290117818e-06,0.010645647114649005,0.006898793378548542,0.00018416080683110746
10856,2.6410072509259883e-06,0.9833705617571539,0.017626701082509796,0.0011035215294278695,0.016906403944938326,1.3905802977590517e-05,0.006297046359348429,0.0020398646074270676,0.000947090551751236
10857,1.2415985579336375e-05,0.7670085937667495,0.054040112905967844,0.06407565592278179,0.00025639302851892685,0.00010262277444550841,0.011364833733043728,0.0002866403913596532,0.00012536683876757527
10858,0.003010935608371991,0.001602989261077684,0.11874506667904157,5.197237229197916e-05,3.646871219776425e-07,0.00019412538400635294,0.9984296803423931,0.004765925753537294,0.002315001599031495
10859,4.92302815018171e-06,0.196972192509445,0.47437151600564725,0.004791671799599576,0.03354086997541857,1.0247124928557854e-05,0.006861134576764405,0.005494852899139238,0.00010702044599058074
10860,0.08764099763490678,2.2933445039538877e-05,2.9402059351235265e-06,0.00029920963724095384,0.00023990551554053908,0.8422781514670941,0.02397031167810289,0.017893313395507093,0.015002779165259241
10861,0.0010492849575746528,1.7250220627803772e-07,3.988721512775073e-05,0.017263848105324713,0.00018801706146836925,0.998233945162648,0.0007646602667958028,0.0025775849481555523,0.00012948972130449182
10862,0.0057389493132186725,0.0004689240516726965,8.902463420115667e-06,8.250981540916444e-06,0.4435730663781745,0.011794586524084577,0.0001681244507377163,0.9814587118354845,3.291147754887902e-05
10863,0.0020330912522281727,7.551479135682132e-07,3.7538159322353405e-05,0.00471875546444602,0.00023352185931516787,0.9981965894937682,0.00204856598497964,0.0017021961286693753,0.0004233246842948586
10864,6.119697125027967e-06,0.9352337887399932,0.07521091895295655,0.045534726907963397,0.00035920599786355326,1.741445058283608e-05,0.0028227344419782937,0.00028830767966454645,0.0009288479790578345
10865,0.04932388522167973,0.000119239091592885,4.419021277792399e-05,8.40445700705204e-07,0.017292334932670458,0.0038273866082695973,0.007142233636482346,0.9562312609081843,0.018787532779406087
10866,0.0017099519680871791,0.06544981001088472,0.02132904713248442,0.00012095478562394193,3.7153841070716294e-06,0.0002921832334923219,0.6687201492689986,0.010747840240860987,0.0003109963358479064
10867,0.00036046865592836503,6.416460073875822e-07,9.599413170611202e-05,0.0002203443509027809,0.016012940742865495,0.9259794262450901,0.0010962122163357866,0.5170843028613515,3.122689364901376e-05
10868,0.002937486702781941,7.003191079929134e-07,0.008094065117845115,8.472784658490881e-08,0.004796285513039081,0.0008124934353994772,0.0049694869216672,0.9968214421107287,0.018918314274282155
10869,5.1128778105083474e-05,0.005667232088451961,0.002481035915554669,0.00025017858241822946,0.9922754000882584,0.00109507330718173,5.106032115029429e-06,0.02413450364813547,0.004392777676539066
10870,0.005356887274944507,7.237556091465179e-05,0.00014231142229906746,0.00029202920917660634,0.0047857161536078805,0.945019477783617,0.0004583446528413069,0.001253158971415602,0.012280324239889904
10871,0.002906956607562929,5.53640054127046e-06,1.2804653212200703e-06,0.0037286568853340104,0.0008773743476526027,0.9978202794382002,0.002436889085512506,0.0027171456762070836,0.00010483349859508844
10872,4.301382207412421e-05,0.021956450929205843,0.00448221605431171,0.00033276664017148675,0.9746785243717694,0.00030477038451041125,1.6379710464292554e-05,0.017581267518059798,0.002771062037471611
10873,2.7601182472061224e-06,0.04430922418375622,0.9606785579885317,0.009083893571235848,0.00044848089996783947,1.0149928450680237e-05,0.0012649401330392376,0.000515464091775148,0.0012214679232905364
10874,4.531734640360195e-06,0.9189153223256082,0.09813022593743491,0.006802969806399902,0.003996641506283081,1.111301046078026e-05,0.0072386544596680525,0.0016935551811434247,0.00032475356877350426
10875,1.3902601734462086e-06,0.39312394928184274,0.3835208484988426,0.012980576611216706,0.02007158517087492,2.571244636722754e-06,0.0030901916226976295,0.012238862698759897,6.178311397895688e-05
10876,0.003411639620802118,2.946677669029424e-05,3.767194218894475e-07,0.002552324611906486,0.0009722906608549294,0.9981088795153387,0.001020853044660203,0.0016066125869916483,0.0013864400557323379
10877,0.0012383962069250068,0.004670839496823089,0.16684298627519456,0.00022474312309147867,1.7941847127986404e-06,0.0011484479225775607,0.9506034347479417,0.0016449454127775486,0.00024293135976452622
10878,0.0003266112717706077,2.2757836997353543e-06,0.8655905545630175,4.624856055641248e-06,0.18337681214641186,0.0003580917205964366,0.00023411828541117664,0.059171002971324334,0.6219235470855037
10879,0.0014136212926079035,1.2168384557131013e-07,9.300448469079929e-05,0.013621000716186866,0.0001886468858942864,0.998525074741018,0.0010320612522209589,0.0022980212502404,0.00018755526280133755
10880,0.0038240365707529213,0.0003665683955587074,0.0003767021229735122,6.530531878240369e-05,0.0017894297053113381,0.7883762039269033,0.0009753096365239376,0.0037673660537253157,0.011304208354267655
10881,2.7049217316465477e-05,0.4852181720675309,0.3356857982112118,0.037021600145541456,0.00032756355582909554,1.4712618316779907e-05,0.04545664114969012,0.0001103416463837714,0.0005321439566561646
10882,0.00214246993309997,2.133890015388703e-06,1.1981934853552837e-05,0.004737454312172945,0.0005683247051616424,0.9985178871129391,0.0007362809414938595,0.0011694171690821988,0.0008176193749801476
10883,6.469209210580077e-05,0.012541651275620168,0.0008113201710719207,0.0008179009184051613,0.9714193706312209,0.006428432629185221,5.0936293393099535e-06,0.009558054500544233,0.003665288091723929
10884,0.011186391405757808,0.00029691803319627225,4.622745444073674e-05,9.735881457546534e-07,0.017311082595019643,0.0006600805609006566,0.00765559230977997,0.9914669629155034,0.002648620385805262
10885,9.54975990982262e-05,0.661179730853208,0.00833216467565844,0.2914832140548914,6.993376402635599e-05,0.00014273097755037513,0.001561288262881278,2.8202599957003703e-05,0.007096370742658474
10886,0.022263557193271635,8.748323550628841e-05,9.765495126791384e-06,0.004819593367669587,1.61475900659593e-05,0.28327231941249464,0.1874019155172761,0.005947503570981281,0.003582496187757736
10887,0.0025526232344527883,2.1292281515276e-07,0.00012454627566504413,0.008506509017297973,0.0002733582802237076,0.9965842624827467,0.001566633961645774,0.0021782966190242777,0.0004721101474313671
10888,1.4909219902904951e-05,0.9661608282249511,0.02711357492416369,0.049943376094237865,0.001090299956394869,1.6688631328138737e-05,0.003607481841899889,0.00021917715824339542,0.0004946492535374556
10889,0.0011596834422081077,3.410182862570425e-07,1.8334564178371776e-05,0.017910416702312516,0.00021460448490388015,0.9980166737648704,0.0005673906733806736,0.002410536687040807,0.0002130340549453217
10890,0.0003345376877018783,0.00321005658946982,0.17336840538894685,4.6918120638664626e-05,0.01805827242604639,0.0009725243738942021,0.008111570304686273,0.011784513213102693,0.0041239588433222675
10891,3.350198386684208e-05,0.7964836239951302,0.22095546788087497,0.003282716124497251,5.750361230607738e-05,4.692238716626094e-05,0.008029490891358106,5.369703408088634e-05,0.1229103534340193
10892,0.0026353477510593242,0.0003346531501671055,4.242180077927724e-05,4.047991164724114e-07,0.05928932508382588,0.005145423034081191,0.0011612104574356985,0.9933228473527316,0.00017876771624406875
10893,0.0017106069206362185,4.6528115546563657e-07,2.8408373268406618e-05,0.006815481096249457,0.00021416456546626401,0.9979289271719421,0.0023070202498351555,0.0014692759537083123,0.0004250836340766682
10894,0.0021301543662908223,8.085388356534321e-08,0.00018437193496723985,0.00883867833005621,0.00020003793189471428,0.9974570512407304,0.0021094940426251564,0.002535789243516174,0.00026372215031550064
10895,0.002372786416172403,3.289021181732539e-06,1.73787140514868e-06,0.007408502517328612,0.0006704439125764497,0.9979058934541727,0.0005702013453537002,0.00185472972434486,0.000817329117011085
10896,2.5498458542934965e-05,0.4593541123092869,0.48442132455556663,0.0856194951497982,0.0010244726597676294,7.755101042220724e-06,0.011190651014785861,0.0004037618565852277,0.00013738548204636215
10897,3.9539716926617304e-05,0.4596707708056499,0.40537095087013547,0.05269373391115388,0.000572770092103136,6.140707485342048e-06,0.03576746772083832,0.00022302324311702712,0.00038316119421354463
10898,0.0065794607973152595,3.193691048056673e-05,0.0002999389938866957,8.146205144875467e-07,0.033059022876710385,0.07021576019316592,0.008216470030457649,0.9306288338553613,0.0004061542843030115
10899,0.00018140943855318752,0.9965755564460611,0.0022525731725073737,0.017657430447598172,0.00024885765638179295,2.2275143997649016e-05,0.0013262091882254746,8.051433242569859e-05,0.022349541509453674
10900,3.6154207556239834e-05,0.00013134364202510202,0.007021385288078479,0.43526841737258004,3.866220784343613e-05,0.6061975469449855,0.001974462941687556,2.4625340344731312e-05,0.0006258853914305922
10901,3.595942758787044e-05,0.1528319338051582,0.6657768237568124,0.00047780101262706267,0.0042644649312002375,2.897031739063616e-05,0.0339466412795336,0.00260327953592431,0.0019618700923598295
10902,1.0862609455357277e-05,0.9786135666448591,0.004713024061582574,0.037806123750527616,0.0015925202750547605,6.256786918419941e-05,0.0031451019326928153,0.00011009257930940626,0.0008892305670295242
10903,0.022360498771117576,0.009166168153529978,1.4505704230010364e-06,1.5934584193679458e-05,0.005032406872097037,0.3524220372690147,0.0008106815845090726,0.2929067275822496,0.002586998053416608
10904,2.897586829507538e-06,0.8210426950448484,0.12757726238918277,0.027623621704989654,0.00027410827225117306,1.9936758084289743e-05,0.0011030435563911833,0.00020894092563761882,0.0026258909083756994
10905,0.001962023185542217,6.924455960356174e-06,7.966019501769609e-06,0.0038459321141139685,0.0006060087989752147,0.9979145999948369,0.0013104501280797281,0.00033791244517474635,0.0028633649496135776
10906,0.043797862577203854,8.952410138270806e-05,6.836300542262715e-05,7.83652297858211e-08,0.030320264822594027,0.0014870090904602468,0.05867360306296553,0.9864103546439065,0.011739160427085412
10907,2.442873307285205e-06,0.041154537457822174,0.9304381580265885,0.09804089846677623,0.00010914031852522337,4.058487712262304e-06,0.003413330948949072,0.0005037577268828451,0.0004453738589846675
10908,1.635071369996008e-05,0.08714444066322168,0.7402724183260085,0.10348939022924276,5.879674975909335e-05,4.432731654874731e-05,0.022722827011373816,6.49451302347624e-05,0.0013664149171871687
10909,0.0014012740605099845,3.579302989519694e-07,4.875064667430591e-05,0.008344367642632503,0.00013127644102579842,0.9977471600512641,0.0025764244795514913,0.0017670485050490857,0.0003539201087357099
10910,1.843074027280153e-05,0.9871864042085342,0.02690140198816149,0.009095466905216922,0.000277815725836566,6.471437749036959e-05,0.010112256297054258,6.769168927613314e-05,0.004677667083918605
10911,9.698483981957514e-06,0.9550254803668505,0.024657450992636457,0.06088635678480598,0.00013576445473350744,8.327024681078293e-05,0.0036180209591048984,3.767235589133744e-05,0.005807889650109392
10912,0.003240734800237276,3.56581727473669e-07,0.00013582206514139623,0.003352146246434902,0.00014629687506294978,0.9933854983905012,0.005725167326931949,0.0029258768006426806,0.0005835722750448094
10913,3.2986597515080036e-05,0.024917922640266314,0.9254311456132571,0.08038641990793437,0.00011482569093857843,8.529770501559955e-06,0.04144777503889142,0.00017608861444348215,0.0024351450706649627
10914,0.03290287819973193,0.0011051814672596715,0.00033564519797260286,3.2569842186395925e-06,0.0005766261992856381,0.001611576955305522,0.17073353480774148,0.4989633043267613,0.006762691664654429
10915,7.94901935606904e-06,0.18977835430762227,0.7774412596230598,0.03151277010964044,0.00022043080541269655,8.335170479705123e-06,0.0086535850903258,0.0003400965035794103,0.0021299225510515484
10916,1.555477691233207e-05,0.7548870179097434,0.30911885120027544,0.004374887799614691,0.0011223711353697625,7.583661220866771e-06,0.001915926286565518,0.001622408270956691,0.0006484985024874086
10917,1.1217262982386796e-05,0.15082434228862465,0.7060150780766085,0.1463772672737882,0.0001956567019112716,6.164819218582284e-06,0.009475690567440838,0.0002703626894593048,0.0008333648656535489
10918,0.9880661014082207,0.0016609784062676265,3.81542441660819e-06,1.6060814778235248e-06,0.004046679322523216,0.008274083220291962,0.027053483965634877,0.014007135255531704,0.009946219131487405
10919,2.9628738206658517e-06,0.14379701080996396,0.7886996357199716,0.06865325979410168,0.0001726605696152784,5.578295044844393e-06,0.003952185182514541,0.000687867194795736,0.0004300501456870006
10920,0.00015703358100350464,0.8914169995002008,0.029973497339190684,0.03908994996078045,7.639294376531917e-05,2.858171321611245e-05,0.006747084439786286,5.57095633098785e-05,0.03242425645090712
10921,0.004551573832211427,0.0056537429308179095,0.002857565362849307,0.000256335713730884,3.727229052356268e-07,0.0005270320716904896,0.9964646483933215,0.0033809758459072124,0.004317105610441137
10922,0.02275695660951749,0.003142805565037635,1.9882639688042306e-07,0.00010811106366420605,0.00178889383803899,0.3121500518869065,0.0008874394129314992,0.6855883559162931,0.0010542204210699194
10923,0.0002575479436233616,0.26261904243735806,0.008447474384337938,0.00027119055889406334,0.030370815724315582,0.01915030534333787,0.0006588189384184553,0.0001492591029823016,0.07943095505823525
10924,2.2894280242752847e-05,0.934462948095029,0.14145326597972432,0.016367068884855243,0.0004466570252925539,2.16561864223219e-05,0.025489320412323206,0.00047377448361681613,0.00013781244660223793
10925,0.0035107179428210777,8.898337027681397e-05,0.04168794835268067,4.401429101954217e-05,0.016921225503242307,0.003547952761794846,4.3520420632137326e-05,0.0013929111846579891,0.9936597725841566
10926,2.0628995661242414e-05,0.5999277036627868,0.003708564763670707,0.6173304690636832,0.0001071459661406135,7.58230756459419e-05,0.0017989085631430993,7.5792062672862e-05,0.004466087673426851
10927,0.0027697156545839997,2.3695726088701236e-07,0.00019259764626747972,0.0038673540382111707,0.000265648262459942,0.9957235748157065,0.0023695570915126933,0.003925997547631612,0.0002138289449684509
10928,0.08109192841992195,0.000508173088924802,5.580858165545116e-07,3.6159181923159545e-05,0.0015291757869682714,0.6832081066367993,0.002168553478715952,0.020018535690063757,0.2977078716863733
10929,0.005596603648452718,0.007304850720926015,0.0036570667201373834,0.0001850940443605864,3.681948567883957e-07,0.00047705277084259705,0.996716317841082,0.003205797274518692,0.003636417556929883
10930,0.0378571672619385,0.002762949421967607,0.005171109807308239,6.065424145943617e-06,0.02002285111904937,0.006161349099570607,0.0001018268209560731,0.00039974078777574773,0.9936235333438747
10931,9.445340967432301e-06,0.8923174527978137,0.07164364194597014,0.053870353195489724,0.0023317252483852696,8.370705766481139e-06,0.0030473883662848664,0.0012819510616467501,0.00012750589439997076
10932,0.00030135033155541353,0.0066341430831327024,0.8212625908243508,0.0006691798985880204,7.158770366332184e-06,0.00021230128972740865,0.902816772828369,0.00026994386241906994,0.001445608070040802
10933,8.10856577780405e-07,0.6142271297081578,0.2847220185579592,0.0035974296449672117,0.015512320531616974,2.827487334877547e-06,0.006320155982706988,0.015728912825903215,9.042060315741304e-05
10934,1.1117200099158128e-05,0.7052416590308682,0.1871871074138321,0.09884580169088643,0.0012364558076350298,6.843926276381067e-06,0.0035205845770410033,0.0008832046291862035,0.00013159020136379343
10935,2.167979829566071e-06,0.9286908678928182,0.12479980215600638,0.004001827388118734,0.0028375809344116723,1.1751079060543719e-05,0.006767829646881885,0.0040749285034787875,0.0001500443489100329
10936,1.4786370522915452e-06,0.6621575635928141,0.2872503349492741,0.005513108652167471,0.004645056537571236,3.432136600646916e-06,0.004204158492082877,0.0029978584895947414,0.0004894686918412027
10937,0.001799633304426962,4.777961734759347e-06,5.927591225793622e-06,0.006990315945690923,0.0005276725105135734,0.9971857487998109,0.000984530950942155,0.0009276770070286892,0.0010773462465565385
10938,5.040822312011095e-06,0.4011657814143568,0.4950908207888338,0.07027513324066795,0.00034789108313919114,7.952346086839638e-06,0.0029188770673815308,0.0005695363175163772,0.0002627298992510824
10939,6.27849796193919e-06,0.17839369354217216,0.0022393683132219543,0.8108917819878346,0.00012315382116463757,0.027546361478358504,0.0006565203330704263,1.3952355303526384e-06,0.005067752262874435
10940,9.168385338687543e-06,0.6114504237877003,0.3354333821021547,0.11547270088819463,8.684992342645811e-05,4.4393546227823586e-05,0.006752201127460337,0.0002749748429432681,0.00026198010355029674
10941,0.019370943116603975,0.0041877260706613215,0.015343506155045894,0.00014637303420107054,3.102529016653155e-07,4.255049298305106e-05,0.9986558545758943,0.009082592324305099,0.004720439490146215
10942,1.80734983548074e-06,0.4575195020291458,0.6032538874158209,0.0084410447449813,0.00016992531827310928,8.465472786415962e-06,0.0018427042559330164,0.000669100296054019,0.0029514890109790023
10943,0.013540611222044903,2.3741638272318886e-06,0.002877965145656294,1.0340138182039392e-06,0.0016053307306878482,0.0197376292104499,0.08096375064200878,0.8560111625683748,0.010804610922326072
10944,8.701656844380061e-05,0.8577931054472293,0.007632849209566072,0.1891133103693046,0.00013394376295182875,1.3067428841127206e-05,0.0018001326555887975,0.00024394623197007646,0.005960797844769579
10945,0.00015824953753925717,0.8223903629722445,0.06584077255129672,0.006864612713717179,9.176984405763852e-05,4.071710311958659e-05,0.06277816985158197,7.308358758422104e-05,0.04340113288574238
10946,0.015874958683334144,0.0001533321175392738,1.991622781263221e-08,0.0011899622302582995,0.00142908011619303,0.9880932365094058,0.004379420040514919,0.011586789737587333,0.012093785539982534
10947,0.009387987470300228,0.0022903641439879054,0.004943286603321695,1.0843775383486634e-05,0.010858288985490516,0.008820120584461404,8.315855991690877e-05,0.0005548516630998925,0.9953452646313504
10948,0.009769411262231013,8.420729287234128e-05,3.968394150327931e-05,9.086230149036404e-05,0.0014025281067723938,0.9772718687587646,0.001753088854967473,0.006421144846962073,0.0014825767433335364
10949,3.124630960484669e-06,0.6618324546836929,0.040620552050180364,0.26186649144542845,0.00016106746748024858,7.950977545999295e-05,0.002171770621110262,7.486968364986234e-05,0.0008580645822426078
10950,0.05956503282180138,1.987068653026246e-05,0.00020000939477559008,7.373093296314882e-07,0.0006051040451639253,0.026061522554587213,0.004255980197873395,0.8071267537089983,0.07422573361848
10951,5.379006514906277e-05,0.0042535218191927186,0.002220767146752812,0.000276035499766438,0.9941584287223167,0.0014078476413200178,3.375444745724083e-06,0.02601512838812207,0.004344911452540196
10952,0.028359493042839568,3.096520234639999e-05,0.0011983517881505369,2.930307359875584e-05,9.338133458889506e-05,0.4866040411079146,0.05990976187092647,0.053200417610666025,0.002151526686267619
10953,1.1211285182951898e-05,0.5296508834136999,0.4090846421202008,0.0008637800991493709,0.010105380279864752,1.1976182337648183e-05,0.012206718215093972,0.004163363336142981,0.0003631093766444208
10954,2.7003073677083954e-05,0.8371497524971385,0.10583430254495536,0.0488132020943644,0.0019756013535608646,1.1003397968136484e-05,0.009209451644300412,0.0004064273311606701,9.771954859344425e-05
10955,0.007555822042217451,6.865346312633068e-05,0.0001712752504210672,6.718578911316713e-07,0.003940942520293605,0.00723707427943411,0.0009862736651444226,0.9776460638574112,0.002454107699647291
10956,0.5279041531378222,0.0013292945651480882,6.812617252844831e-06,2.8780815238909563e-06,0.004757189468870571,0.001976895674547573,0.007514416626132162,0.8305148173291977,0.0005659302486357975
10957,0.24195707483467566,0.00010932779734219028,6.54318787910204e-05,1.5246616544721675e-07,0.0010466130919246114,0.03650378584147929,0.003057498875996919,0.21461185370275532,0.7128882936137425
10958,0.0011623411577777064,2.7722227264099486e-07,2.8941102515989773e-05,0.01080132203277327,0.00016276996568505932,0.9981441595531608,0.0012335162874362897,0.002114356965769412,0.00026541564067846185
10959,0.027002184369500307,6.428765937579839e-07,0.004362018837594586,2.2436379993397632e-07,0.0023814387981942894,0.0020404394927009944,0.018671707265928365,0.927125181378917,0.12782263930657248
10960,0.03467602236032388,0.027249905904863325,0.00012779214221593277,0.0015961801885014484,1.4207050292364812e-06,0.0005045745617636309,0.9701448707148668,0.0007715623622435349,0.0029479325098473726
10961,1.4229003194976275e-05,0.8638193572286814,0.11952780561081282,0.0010766470496190131,0.013077054927538643,8.135691842469057e-06,0.005955693792730417,0.005964985144791826,0.00024204065863654117
10962,0.007045819705683892,0.0011869013972531667,0.00994933878987421,1.492953521535621e-05,0.011310057437213373,0.014245762665972795,0.00011576574051883566,0.0008340232024272253,0.9902983781133714
10963,0.0007351880535089813,0.9947897348860445,0.003260172726865973,0.005651939175123938,0.00012562290003162468,1.2238025751547713e-05,0.007462690697699209,6.842780470945464e-05,0.21378980468654465
10964,0.11877001789233073,0.00014298593875945,2.786665019999609e-05,2.212915256135083e-06,0.002688906326465274,0.00441761925981768,0.011769411413354487,0.893962499237576,0.020463510654849786
10965,3.5111844810389636e-05,0.97984152134834,0.018412946629736183,0.029279271755282575,0.00027153189328027374,4.65253590302758e-05,0.0027810402975169787,4.406561715328529e-05,0.01319904812492377
10966,0.0026512862595784266,8.282953763316981e-07,2.5736391444091756e-05,0.004495499808071017,0.0004355830080559462,0.99852579263207,0.001215319579267453,0.0014914503070777953,0.0005547933955764534
10967,0.0002795992357148891,0.6737014073263254,0.3890483066860432,0.0018746038386284502,0.0010007806132720269,3.7610469601929805e-05,0.1065307842924222,0.00017916072908771686,0.00310198944830988
10968,0.0006913207915792037,7.180263571879561e-08,6.641648500696713e-05,0.023282578200643993,0.00010167239841328604,0.9965281409285873,0.0010184224024915901,0.0023726067715576587,0.0002177661492307825
10969,4.616111866415204e-06,0.9782625990265594,0.018593754585303178,0.006821507127640364,0.00721944912201947,8.051753985868247e-06,0.0032253558349323048,0.0011154056161380365,0.0005266977182567317
10970,0.3810335644445672,1.0240770750837021e-05,0.0013365574347830177,8.596398326454156e-07,0.002864180890779941,0.0010853905414756524,0.07197865170632164,0.7675942055091558,0.0017416950832862801
10971,0.0025468603796121475,8.852691104743039e-07,4.650972673376536e-06,0.0061221842979891795,0.00025659903561282404,0.9945859506875184,0.0029750204296005614,0.008865283942075813,0.00040953840482753454
10972,1.2123141628137979e-06,0.9760380472543561,0.029377198134451787,0.0011471285927264112,0.01624172686086076,8.134992016097726e-06,0.004525815289754295,0.004636310963233299,0.000688979810865056
10973,0.0017456785563093665,2.910616894624595e-06,4.150192147096246e-06,0.006427759530812642,0.000495086615481862,0.9990924089596821,0.0004427987703639922,0.001077307393772119,0.000885778779619008
10974,0.00014959750625978248,0.938053893371765,0.006831161524424404,0.06577703925325974,0.0001401854884620682,0.00017640466673892453,0.0015211010371912166,2.1922873251319838e-05,0.023239874031277395
10975,0.006405129903319094,0.0013896112699066884,0.01635500203179793,1.738482920742611e-05,5.314525788078245e-06,0.0011471638781251178,0.9504390014827121,0.033137048593309355,0.002281400045777692
10976,0.0018700133380935863,1.423650203646499e-07,8.411593361252845e-05,0.009279954240627847,0.00018061091851003734,0.9980560748626315,0.0016334314498407526,0.002840826350218165,0.00026393330496706223
10977,0.011439075507927776,1.4350349379921051e-05,0.0002984682975570971,1.9472804656800455e-07,0.011009798835045267,0.0021149551991066847,0.004893153087996626,0.992734121252749,0.016503628717317913
10978,0.749331228019608,0.0007146435108862142,6.215122918957499e-05,2.5415293411519104e-06,0.0006831261101106417,0.0018386261550738764,0.07334924992527121,0.26446290512406795,0.0021854726236043365
10979,4.799681566879516e-06,0.9348544515473013,0.04912344316411452,0.0319106633533699,0.0014027641671126878,1.000453989937795e-05,0.001689720315954586,0.00047886728714397814,0.0008776587186750709
10980,0.004188692158500763,0.003975654777055096,0.0037038424823350527,8.44377271491588e-06,0.015233193603253311,0.0014604881354519526,0.009506073293353965,0.1584997153908969,0.0227525187775148
10981,0.0013999278887693734,2.3674790922183648e-07,4.019964881996343e-05,0.00865582494253169,0.00018164228020424078,0.9982574609571485,0.0016606321086049915,0.0026616561323712464,0.0002514516654859538
10982,0.0017257639993568743,5.59376411954391e-07,5.216347593073297e-05,0.012365525888704525,0.00025353849622267264,0.9967071575327912,0.0013469034131418432,0.0015275712398641885,0.00031592432334137747
10983,0.00539762675197055,0.001628922297686722,0.018305650942605212,0.00014808040088973144,0.004193640377974915,0.0020997190532164108,0.00245055593204471,0.0006049234370980778,0.9808592356019215
10984,0.02500452076400486,0.06982709325120401,0.0004100504552339359,0.00010249688259091043,8.34226336403627e-07,0.0003531222260549011,0.995840196253589,0.0010594311146169993,0.004812959808484429
10985,0.017826776843429547,0.0049462150907815545,0.0010018342558073023,5.2644866524049894e-05,0.014859339630481885,0.018523898936465392,0.0001222894756679359,0.0017771595261437982,0.9630319733164764
10986,2.0505269102254793e-05,0.7605517359305296,0.24344142738459457,0.006827604232932979,0.004323301188944985,8.926848868608457e-06,0.0312516902355122,0.0012444002586045472,8.713157559940546e-05
10987,3.520342608725042e-06,0.05463642861332986,0.9807945622958552,0.0039167892231079405,0.00011223083938370106,5.795250047044581e-06,0.003090079891905124,0.000877705205493341,0.001754542564477626
10988,1.457147300290141e-05,0.5938323183734943,0.5928616696558915,0.047518040660317964,5.455943989134728e-05,3.069667405024507e-05,0.018634383138000404,0.0001534549292893516,0.0004938563869253437
10989,0.018167409981830907,4.080337025239965e-05,9.054771924799253e-08,0.0015136545665426551,0.0005132539948489914,0.9830582175819138,0.006856729666291853,0.018918468508943253,0.022814010038828172
10990,4.220247018212891e-05,0.026516983441152078,0.04348691360248648,0.7566156543288124,2.2560762761926098e-05,0.0010121925363493192,0.00427056675422074,4.982578075213473e-06,0.011183677070327984
10991,8.593925458046338e-07,0.04555769137971421,0.9552313089741946,0.004401775351494069,0.0008422362478601707,2.853740815137095e-06,0.0016244406027200702,0.0018231114817935622,0.0033116576233585215
10992,0.00014329600782627642,0.9774200469300011,0.026577420332023552,0.019963166996270685,9.287842788758031e-05,8.317773621000574e-06,0.0028231912095359325,0.00015636814554581365,0.0034357410202074047
10993,0.0012188985664338583,7.436556414303472e-07,8.410353272431859e-06,0.009219603822585073,0.0001818539166961897,0.9973127018438217,0.0012958601882126124,0.0017124861074728345,0.0007554525713212423
10994,1.9160457977619356e-05,0.8207161096919728,0.16474769455186164,0.03557104662547934,0.001499780736855231,1.003262272216763e-05,0.012198705399393175,0.0005883577568268493,0.00010263050144905783
10995,0.0018049870060438565,1.9762740338124153e-06,1.1734885257107282e-05,0.0072572992908151905,0.0004992450764816895,0.9982116958457011,0.0006353513476668403,0.0015524948926775293,0.0005090428430132577
10996,8.483433493127073e-05,0.9043808580256242,0.14352178760032383,0.006429791913234931,0.0006232156811077558,4.4467515679202125e-05,0.08585072181735547,0.00019782392297370752,0.0003857568983742562
10997,0.712625531649951,0.00012496465376865074,5.2539549500572946e-05,2.1154423934689313e-07,0.0005874180732722959,0.04036036717182864,0.01503648332650615,0.018665743439382893,0.14827900240307218
10998,7.917175900254015e-06,0.12421547424943125,0.7210944252049469,0.3181205218103872,0.00014187101931786467,1.2006942570579152e-05,0.0037371131960683684,0.00020136467940450517,0.00042861305813530137
10999,0.0019174148938680784,8.125028517981557e-07,7.498169908066476e-06,0.010430800406774078,0.00022135381367625835,0.9968488628317653,0.0010883235654928882,0.00374278345656393,0.0005858285655585382
11000,0.0003613390861036701,0.0008167688253760818,0.0912134244767539,3.4382196385904904e-05,0.004866182792776425,0.002182500817382842,0.0005898856706876422,0.006041950925025684,0.9167848540006567
11001,0.004301654373490523,2.5180395372548036e-06,3.894923163006822e-06,0.005042864451198175,0.000838405751813083,0.9982926962992426,0.0010807289630441694,0.004729382463462529,0.0002801577790857607
11002,2.655823922319168e-06,0.7616237740316172,0.17125555334883735,0.006257112858183337,0.023946458558125702,6.043348950702328e-06,0.0038143538640109972,0.006805384360841589,9.51387498987919e-05
11003,0.004659029403182603,0.40894153015806267,0.009473292527092808,0.00019753334085146902,0.00033180061516986756,0.00021842604823173905,0.008676919826096575,0.00010814539677855262,0.9375937780190559
11004,4.220787418453445e-06,0.6949177474902731,0.1608917616266304,0.0015915366173556442,0.00408173470521615,5.8210180698277545e-06,0.04068067301888205,0.02191677732874986,7.575763252069736e-05
11005,8.401859134046108e-05,0.9909745046750443,0.007240104496955375,0.021483747299019442,0.0004313506578016737,1.754720395797095e-05,0.001834219216970765,0.0001370969033261839,0.014757262188126286
11006,0.029095723057762198,8.516039680817064e-05,1.2037459944965891e-06,0.004228709104942389,7.441498122278144e-05,0.6885078080842278,0.08234366853727138,0.0007119947758738585,0.006597463337837865
11007,0.4350632801678846,0.0002917875612161468,2.179589094271793e-05,1.3010285693263164e-06,0.000596374432870912,0.0348327511420743,0.012459330321045167,0.33802100910584676,0.12793145788825064
11008,5.680976738287407e-05,0.2809675428431141,0.5951782282856763,0.0007961448535806823,0.0013519853784356361,4.232710615224607e-05,0.10087157182265484,0.0010355899546126211,0.004984224556180126
11009,0.00028625007782589833,6.779740434435324e-06,0.009015236620597538,2.4819022119811117e-07,0.030255292566669662,0.007922968472995631,0.00020462443756573553,0.9595967804825544,0.000449722767058609
11010,2.415156187064291e-06,0.3483940273911669,0.6228234870627409,0.02560193999717071,0.00017025190962484697,7.956640314085587e-06,0.00240925059610946,0.00038818834099437887,0.00140394230925174
11011,5.356314624673461e-07,0.3725792685584015,0.5098165942701506,0.0005917995137029777,0.029478724816163412,3.7909346760688096e-06,0.0010171746416960804,0.0073171525172737025,0.0013323925297191424
11012,0.0025687453288431895,7.504471715113208e-07,6.743140679221162e-06,0.006686771332110624,0.00028761034355299475,0.9953724906927562,0.0027253742887066853,0.00623278897947372,0.00031203242972632474
11013,0.7473388504935575,0.00875980269468087,2.2693806272336404e-06,6.415464219506768e-07,0.0010698051668071066,0.027817077797049963,0.05934551037883753,0.03401318367775355,0.3238653825764825
11014,0.006944082910521092,8.444018928821916e-05,0.003837847872765746,7.132122836696504e-05,0.0005474565015593895,0.7195366800956239,0.00646314792686007,0.002606868651120438,0.005068961241792162
11015,0.001247367638998035,1.7871284340303274e-07,3.973527155853917e-05,0.019638595257849938,0.0001979696339038552,0.9978667033410176,0.0007106841447071203,0.0028402135213965313,0.00019765939146222628
11016,0.007429043433908415,6.065614445039283e-06,0.00029224590691738977,0.00023347351790235283,0.0005338372728300689,0.9706025768558917,0.0023648591101675157,0.012682221083472884,0.0005474483414428414
11017,4.327927970576901e-06,0.9783671298013851,0.019800892990999224,0.00815178457937675,0.002433079230560631,1.4627241669103548e-05,0.0029493745280888394,0.000516036883102425,0.0010986642629173462
11018,2.9975672444290338e-05,0.20044572300368962,0.7062024899424887,0.06793453348401887,0.001547482167267708,7.721920099586954e-06,0.01072363398198425,0.00032025874282494475,0.0001780010864310542
11019,5.3209088584959e-06,0.991341195682787,0.01228132539439365,0.010726302356441047,0.0008881884993609051,2.7470824133195833e-05,0.002736069489306639,0.0002619301476779569,0.0019221865207582499
11020,0.059874242759177916,0.0002494632994151768,0.0026535521206580304,3.232025839046893e-06,0.0031558551377846573,0.013804440983662104,0.0007984023643650673,0.00442200156933279,0.8331331984647783
11021,2.1785731906738374e-05,0.6571899089880354,0.3461228858143806,0.0014423187812810823,0.004048735350225994,1.7646593565672494e-05,0.0304274590210827,0.0019043089506386884,0.0004487898845938076
11022,0.012008116817299205,0.0020335166961521784,0.00517018477073776,5.5671142422134415e-06,0.009384029092587447,0.006622559728793505,7.446086421997834e-05,0.0014676913102269079,0.9942980161316182
11023,0.0022055131711352614,2.289879916560527e-07,1.6169088746963978e-05,0.012605095427767879,0.00014431663073334695,0.9927362370372828,0.002314335984360089,0.007743251088326768,0.0009701014029065186
11024,2.390405335938959e-05,0.7923545867055963,0.1429652422118927,0.032207509594621715,0.00018135367317960173,5.275469354099079e-05,0.0283417003978238,0.00012122670815350736,0.0003823896778195051
11025,0.0008890933163544184,1.3260197935471123e-07,4.482092777790063e-05,0.022688659550761214,0.00012661894804529328,0.9978273277840911,0.0005993616146356272,0.003917347422360921,0.000161257965044568
11026,0.0020504341009292062,1.6568436124586141e-06,0.00012110087143341051,0.003916163447175192,0.00031145956301630723,0.9937188252065101,0.002320308200882945,0.0007839103349603238,0.0010507290360153804
11027,1.1945813829529015e-05,0.25267901656700537,0.6057511405648797,0.15876364204310736,0.0003469266565717611,7.029332772946448e-06,0.006168690919023949,0.0004147377378730848,0.00023466443602398725
11028,8.164929042699562e-06,0.47023417179657917,0.49377950611374033,0.0013259381145639113,0.005067604764184599,1.503554820756873e-05,0.021735958969337537,0.004299075990582239,0.00032769146247805115
11029,7.661396749534513e-06,0.7238429262971982,0.15418138682905755,0.07119543889101546,0.0013104802963746797,7.630333761025478e-06,0.0041595001118176584,0.0007664169065079367,0.00013009367947129465
11030,5.251832554923695e-05,0.6383213801763282,0.3777819257735225,0.038264854550523884,3.96145660093257e-05,6.751905211047677e-05,0.01655446046440727,2.7233575527794816e-05,0.004682098545420199
11031,4.204184288952866e-05,0.0183750705259161,0.9833372917389444,0.006329269338191021,1.3932148835287924e-05,0.00012021800937683962,0.40664634926891263,1.7203298210792206e-05,0.01368892478581943
11032,2.4456187524959046e-05,1.810684924618852e-05,0.03920607655143211,0.7406910808214582,7.084279229105658e-05,0.012524388058463903,0.005042110379456536,0.00018432605749268467,0.000523405322924364
11033,0.0007068017471996145,0.9673367681473646,0.003475811404493177,0.029392605549723963,8.675016971769923e-05,1.1895187332974813e-05,0.004005879142465248,0.00014844114106888262,0.08096468942693906
11034,7.465933919570245e-05,0.009824334644417204,0.001523307593217577,0.0002396105505299057,0.9932466938289053,0.0012540969811659947,3.442227100954608e-06,0.019759087795331937,0.004648642540745805
11035,0.11389772489821733,1.644614494656943e-05,0.0002055338703327155,9.813828937706195e-07,0.001205201023898745,0.008136924997595198,0.03471474482224755,0.7847161579908861,0.08770094811559895
11036,2.1488392309219563e-06,0.9722663339009209,0.03879283534599203,0.004008668157281963,0.0012537559192010695,1.9575976464038934e-05,0.001823775965985541,0.0006166979717090517,0.0022223364635638853
11037,0.029965893069446917,0.010834739380961429,0.006487222237977258,8.543041247347717e-05,3.907854486961978e-07,0.00010994914239085959,0.998523599034369,0.002503565870572037,0.0017377006425569892
11038,6.725799878009481e-05,0.24107759999675532,0.47956521512115635,0.019414355194785075,0.0009769989042297533,6.796696394369714e-06,0.09777197771503464,0.0004114918316899516,0.0002159354262739526
11039,3.232135920955101e-05,0.06739769529701918,0.006003800252746753,0.00030023518649393237,0.944393235168619,0.0003241430586348306,5.144378902586784e-05,0.012689426231616327,0.002369429678610466
11040,7.924796056872573e-05,0.810735514001064,0.17495104419082536,0.0011932159100502785,0.0036250709727490876,3.104415448030647e-05,0.010316678745356344,0.000659258019035987,0.0015143129238458042
11041,3.5996332737474176e-05,0.5022126897203026,0.7145010445927182,0.029384170981477838,4.0520203046514754e-05,4.404100292488354e-05,0.022090109135948114,8.377688651413258e-05,0.001175886608089619
11042,0.0038060674300977064,0.0012741863865108052,5.963945621489372e-06,4.2689095953368906e-07,0.23649449070477996,0.003209492532621919,0.0008289066491283756,0.9977148449870953,0.00010176243047763248
11043,2.3183135779867105e-05,0.0003644772810974876,0.041146564284659175,0.6494097711030494,4.362185789538914e-06,0.04467695932004388,0.03185413372524787,2.062238845676844e-05,0.000549715794846992
11044,2.1896137242536687e-05,0.5635928483819713,0.013434657733967644,0.41478697166222744,9.326164260194079e-05,0.0025334108557595195,0.001430972832400976,2.872026487489885e-06,0.00800440319565376
11045,1.7432563920259473e-05,0.8968165746339708,0.05768806700252418,0.03709728926810969,0.008514705888290505,9.992702654862614e-06,0.001839258857944911,0.0009140753559206041,0.00013044069323330635
11046,0.015970126476002856,0.00022592886017375416,0.009147289356255996,1.4544306667482033e-06,0.013911741166664174,0.004264840882966847,0.0002366407106953711,0.008904769947509156,0.9881871736173368
11047,0.00033515342160469775,0.005631401429535889,0.08144782317081661,1.1091040142088532e-05,6.034469378880065e-05,0.00025796813924741326,0.9800008348398197,0.06848324903208766,5.248875825564667e-05
11048,7.511383391228802e-07,0.48669640343722315,0.40555878413536844,0.005027826048960741,0.017108646791331006,2.8336798340038925e-06,0.003936551856917919,0.019109467799896418,6.655240648784532e-05
11049,0.9462855600341926,0.0005289966644768548,1.8319517861396054e-05,8.696634070898091e-07,0.0011748511896350247,0.013584718407225199,0.0497496155347549,0.034805220289429374,0.01430871753209443
11050,7.24311045600804e-05,0.7762391740499827,0.026196562909664736,0.13517911405714433,7.1127102361932e-05,8.104504672141631e-05,0.003404673172651618,4.0437552284611496e-05,0.008173447810815365
11051,3.783433610438153e-05,0.1916865070324226,0.007903220216005858,0.000442532164516885,0.8855145598378492,5.383207683541712e-05,7.578905556712672e-05,0.010442286399428548,0.0014231672243635565
11052,0.00028198954903271015,6.140979021093281e-07,0.0009267263420017917,0.06191046184002274,0.0004911728626789051,0.9937333538250639,0.00028676762360633964,0.00011959611841246253,0.0021331621624266564
11053,8.418851735595415e-06,0.25509557815860756,0.7529561062594067,0.12542849721114718,8.776784160660026e-05,1.6790172557942866e-05,0.007251311125820734,0.00025313095940538485,0.0003824246556907198
11054,0.0308640990456133,0.011094593444771882,3.311915703300485e-05,0.0001835602531227581,0.000618024531714378,0.041458369358893445,0.016197767077008422,0.0013502382958975427,0.5328857677549018
11055,0.0019236119619309466,6.932940458529335e-07,1.2339987680040164e-05,0.009919471192317814,0.00029462152066690993,0.9979562802879595,0.0009788993632670786,0.003327020703313962,0.0002978150108806425
11056,4.233993127935564e-06,0.9437521725454937,0.04349406289022254,0.014089225338880332,0.0038358934441585723,6.767881321665725e-06,0.0038820949090346405,0.000951940260310068,0.0006098370942209088
11057,0.2768907176640565,0.0008618054774902239,0.0013313880976991378,1.0122589897480061e-06,0.003579298713740218,0.006739102269672095,0.0007703214105151893,0.002535145169850954,0.8226960579484197
11058,0.2650975216221446,0.0018203993775390576,9.125838957587607e-06,5.00618405728714e-06,0.0008213520133772153,0.04250744138468184,0.0388023592309215,0.023055760132000058,0.3453312866617743
11059,0.019136114018321944,0.0007237718491226575,0.012242513409048687,2.9853571775527803e-06,0.012194023913534031,0.004741040372494016,0.0001694858904259195,0.001331933849371961,0.9967381108210233
11060,8.633151455226978e-06,0.18325887046070968,0.782478892166425,0.06736333542959838,0.0003212056272101245,6.693875389453292e-06,0.013415374335880978,0.00047652672965931323,0.00022101236613987022
11061,0.12109175815835879,3.593585882222085e-05,0.00011487859900944313,4.23182803933864e-07,0.001981226374062767,0.015657952837958868,0.06600502319801889,0.7208161290615924,0.06599178125094497
11062,1.9289182111681977e-05,0.7816090799903729,0.14929710934528795,0.07371932585991313,0.0005166927391322037,7.783794215354785e-06,0.008110919630131648,0.0001869214440336654,0.0011513374767669461
11063,6.580859026227206e-06,0.6912674131783116,0.31344191848064323,0.030716282842422223,0.0005775031553562969,8.2902278078576e-06,0.007715713086398188,0.0008926111313437807,0.00018744835291735986
11064,0.00428493869193238,2.560035649448141e-07,7.818197388222546e-06,0.01502535769356114,0.0005608857880470871,0.9192288701000884,0.0018406658304424349,0.10924333225830762,0.0010788513039584626
11065,0.05408390524189994,0.00025610308647127034,0.0004937907690240268,3.46001076793575e-07,0.0038242125657232616,0.014438893175306517,0.000873176221459988,0.05017249062458938,0.9046097137109683
11066,0.0034580256716233663,8.591263722894235e-07,2.0413021425801714e-05,0.0049345893844135735,0.00028334267039487656,0.9967556551947823,0.0013729187721285715,0.004937609999119894,0.0008034069198624052
11067,1.4866853095042192e-05,0.7970425136018078,0.2076335796754763,0.0010365850033677475,0.008862605889641537,8.990679744270662e-06,0.009945232276859036,0.0038762669980688383,0.00031830655829339196
11068,9.940715772820942e-06,0.2241809533334951,0.6016645085036745,0.2121532928311966,0.00017008595528593382,1.6995801312931884e-05,0.003386228472417546,0.00011497796704482998,0.0011011118620244953
11069,0.003289404057419341,8.7092058695794e-06,0.0005630966069543014,3.2843760289658726e-07,0.014859386974909022,0.0005134704477879609,0.0011976972213370227,0.9981893633516637,0.004880160921077961
11070,0.00039278694634010443,0.8472014113436591,0.21795907822468144,0.006198226461942475,5.7502381664638634e-05,7.76599252646698e-05,0.024646333841666635,5.39551168509192e-06,0.08798938060768342
11071,0.11985645722001205,0.0015893502832653441,0.0011439241550252304,4.901447721881203e-06,0.009159069437928803,0.016813965004522036,0.00012033176479139239,0.0010880313407739997,0.8915673182220589
11072,0.008382294242893398,0.00016270672254692134,0.00018540326603314655,5.12189817458717e-05,0.0013796226097082048,0.9219630446663208,0.0016396309322901825,0.004982258752900357,0.0053076078125877495
11073,7.140977917372572e-06,0.24575217702468757,0.6458710772038622,0.12368078575211869,0.0002664576584050869,4.910517576761952e-06,0.006505980330264225,0.00044204864437445625,0.00021411736248007704
11074,0.03905239137752434,0.012369146475230028,0.006269319312364661,0.00012992844387242207,5.015131899887121e-07,0.0002217536782501063,0.9963447713459074,0.001679180737697957,0.0006112407358325928
11075,0.016958387820891114,0.001127455851033472,0.005395184747179162,1.1983642868172164e-05,0.0069469700371413146,0.012969537573331066,8.119278463485327e-05,0.0005028449491646191,0.9834105752278292
11076,0.00010179815283636987,0.008621294337495543,0.0008108479570924405,0.00025466248141748244,0.9953658191809936,0.0017491645914537244,1.9412164379572183e-06,0.016597945750610965,0.006293788397277895
11077,0.007743176084927473,0.005477731809727176,0.09468818591926625,1.4212064259813522e-05,0.0070256474190506695,0.0013501746805116466,0.00026692252888690704,0.0002717415952503107,0.9224403965131146
11078,0.2811502061228045,3.401639060739356e-05,0.00035622527579814474,3.3937781916740763e-07,0.0013006175667377587,0.03683614352530058,0.015982009639262388,0.2836640840109249,0.3794717638026755
11079,0.017541589932245975,0.0022911170257011214,0.008089304151127992,3.893739615646652e-06,0.011054345259488904,0.007172798960687645,8.148435148650262e-05,0.0008572280747679295,0.9961400437950809
11080,0.00292746826848082,0.0011170042951768996,8.327362094780185e-06,1.4850439477572576e-07,0.10608171374322567,0.0027732041366552037,0.0007700355483220343,0.9988173781754689,0.0003022316200735883
11081,1.4491575547852369e-05,0.28322662735543613,0.640308335899471,0.0006976403927033973,0.009418599394234464,1.3345870430860334e-05,0.020453615578368597,0.0034227493994863126,0.0005496501743456234
11082,2.1064836803899896e-05,0.9302861440376421,0.048928237965339294,0.05908580838716665,0.0010880711002745032,1.2407692726529215e-05,0.004133598594082789,0.00012199958045078539,0.001394847674405425
11083,1.7798263826307536e-05,0.9513115147832578,0.028574850569128216,0.023602910604825614,0.0003185957195811551,6.532817672569897e-05,0.020367742240816524,0.00023721073582042625,0.00017465980691306406
11084,0.0169136239436983,1.3766223946157711e-05,0.00045539847241037463,2.0122853765433313e-07,0.007184185732313478,0.006641617846689237,0.012782750572917839,0.9851907934888653,0.014332801411920278
11085,4.699480284245049e-06,0.9819642526088117,0.017291010296078175,0.006842267114922195,0.0031470486462495595,1.246480871097678e-05,0.004427154273570769,0.0005229561694711543,0.0012739437580680433
11086,0.00229083008840697,3.5372125765594793e-06,5.746092731468862e-06,0.007586409925291363,0.00016629941392636398,0.9814606856511989,0.00526078508708997,0.0021570693999051218,0.006322848796715403
11087,0.001469427350973388,1.775575005900241e-07,5.70781713927051e-05,0.014704121705394396,0.00033811069491023306,0.9982894041597867,0.0005971955387806846,0.002875407192189091,0.00015845989696663452
11088,0.8338561623241075,0.005412996982225648,5.106956435673038e-06,3.937073201024751e-06,0.0001753484867037101,0.015454872988088583,0.20648695135210024,0.006781328871036646,0.02154722351102276
11089,1.8629576413686012e-05,0.6744755655279885,0.07777528477789185,0.02975312770561939,0.00010376886891872304,1.2728060234358287e-05,0.003991463393708709,0.00022723858385247255,0.07424974314559993
11090,0.1764450676637659,0.0015105043201847133,3.046953380131487e-06,5.773009616512767e-06,0.004417372523864852,0.0022498220305492275,0.005463262324639844,0.9227737007762985,0.0055413366773030435
11091,0.001540093096916321,4.15656370936615e-06,3.6649164995757292e-06,0.004444203475385051,0.00033980505041122895,0.9988520352091845,0.0010265400042512455,0.0008582082294697469,0.001165901452972426
11092,0.0009554471481165128,1.3119359786008953e-07,6.323445506163509e-05,0.01694658561359814,0.00010794168576514301,0.9968030453608147,0.0013443861869830234,0.002820214649133127,0.0001805162468249954
11093,0.044144418243710334,4.098327239197144e-05,0.00011945782821537057,9.88294789716463e-07,0.0044342215783473036,0.002834124270314146,0.01010761437855865,0.9622251354838679,0.018600671911394737
11094,0.0074783682549576375,3.68876026292533e-05,0.004882164000711309,7.455139482930048e-05,0.0002157285205897217,0.6665964634905616,0.013677649745534308,0.0064191327728105275,0.0019514954775463956
11095,0.00015587860986014183,0.016176287071285708,0.8668985755061168,0.0021060049407156923,4.729531932718559e-06,0.00019045554743058458,0.718092108498342,7.136065112521526e-05,0.004024264310405741
11096,4.283347415227364e-06,0.09194988417698564,0.8843263835027643,0.04853383003537703,0.00018744160591965402,4.200173709066564e-06,0.007481011282001229,0.0005220569909406424,0.0003184819758892563
11097,0.053368806618432504,0.23927236302421034,0.5977018455640976,7.342327051116686e-05,0.00011244822317679519,4.596470874577823e-06,0.04793262769383289,8.859723365243418e-06,0.41945940382452446
11098,0.015486605069117261,0.0016224098682730305,0.0020193791273666593,7.666494663381216e-06,0.027653144084727008,0.003886999352524602,2.626188793246128e-05,0.004023173728592816,0.9842432921130259
11099,0.18203959312339812,0.010149663687904074,2.9403536182169908e-05,2.4385156809933356e-06,0.00034401055840555444,0.007344013260365747,0.12213904550345783,0.10443204362064273,0.1446502432813296
11100,0.004529613563724858,0.0004860022981549954,3.470618508767628e-05,2.4628205544824456e-06,0.0158136209997697,0.009459527472318444,0.0007430079521115078,0.9820997449069603,0.00032761156571652165
11101,0.03185329094621997,0.0002896495479668998,0.0005594542257441582,1.1306940504446595e-05,0.0033196215115222955,0.05436187015337661,0.0001501395390003621,0.0018774283176856098,0.9072434711657134
11102,9.24923102706264e-06,0.4304714842233377,0.4300283866944803,0.12646455301643497,0.0005025701214624911,8.624025969327285e-06,0.004943805710459532,0.0004618420185099098,0.00012711516804515482
11103,0.012851392697696395,0.4707320061822173,0.0013665717694959334,0.0002998574105683269,0.0009521726318437865,0.000960987138828847,0.0040289525791876845,0.00010273667277167995,0.9117258149309446
11104,0.01117465032082739,0.0010777089123048342,0.0023282676587010748,7.86432816706494e-06,0.005970833815631654,0.014169546469286242,9.831053896188722e-05,0.0012289673540776575,0.9923893793019505
11105,0.0002156572851252478,0.7072338909386923,0.2058785761758482,0.0015335699962718671,0.00014345610006568835,9.604512591814756e-06,0.021660448931162587,0.00013884924904872806,0.29931230514879514
11106,4.12584772967154e-05,0.004836429980095482,0.003328699482851955,0.00032400442523956434,0.9917771357518081,0.0014712731794618184,5.688391626846859e-06,0.025970684225558562,0.003286918866553398
11107,1.915275709227343e-06,0.21125060536234216,0.5265760723290347,0.08814363769176692,9.100726539340137e-05,2.6823905479913963e-05,0.002071878493256957,0.00014728548616470394,0.0012512604169965344
11108,8.887132937689425e-07,0.29587242176245965,0.8144192826719859,0.0013562522388467248,0.00118480237557839,6.373800887972898e-06,0.0023869564435155654,0.0016902916816920793,0.003502067806871641
11109,2.282060944089614e-05,0.6351296123239576,0.3338290023311456,0.0006199874847164443,0.0074995973066766045,9.751127117567134e-06,0.01398133530441118,0.002928402015834878,0.0007442934161807289
11110,0.021426692700754656,0.0001315716416450642,5.147817300567902e-07,0.0005083347751256935,0.003259934188052837,0.9138617677347388,0.009468741719333556,0.08193489833796036,0.0005303062664422593
11111,4.7521068045361325e-05,0.7709138838269333,0.16074415198314237,0.008297418226449891,0.0003218818100686563,0.00024159419067837538,0.019740512679748846,3.019929265002061e-05,0.006053422759177101
11112,0.002538205195903256,2.7228206078079592e-06,2.8573787735048786e-06,0.005710561323508143,0.000755329355016404,0.9985585090600514,0.0012594898581918285,0.0023372442844269608,9.271318118208007e-05
11113,0.0013114835188446556,2.4836261117189728e-06,3.714104810412563e-05,0.012413506930306758,7.770079921662682e-05,0.9854330424115365,0.005773448678852724,0.0012130919338538587,0.0008379664316147811
11114,5.916691705095157e-06,0.08987732174201636,0.5197696053418063,0.18161128591661638,3.2217629542726746e-05,9.412314873461477e-05,0.018519706429153845,4.149471803045565e-05,0.0010341410659524095
11115,0.01880962784346943,1.1927491298597948e-05,0.0005811010129843989,2.1904562423129503e-07,0.0009434808018065133,0.003625203232441399,0.004585380318075147,0.9602676783453622,0.04366972282755985
11116,4.280867795994423e-05,0.00646499573082517,0.004359896113094275,0.0003486796477079776,0.9880070837386526,0.0007318875099726099,1.0342678604351296e-05,0.02144954031101128,0.003457478805497818
11117,0.007783758820156969,0.00011263811991399284,0.003259566679579444,2.905601424148715e-07,0.007075394392896408,0.002873000582044473,0.0007968502387923877,0.12062101788716571,0.948559316703734
11118,2.3258563114216586e-05,0.2204068804294,0.014302214181883948,0.00024316817939306284,0.7950267448705488,8.324641735787501e-05,0.0001129449489666481,0.011977509287719621,0.001817226711097544
11119,0.9117462521956872,0.0035364583213700097,3.6923223301482923e-06,2.455725306182716e-06,0.0012227205596479578,0.01988187774366338,0.011178009408124547,0.11492829147224738,0.005350178365959927
11120,0.8176228360477265,0.0003873203489066604,4.673634462754894e-05,1.2824670490469231e-07,0.0010301901717220511,0.026501724881880174,0.009204794527552547,0.034197076244324984,0.1995349594285498
11121,9.315530372960883e-06,0.961566619066667,0.021768021824270605,0.05848144885604286,0.0003077126265234138,6.180789316242153e-05,0.001979774721488539,7.043468266264469e-05,0.0028833637350229734
11122,0.9107337260318119,0.006232810227054442,1.303381437104585e-06,9.446398489175642e-07,0.0009412527353864454,0.05142073002105487,0.06541976658889777,0.020387274408464672,0.06802755422865545
11123,5.631057173516929e-06,0.7859163222620527,0.16841529887248669,0.10015031070028475,0.0002744746753133455,1.2432278059104529e-05,0.0028009084925225175,0.00021291809436970997,0.0008977733064543214
11124,0.0010552383373775842,1.4216187204516198e-07,3.2347928794542775e-05,0.015186644755423327,0.00010507166038780528,0.9965151746929581,0.0014065131651665288,0.00459776268678858,0.00035741526617818814
11125,5.797059436534241e-06,0.8921873436992293,0.1083464923958756,0.0026572012295510644,0.003475712687773765,4.564715747938578e-06,0.0025508739148292245,0.0018776422468056073,0.004037506875370234
11126,0.0029725252768410424,7.099809603451782e-05,0.00015056221281771283,1.7976310828281746e-07,0.027164682499454633,0.0014689573200498847,0.0013285216424491037,0.9988290922138887,0.0012074620554747997
11127,8.24249948295258e-05,0.00222022009595907,0.002407221303828137,0.00021608568855136447,0.9948524494440006,0.001460647895295671,2.0469576048483645e-06,0.030965593660304616,0.004683241644592714
11128,0.08332686117081048,0.00031933333971513535,1.2870858285589062e-05,1.3934867814269799e-06,0.006190657465041881,0.005291941935793507,0.007506892278452099,0.9358162152131106,0.014873416683811718
11129,0.001674642488322056,0.0005087539269962907,0.027202927431796944,3.1494391767948195e-05,0.003893132795242075,0.009112236981697011,0.0001697716676989928,0.0024207980552590695,0.983340507315664
11130,0.9796885037598033,0.0031623343479805777,1.0663948965902272e-05,3.764320983411378e-07,0.0008159020697986719,0.01253638051481608,0.05882122664893663,0.005176489358196847,0.033475100251751926
11131,0.08658101043344703,0.0006045011834656298,0.00013401530685539813,4.901390804055278e-07,0.0021196779076922893,0.05887036302567387,0.0008202894409772968,0.044629946752475544,0.8340351093574782
11132,0.001110283446989336,5.851636614580058e-06,2.6673714246683193e-06,0.005355727008518117,0.00030941744787183194,0.998177380974978,0.0010517857914188265,0.0005798659515721064,0.0016293649495062296
11133,5.607571383721455e-05,0.959281336736639,0.051143043191251306,0.001298323038056916,0.006378319377166697,1.090145812999083e-05,0.005201395758169699,0.0014467996482649004,0.0005131281660691718
11134,7.685138304811893e-06,0.4752640221096123,0.3773792847468217,0.0231724386497266,0.004323929702736245,4.774262717942034e-06,0.010588843308697863,0.001789636226241859,7.752774339910466e-05
11135,0.08822287565992329,3.897643258238863e-06,0.00151570240535962,2.3764665512487704e-07,0.0007160819148125988,0.01024945754633035,0.030084088246147216,0.7172773836839723,0.23738258626984665
11136,6.107420937329877e-05,0.019259972809821897,0.00318490107896481,0.00025346714347304026,0.9852945101756537,0.0004060270202320983,9.661899875229905e-06,0.01560489631656262,0.0037824565259842093
11137,4.0332333974694635e-06,0.1675296855565897,0.5956877447625964,0.10289523445302358,7.274477655888436e-05,1.0271815318255313e-05,0.002806782479603919,0.0007981471553263311,0.001051801645027113
11138,0.0010152623739294857,1.5565853793176175e-07,0.00015313416324494938,0.004651336527324051,0.0001230282479998924,0.9966910095188541,0.003458333831567927,0.002167977340587165,0.0002883600547232314
11139,0.001562482161712369,8.379489591018411e-06,6.053832247068092e-06,0.007473796614694339,0.0009614863979687063,0.9985580905964998,0.00030558064615533595,0.00042428684866437126,0.002613202859907544
11140,3.8322290957760404e-05,0.004107493294769333,0.0025527067780702155,0.0003378807641785227,0.9927414852801201,0.001633495359270483,4.093543125118479e-06,0.028045436023827874,0.0034797479016210886
11141,0.0008976709625420278,0.07716266225273093,0.46876479331943915,0.002448208501627698,0.00024915811041176044,1.469813462226156e-05,0.021336288064370736,0.0002610237673859136,0.09176725492735711
11142,5.482735626745773e-05,0.12319805016065985,0.7689719508805128,0.039935621057373576,0.00023291762600822501,6.879331199495975e-05,0.014128437778181364,1.8801896455773287e-05,0.0082850017668575
11143,0.00039272258149683644,5.1796789410439674e-08,0.01732024984123848,0.015661605490856767,0.0005139806922313659,0.9068154095215158,0.000628095492682088,0.0006822048639643982,0.00841460629274729
11144,0.013612335108652271,0.0005871049021265882,9.44581085477639e-06,3.735256831014879e-07,0.034888606328022057,0.0044006280537372145,0.005156898918869948,0.9949762197906287,0.0016224275771492072
11145,0.0010452157931021497,1.5433397277474353e-06,6.97139804351289e-06,0.007016738110774376,0.0001923479694103003,0.9979082172040088,0.0014035764672453198,0.0010269738953152725,0.0006790868041275895
11146,1.907954766832533e-06,0.5949923722271203,0.5811524175251348,0.0007717084357788131,0.00165780353212255,1.3354214158632254e-05,0.0037093234468241125,0.0008757297735670933,0.003910986772454793
11147,2.8814863829749575e-05,0.049909927261798985,0.8043827169867436,0.0005595008935768394,0.0004815163663727341,2.645534804902324e-06,0.01109174531804812,0.008366398884828643,0.008660376685325124
11148,0.001996530995992931,2.3923577193764285e-05,0.0002669599099591477,1.4764391880737898e-07,0.02302269797695665,0.0006240875817645251,0.0011727339049902232,0.9992505006865084,0.002498361454661426
11149,2.371329177955077e-05,0.6323942182999461,0.2625960228162595,0.056373052347766524,0.003639278979499879,7.249819051540451e-06,0.006662180229826861,0.0007516319662656317,8.820944748976763e-05
11150,2.0968038844437313e-05,0.6606374283219906,0.18219940650450303,0.11832221671347391,0.000353412043351828,6.536058935133328e-06,0.00425395596860359,0.00021540556871864797,0.0028435011060770473
11151,0.003348770409294089,1.2121895793268101e-05,7.635121771360559e-07,0.004828028431795465,0.002034704606782536,0.9990411086090148,0.0004003581085824417,0.0009457049316373377,0.0004985141457095578
11152,0.002544111725249559,6.640810768748713e-08,0.00012142339581996438,0.004119299668997622,0.00024246236979239992,0.957968849606631,0.007041616815061534,0.01170540081188314,0.0016095475123597811
11153,5.488478808435329e-06,0.2675847966180027,0.843278619905199,5.737921254394375e-05,0.018054724142384213,1.4112280243704615e-05,0.011697889841013973,0.001027582082660379,0.00879114105673012
11154,3.1640088269345502e-06,0.9538771296013008,0.04068249124306176,0.009151129633503976,0.003129249214210469,9.999981368797902e-06,0.0041619607574982145,0.001531188957024163,0.0002848215476422014
11155,0.0011835838087602046,4.205387875552096e-07,2.1498152708560525e-05,0.013709314287066877,0.00017237847525871603,0.9984273039608229,0.0006830564196782681,0.0024174262910110766,0.00031774467660369095
11156,0.004315373972582206,2.1643866534852364e-07,1.230886305316777e-05,0.005355321056783118,6.340398765692376e-05,0.9688935681747182,0.016408306790309562,0.03800276589767181,0.003649775950853851
11157,2.5758928783064143e-05,0.3007449100936238,0.039825310959998216,0.06658470149575262,4.444253988751669e-05,0.0004660952120468536,0.008553892820939138,0.00013538997233764324,0.007975096566922291
11158,3.4475085862461288e-06,0.5389922172201685,0.5464750940425253,0.0047267342722216756,0.000112820786955939,2.258853678211179e-05,0.0017699924694259777,0.0001881568031959069,0.019723158875465562
11159,9.712945795003523e-06,0.2002670202574799,0.024178440889450266,0.0007453622485575519,0.7007250439288181,6.849614879585147e-05,0.00027001676735375306,0.010041976672483606,0.0012104857290914193
11160,1.5247932068682486e-05,0.9471823424715312,0.03363713214816825,0.0653707351012874,0.0002675754620899524,4.330722539720646e-05,0.002947038766973897,0.0005484378104069129,0.0004089877328050441
11161,0.2180991636103414,0.0004961232400187717,0.00025305424563470936,8.418825184199362e-07,0.0022889259552362922,0.029165286581016053,0.0009305736317912924,0.0069967942487062194,0.7775824985429574
11162,0.006006017380594509,1.6109202073427549e-06,0.0009402256381280916,0.0006891612465261837,0.00018054060173705412,0.9513951900413715,0.007041705092908074,0.00850550244432359,0.0004111319590329961
11163,0.005082249576520738,1.1000411704584207e-05,5.0709967511644435e-05,0.012378006943342696,0.0014125236815697249,0.4936175237604054,0.001053671628580352,0.0012862748071487335,0.4775458082780293
11164,9.184719814726371e-07,0.37174406202388033,0.6553035242071139,0.005083025541184037,0.0010506782716234015,9.934550742216338e-06,0.0006820254724494234,0.001266253764268672,0.0026403817477915954
11165,5.5388048255566513e-05,0.021497584400835733,0.9761648942379892,0.005082261472785766,1.8990875201063602e-05,6.203855221691014e-05,0.4991656187080737,4.090433645915629e-05,0.00591701673940158
11166,4.997863362814527e-05,0.3301445988308564,0.6152915360071454,0.0006019058697202113,0.0023392860687004974,1.5769680245782034e-05,0.01776392446153238,0.0008390083870115803,0.0036676007267162467
11167,0.0022243180330344912,5.607454567511092e-07,9.087802297050803e-05,0.006028325271402661,0.00021739335452552542,0.9960674497964024,0.001867865314807664,0.002789731553399574,0.00026929241223319866
11168,0.0028452316242009246,1.2932870806059762e-06,9.035966102607963e-06,0.005294263094209457,0.00030151334464029346,0.995605944723364,0.0021881515117504733,0.00410593967360862,0.0006737869192480693
11169,0.004256926447798414,3.648999041069149e-06,1.9858799140228827e-06,0.0034619393576554637,0.0002526904232524133,0.9943225053372693,0.0035120691240285128,0.007655828290147214,0.0031606159760477486
11170,0.01334048472183248,2.304799252565992e-06,1.5045805992468896e-06,0.001586876232601002,0.0001787521012471032,0.9592847057179469,0.015481129282538184,0.04546443491094445,0.011540637707398452
11171,0.44387746589897514,0.0005657166975730393,0.00011979553269294089,1.9724473743412775e-07,0.0013859685193935573,0.015066810057197677,0.007577343996433789,0.015194998547964968,0.7376621249354895
11172,3.779595270357969e-05,0.010366803769121174,0.00579312646126117,0.00035984806308542096,0.9824370466204023,0.000473236355731651,1.613459323502574e-05,0.018894943015896344,0.002898121156783337
11173,0.0013754857741432496,1.4293692600060943e-06,1.2473594256704721e-05,0.006086906863004767,0.00018597969455445428,0.9966243977260895,0.002964318622985956,0.0007488501327806058,0.0013178725356591
11174,3.8149512720421655e-06,0.911478378182817,0.01873048837901152,0.0982325033231539,0.0001679647680747369,0.0001964274371603192,0.001435606123395515,9.820680893610606e-05,0.001247108413840196
11175,3.926132421419675e-05,0.9278703587295882,0.009642127052067424,0.14036659339562593,0.0001287692431862299,2.5821349163556706e-05,0.002227189988377192,0.0001385457638007822,0.00434539635100776
11176,0.0021710417256425823,4.742714816385798e-07,3.768308489045683e-05,0.006365357717942149,0.00027868570468896146,0.9980434374758927,0.0014362573357809018,0.002052220535024579,0.00042533124599514985
11177,4.769078743076895e-06,0.14603124762471115,0.7449067970278923,0.07724382379256571,4.701917015502801e-05,1.4120920026351167e-05,0.01573965913214256,0.00016103133894126886,0.0007335715461290188
11178,0.673134694348526,0.00042962162049210354,0.00039144739584073845,5.183735370818954e-07,0.002622294209278689,0.01590405221206961,0.0013344868334493598,0.00306742018597394,0.3792894374902778
11179,0.0002640149605558056,0.9926404735551748,0.0015375854620623744,0.011586435143182057,0.00047785423175853185,0.0011379191977377247,0.011446018704052,2.0908755719414256e-05,0.014652066705861678
11180,0.10696417847406917,6.679186992857566e-05,5.849216494631271e-05,1.4295133227538046e-06,0.0014577311894545869,0.010583438244696937,0.01327530864957994,0.8545466523597552,0.045894351065893575
11181,0.0023767232763536594,1.9328095202148005e-07,0.0001573779115894829,0.00597604979130052,0.00021721831891171112,0.9961469631173988,0.002552834344784929,0.002174729975749634,0.0004159466008923807
11182,3.478272803354455e-06,0.1771027862464583,0.5175789633634711,0.36735666869589434,0.0001387433626704027,1.422444234416419e-05,0.001685447659537213,0.0002517336997899419,0.0003165120211136319
11183,0.0023129284792433396,1.2939977922714241e-06,1.3467614309680605e-05,0.00528861145352353,0.0004725918948003297,0.9984395844949225,0.0008816192252532554,0.0016861835016063012,0.0006017714514274863
11184,1.5982932641434625e-05,0.8159259568075429,0.16746392361224646,0.0004782025621636794,0.04033302487770556,7.332623311761649e-06,0.013278113395693463,0.0014507485458628306,0.0008829581703018762
11185,0.0011317236836735692,3.4858577834897547e-07,0.00012382996485844804,0.017919654367498483,0.0002550370304725828,0.9969520202292066,0.0008871918830342872,0.0009656825306508362,0.0004760498971930396
11186,0.0022636930267713948,9.726591701945162e-07,5.694008302998197e-06,0.007805156610346974,0.00026162994578580437,0.9965425753550053,0.0015165466793598081,0.003399237344420599,0.000979331040810989
11187,0.05886486480136827,0.0013366154732983898,0.011153336643330793,7.5146490962380936e-06,0.010684092149685213,0.0049309092007246294,8.574666221878393e-05,0.00029237030381614436,0.9694721407664884
11188,1.2819994965649863e-05,0.9945560979715178,0.003492840714606894,0.031691813993417035,0.0021909094557045995,3.893309018978287e-05,0.001510238625171977,0.00017869610689974483,0.0008944584986187622
11189,0.28702289603798353,0.000258550362153736,9.026958731703406e-05,2.0191742550045303e-06,0.0007128022214488278,0.009340640206736993,0.03785460972700534,0.43084248254058444,0.05398848420799737
11190,0.02074716414304373,0.03820281190067366,0.00015084489084810733,7.805118334402735e-05,0.004522348746144859,0.03767923665359841,0.0007087668902924136,0.0014953081587928065,0.7808044004334093
11191,0.001349865612696029,8.334066690773406e-06,1.2494747931526123e-06,0.004627142803405779,0.00039238413445871414,0.9988407593859501,0.0006591642318754758,0.000693076404410965,0.001761083769577934
11192,1.4603098572590537e-05,0.9496034542386065,0.046804966071215724,0.04477824353698837,0.0011004226132150367,1.6294072506956534e-05,0.0033385143872090716,0.00021942786800208027,0.000901674909022345
11193,0.016151440302486574,2.1071167505105122e-05,0.00041442497460992254,1.5552311255385427e-07,0.003127284602533759,0.06632425741874365,0.004322416846735113,0.7742355738986688,0.08797754151982716
11194,0.0031849015122487755,1.611364810169804e-06,3.972406921013637e-05,0.0021647841121897756,0.0004473832482278233,0.9957452582109038,0.001489183572835365,0.002060202941439857,0.001320435699346821
11195,0.0018742529951290606,1.425471048429173e-07,4.1292638941876537e-05,0.002638883860115831,0.00047348906003503413,0.982225103088831,0.009396404938520562,0.024706366838898926,0.0005083604590753246
11196,4.590159193388919e-06,0.9936374395975731,0.011279766764148897,0.002080482906636245,0.004060373598965408,2.3283403524684167e-05,0.0016645142114453425,0.0007204946152677908,0.00129790874472237
11197,0.0013998177561908715,2.4386265645340243e-06,5.1378893505257585e-06,0.00709184616468892,0.000352316737606188,0.998615691936339,0.0008001653709274145,0.0006624101853140943,0.0010231265812911598
11198,0.002497095578090176,1.7641946144929905e-06,3.5520630866358833e-06,0.007410625558172065,0.0005854354140950489,0.9978080785727036,0.001242781460906775,0.003442421751727292,0.0001222983632631201
11199,6.32304181608477e-07,0.7745539072476965,0.2377092851103407,0.00023066521464362028,0.021867187161885102,3.4462496380872948e-06,0.002828150706784253,0.012120329325109988,0.001665031071125936
11200,1.0892956443566921e-06,0.8617997935998809,0.1934345668915805,0.000853324274551999,0.004635473290638749,1.207044909015772e-05,0.001020207240032424,0.0020103990911903465,0.002162267522073518
11201,3.267990424657503e-06,0.988612058306556,0.01639239179759635,0.006776185592935277,0.0014010835005160125,1.8242352789464992e-05,0.0026432797661772854,0.0005802939961085971,0.00134873937195328
11202,2.9346714498544988e-05,0.4743701929978668,0.4475357283442454,0.06530279205559016,0.0017129524837901711,9.223072220050171e-06,0.009837700215181395,0.00037683069422055353,0.00012273989001845847
11203,4.3450857329815185e-06,0.008786297318591749,0.30002895702634425,0.8268333987464707,1.1609279776708359e-05,0.002220957817533414,0.011924602931489822,3.90050503085993e-06,0.0013482011653406334
11204,0.1291277024880979,7.588470871146158e-05,4.8164648979990016e-05,1.4212790967811878e-06,0.0017289214333667026,0.00991101756684745,0.010849395690398913,0.8354636021791801,0.047158493084435135
11205,1.0954524845553454e-05,0.10625141485857358,0.8525067278362121,0.0006784264031563627,0.004534839014680484,2.1262902376848632e-05,0.05280766757598258,0.0017310415997305172,0.0009420053768698835
11206,1.0790018598787e-05,0.2854500081745877,0.6318304985498087,0.1440788356570625,0.00020437390234108555,8.91433482869314e-06,0.005818825890378567,0.00016708575939309138,0.0007784132284996732
11207,2.7865038189358927e-05,0.687279171178751,0.2541249859762235,0.01627234812052744,0.0004063443457066963,1.6457619423660163e-05,0.006167947719500657,0.00011160015710077422,0.012559365464984821
11208,5.9584102690181754e-05,0.8485502933314316,0.08088425846086433,0.0313529334542843,9.142515296491963e-05,0.0005752353317480856,0.004186041299180586,6.437517875841184e-06,0.02195703316635375
11209,0.0038210398294355394,1.3277775825450015e-07,6.462099961030813e-05,0.007154868906020914,0.0001302852284122041,0.9917649785956072,0.0050365112828233945,0.008143848873079918,0.0008480395638247004
11210,1.3787506699715638e-05,0.14507457042919772,0.8268148363556046,0.09976096467851561,0.00024724274200024174,7.811919557108205e-06,0.012689430021615761,0.00029370769150371365,0.00029790887864446366
11211,0.03694958120835898,1.647223830553913e-05,0.001931578284316601,8.327395827377129e-07,0.0004765389463128459,0.0032072027818495046,0.12688151838768558,0.8413009116517125,0.025784917156495592
11212,0.0001064252792671159,0.8838801096604209,0.15259020981658214,0.014548543633804227,8.914559024297074e-05,0.00015124602619291482,0.009935122718397846,9.90746277234367e-06,0.036150688286109504
11213,2.2539639093921165e-05,0.8205362118055815,0.18896811570530042,0.0011666475025372777,0.0076209459803972925,1.1860677963646824e-05,0.009162099887992024,0.0022323837757439262,0.00037593655490658374
11214,6.9846027161940825e-06,0.29408674601261425,0.6094707438381514,0.0009205027337190053,0.0068225352321470405,1.0374605648269992e-05,0.03788865908320086,0.007651971910351193,0.0002447622779728897
11215,0.006215120655028654,4.527595617003676e-05,0.09519505841637235,1.4298940750472847e-05,0.006154727469421302,0.0030837388036529206,0.0002364509333048476,0.002452985743709284,0.9913556663655858
11216,0.19680059369023553,9.352120126143612e-06,1.1190216398083907e-06,0.00042424490865746486,0.00034297199603896254,0.8231271960938531,0.03566537801586214,0.007595254658755662,0.02216954269336976
11217,0.009880730958150131,0.00019802823263883275,5.584099234902197e-05,7.451700514893794e-05,0.000207183690326884,0.824636383006876,0.02030122074477637,0.007332659503411968,0.0038455955128604514
11218,0.0002013344871425651,0.9322699717367642,0.05841028389618867,0.012612254449186932,7.689853182776174e-05,0.00026562852361460644,0.007753603244778331,4.310335044327649e-06,0.09147047510937042
11219,6.5118045562451644e-06,0.5932467658747749,0.39157032861164515,0.0009657393090793887,0.010537004491652511,9.68308708048483e-06,0.01136377494268439,0.007270605415718659,0.00019663789559248423
11220,8.640074525186284e-05,0.9557319527948069,0.05123905542801555,0.005409640459510519,0.00012997563251260441,2.4210481841810907e-05,0.005057767194573537,7.354694049655428e-05,0.08745347357260848
11221,0.08419697775991947,0.000981004541038762,0.006936353257687924,1.6476195292042397e-06,0.004964015396274605,0.003967703541819023,0.0008527958070582203,0.0012191279571760198,0.9419141297631439
11222,0.010728860145821908,0.0001613234646550322,2.2640297208459273e-05,9.296164153177977e-07,0.009278044240144522,0.001685565503433176,0.003347492232578077,0.9937108910168567,0.004588815552532038
11223,0.9145199230396369,0.00027944745036536495,9.827256141159311e-05,1.5734405989995478e-07,0.0005865824917137977,0.008907198025195214,0.04563034968676724,0.015754893000302354,0.10953772943484374
11224,0.08145233015541904,0.020142094916442303,1.1959724415793416e-05,1.0643768996793121e-05,0.00123571936098279,0.0007665385700135145,0.014375813653448772,0.7316056749990996,0.003665028798412108
11225,1.722539485637655e-05,0.9348761847693968,0.07065119313762178,0.04957285292997226,0.0003020959155658165,3.777390885611533e-05,0.003188383019514473,6.84242480608157e-05,0.0035495451578311074
11226,1.0162959417421814e-05,0.9004120297126044,0.003460689489273459,0.28434113479095624,0.0002157015427158673,0.00025925887221034757,0.0010272184824902,9.514743634369382e-05,0.002189198488099524
11227,1.1783468069725558e-06,0.8066949417651474,0.14204059459332455,0.0029105778781538263,0.03107151803117038,4.093712514582466e-06,0.00336269601501754,0.010237296503103201,0.0001683157787815557
11228,1.9383627806281825e-05,0.320953431847687,0.6320720549149835,0.0010883712530432767,0.0023697477687705994,2.2477056047251186e-05,0.04215237520648889,0.0011839344317159748,0.0014517740666126165
11229,0.0019289888943348611,1.3847527118689852e-06,6.3554533246538485e-06,0.009883672350281376,0.0005216603804286995,0.9984109167166796,0.0004549634024554749,0.0011808378153361193,0.0009633591105052951
11230,0.010388165269901132,0.0007927819083956955,0.004182740918782714,5.786745478225655e-06,0.006147439855830436,0.018867216828073415,0.00015619432812237822,0.002618957075961164,0.9842041550155829
11231,3.2119343362262346e-06,0.09998561812321634,0.7100590408353609,0.4254044853189619,8.615771906399983e-05,1.1346529571902751e-05,0.002953886025039069,0.0003149827144121966,0.00019443829175850753
11232,0.004110434031391367,0.00010924426423474345,4.18938290584463e-05,8.259224125676245e-07,0.04281875894200571,0.00214560454071839,0.014691545141755875,0.9951814281424455,0.0005063498648891221
11233,0.000697690395399918,0.9951212026618222,0.010703945134598445,0.0034027481573151294,0.00021407296010703236,7.786204347856773e-05,0.0028987173156886635,9.61490361675499e-06,0.0874232123067386
11234,1.779402303986094e-06,0.3499599852546306,0.7115832422047247,0.007314357733170174,0.0001324762754290855,9.328433846008617e-06,0.00145676221442701,0.00033201252818626005,0.006789359085468108
11235,0.004919452909062832,4.4050059154307476e-05,0.00021268571446891714,2.904875696439773e-07,0.01747855330257769,0.001408590901567615,0.0027453613242053444,0.9978625531883616,0.0021783442334889803
11236,0.0021806907593145447,8.157648908588099e-05,0.00011779376717523447,3.1043691614571254e-07,0.028849880973325755,0.0017676738776389546,0.0006325863685157459,0.9988414476884728,0.0007353104572939822
11237,0.00021629047080415462,0.08032485395890447,0.4645398390505267,0.0016154144032739619,1.4223030556001042e-05,0.0002758110044012722,0.5912497791300413,0.00023868042408092374,0.0008286242366583617
11238,0.007043258037969757,0.0018394602826891412,0.044778954300719175,5.732668494066839e-05,4.0647470666767053e-07,0.00015215148875061247,0.9984215218057587,0.014417950028943109,0.005989238492663227
11239,0.03272548818024455,0.00206432153713242,2.6834052590535123e-06,7.690083835303373e-07,0.1656125092486785,0.004259368426835978,0.003987658259622861,0.9748733073292307,0.001601124618577703
11240,1.3044319942429418e-05,0.20548677036581442,0.5768506463817501,0.11380865880496681,0.0005201475924461376,2.8963093126905364e-06,0.005094862817798336,0.002409214817481054,0.00038960695679930355
11241,2.5996566706251743e-05,0.13333266835400412,0.796122688458866,0.05911718464574492,0.0008970979192024535,6.366151890536969e-06,0.016715143600035138,0.0002668535858201875,0.00025826802563408906
11242,1.912017102422202e-05,0.7157987649146607,0.11351206512132485,0.1375401666079421,0.0005986824274731687,6.302688100588568e-06,0.0025445156141929775,0.0009173832027037925,0.0007984797740868017
11243,0.002207966529951812,6.125619956154948e-06,2.723128878691157e-06,0.0039296058140079635,0.0006175635164886757,0.9990110799963727,0.0006646199942502714,0.0007657782413439662,0.001631303547736475
11244,0.0006750857703384578,0.9855396953181884,0.007910759876410984,0.004497097509213692,0.0001315109071400944,7.21782790367482e-05,0.012239180220439719,6.203973851118304e-05,0.198269110604746
11245,0.005476158883659937,4.781366194863732e-05,2.9832369783240644e-07,0.0024440607651904996,0.0024338017244958762,0.9990474034225677,0.001070590985174041,0.0016296469526505633,0.0001510892600403278
11246,0.014828978715128402,0.054116411416285724,0.008192775843049555,3.676381940121742e-05,1.6101319420160986e-06,0.00015567816047534083,0.9329128400032377,0.015505753121692107,0.002246905548029328
11247,2.0302607343112874e-05,0.152436576956623,0.5949553057783715,0.1325060399310722,3.401621321393674e-05,0.00036879807193274214,0.011670337979970432,1.1558240172864149e-05,0.005243455406119443
11248,2.1622300628572672e-05,0.7832410816892205,0.1515392177518029,0.06548289173521145,0.002685107432258701,8.388859379425554e-06,0.004963792449306535,0.0007079288949187395,0.00012104622868428915
11249,4.226591946200713e-05,0.6520114419522055,0.2574191434452614,0.047219470859456235,0.0020354889131234686,1.3928910623750904e-05,0.011659944538805837,0.0002835710590414575,0.00013773860103166757
11250,1.7122321931341902e-05,0.10300201628954285,0.8389466214712894,0.10736770665655736,0.0007747494000048014,7.612947061377295e-06,0.008119078993775907,0.00030699702467906553,0.00019739047155487737
11251,0.0021557429272613567,7.057174761251268e-05,4.081808515929317e-07,0.004234171502961554,0.002199122478833128,0.998135933823708,0.0003769242996700029,0.0007904402046008564,0.001090737698410225
11252,0.0014948618441329457,1.8487192160698407e-07,7.69936898027759e-05,0.00923051040490555,0.00020558439466445468,0.9982701455212899,0.001612135533044554,0.0028850352751196933,0.00013342990257396434
11253,1.031497885675353e-05,0.3202303234420504,0.5799812621889361,0.12417001011982194,0.0003700157368126357,6.903349437458828e-06,0.0037242511591005748,0.00036860937669026264,0.0005697829664754196
11254,0.9314084129083151,0.009912417804548171,1.3455351734244792e-06,1.5491572233091207e-06,0.001490710267024767,0.039608726031140615,0.023818229228563595,0.005194149424145682,0.11638195980709502
11255,0.014757490962153973,0.0013242042176142672,0.0038814723059949815,7.751073087433455e-06,0.008573375162019212,0.012539810813370262,8.064921756898013e-05,0.0008544718586530195,0.9911472174865563
11256,4.124059485424059e-06,0.7999220262987382,0.027782788864380317,0.1841801039069239,0.00038084652420954514,4.283572915037713e-05,0.0016014282681815898,0.00011644009599153544,0.0005890370903063362
11257,2.934188935596668e-05,0.010660729009783322,0.9827861139069418,0.03035798153913581,1.611860592357908e-05,4.519700013447181e-05,0.17833317246175287,2.500090143174626e-05,0.005802531640573997
11258,9.668962102151202e-06,0.6317543188389205,0.27638040503983186,0.08100174005884722,0.0006577965490146244,7.627709254035608e-06,0.004187610718575317,0.000633846080781331,0.00017496603576848123
11259,0.00012246340658741807,2.1923723812574923e-05,0.0012553728981076796,0.16423210156118123,3.6575632089538708e-06,0.6445162087282714,0.032328129038576785,0.0002600039850041107,8.026081711800119e-05
11260,0.2284776562775335,5.691202098817416e-05,7.242988766669055e-05,1.6409934127061719e-06,0.0012428978255553487,0.006757486168958925,0.03512795964467276,0.7205251546877542,0.06308941581979104
11261,5.65876486992879e-06,0.8461332134872998,0.09585131898394919,0.10780358758013668,0.0003339554366692375,1.2738630959610252e-05,0.0025465551907623975,0.00030453748121412683,0.0005620808895805469
11262,0.002370491593650841,0.01085574343963298,0.05941726109533985,3.074323110017237e-05,0.0014705377920948028,0.0016032757264475732,0.002455955600911123,0.00017169842955708334,0.9763211152241927
11263,3.940947840499309e-06,0.943909715743516,0.048562629633328025,0.0019898533883877566,0.005658837123208861,1.0707510479181705e-05,0.005204315327430515,0.0006467959634711497,0.0018010472337167533
11264,0.004105223101254929,4.031883362126208e-05,0.00021883968010219342,3.929946353282822e-07,0.013815584083183265,0.0016026398809784771,0.0021100092599312574,0.9983305908961659,0.0019584665545447355
11265,0.0028597093193197575,6.2819924368014484e-06,2.70123323788106e-06,0.0037795525364077358,0.0008100287069733543,0.9990537799024679,0.0009927451317501125,0.0013824291681006813,0.00037500275087722643
11266,0.0007023664989122301,1.180693027208403e-07,5.029493256461706e-05,0.0160566039413483,9.723438917491835e-05,0.9975377279905849,0.0011713877742669837,0.002814650527429472,0.0001852158503868794
11267,0.015131190287141657,9.377254645363777e-05,3.7350577445516553e-05,7.1675255946965e-07,0.003328542418719616,0.0022197246503823827,0.005565812254017054,0.9832610736928652,0.01131800199121411
11268,0.0021270422003916083,1.3105791591722093e-06,2.6086927597959273e-05,0.004505208319216731,0.0004998554316100955,0.9980004717737808,0.0009666010673685649,0.0010684589089845198,0.0009061174923867654
11269,0.00011571118072496676,0.942645997167895,0.029775660901499183,0.02436301462963931,9.972994921096888e-05,0.0001323324568389837,0.006114477972296547,1.29544588813942e-05,0.05662299879843141
11270,1.116381648277331e-05,0.7516178706850511,0.1788307867286417,0.048608179997154555,0.0016014808371018101,1.0874122247505353e-05,0.004889300766232662,0.0007348462201913371,0.00012232856483704622
11271,0.2026360104666296,0.00026346300017097854,6.060653988889885e-06,4.47124549450471e-06,0.001151400052577143,0.09257149288952835,0.006022588722943291,0.4074117545084682,0.09297434651715973
11272,8.273690697936396e-05,0.8979955089400654,0.11770268318323222,0.022056162312293077,0.00011741687224201688,0.0001943702500623581,0.0062282910651686885,6.7934825262357434e-06,0.02935503572335247
11273,1.623069789965294e-05,0.5828375441577387,0.402693620981238,0.0006648528279545365,0.009979575575877782,9.939072977317963e-06,0.011106458521876526,0.003506950896888456,0.0005024482449230041
11274,0.0016183622857807252,1.14969156759682e-06,6.0919420150365695e-06,0.010904806800143925,0.00035559599409792307,0.9983933082479933,0.0007035955109062183,0.0033247208299874553,9.944053278189266e-05
11275,0.00945082093554919,6.922824431143286e-05,5.909101172252697e-05,6.402614180205107e-07,0.013453568057886871,0.0014793710606905849,0.005315339679950183,0.9957845580178316,0.0046250847835467585
11276,0.11006978450773178,1.7763412860534364e-05,0.00029449742358267985,6.430237961128134e-07,0.00121250360139944,0.011056198282155079,0.008411233913505295,0.8215209227757071,0.08845894597973364
11277,0.005466795086967824,1.9978179515552574e-05,0.08086283933859176,0.00015076927046517693,0.016226771504882467,0.0006423236769802129,6.97862600556815e-05,0.009422520861555692,0.9195380961889014
11278,0.01338179744324003,2.6313510925541397e-05,4.270941181216175e-06,0.0013923215286638076,0.0010539466069323074,0.8961483245381051,0.0018980548592830771,0.0038437489489870306,0.08602877391841969
11279,1.6870126942220156e-06,0.004596125480670607,0.10411932492989931,0.8859979306872595,1.159417698675734e-05,0.008739009779786647,0.0042583323956823255,8.014610989482383e-06,0.00035649493100503593
11280,0.024565988499649007,0.0007834159210778539,0.00048062381935236467,1.100706491963025e-06,0.003670283161695535,0.027741732212934234,0.0008549400848502268,0.013047164912824327,0.9587318486915879
11281,0.14181103627850553,0.010504243988791424,5.888816041403115e-07,1.1107906957991216e-05,0.0035194905228714025,0.008541759642413908,0.0009385824603471769,0.9192096294975973,0.0030327459746983185
11282,0.0009008050683973601,0.6707266792761185,0.02966125540998336,0.0002907629100990325,0.0005224966695518143,4.0135101324127095e-05,0.34149433556894815,0.004730101144283624,0.01029750714057155
11283,0.12475142073583705,0.006124185564021807,6.249728793015892e-07,2.1084802212251953e-05,0.004691589921525191,0.007882670352450997,0.0005726335463814311,0.9177100577529994,0.0024303405699441427
11284,1.152530304175459e-05,0.38975239017512936,0.11768471538584768,0.005183739929701667,0.0502082938142968,2.6974744050784116e-05,0.0029056809415313146,0.0025923275837058946,0.00019137396690132582
11285,0.00031056486109187,6.580827271939563e-05,0.0014365710335934982,0.05379382857773331,5.4066412535049634e-06,0.49170668563568737,0.14198820582665048,0.0002863881613842695,5.958861254147252e-05
11286,0.016987391752600577,0.000895814536899964,7.004572920697583e-05,6.453331497188951e-07,0.04534737003808625,0.006651054884008906,0.01029943174580177,0.8983676975509821,0.009613226100376217
11287,5.684049012131087e-06,0.6050907016139876,0.3608522997774019,0.04792206836323667,0.00042139410221605345,8.449728889920393e-06,0.003410673732887293,0.0005943565313117276,0.00034918597114902563
11288,0.013518019296373513,7.010793636127863e-05,0.020073765090884165,4.8725524700287825e-06,0.011823057924362073,0.004592400488321191,0.00021934745912422806,0.003636770177781849,0.9909847423514356
11289,1.9813981709926016e-06,0.9079378363793714,0.07881919907255476,0.004019405960859517,0.007777471321870672,6.849850441403852e-06,0.00317682981016018,0.0021128165297327785,0.0006738009047718406
11290,0.0023079780030827502,1.1833467678036165e-05,3.7839017782073983e-06,0.003229252849172606,0.001005823112722724,0.9982551885985368,0.0004253910807561533,0.0009521985386161355,0.001638651161094391
11291,7.698676265694092e-06,0.22546619957639494,0.6082025866542239,0.17291641276949118,0.0002485264402785749,6.175360657440314e-06,0.0072473218450323324,0.0003277709481457857,0.00021130001259031715
11292,0.22396021809343372,0.0005292391003760977,1.5373186149631215e-05,1.9037967211219702e-06,0.002535598727346788,0.011479995432577123,0.007063478899558878,0.8347182777951512,0.010882818111938112
11293,0.0017679149191902736,0.02285394990121773,5.4847702156484145e-05,0.0010975084886540296,0.027535254438278506,0.017563618253895377,4.4847087537913746e-05,0.008565912934255304,0.5091628652713676
11294,1.8442262024400023e-06,0.9630141438787477,0.04718795440112673,0.000878784202409733,0.011551979625113742,1.1178231944310453e-05,0.0041120227254267255,0.0022113101808033052,0.001180996009078044
11295,0.0008456258638229429,1.566317596972328e-07,3.4488618498960746e-05,0.017280561640941813,0.00012799989716255107,0.9975598660283664,0.0009641598536521843,0.002985718835843033,0.0001844622275816846
11296,6.582529768164982e-06,0.6261065313285524,0.39588432809505275,0.0011127292833043596,0.011667042671025304,4.130284523716503e-06,0.01958045650187154,0.013708780827096052,9.721517783365971e-05
11297,2.641679423424399e-05,0.12513748170959302,0.014067126665413312,0.0005342727010555385,0.8569644289620454,4.6063608256983886e-05,0.00012409356350934783,0.011824198949388524,0.0011921981485432727
11298,0.002045433519394669,3.3433425728906777e-06,3.7509079139736984e-06,0.005233755465144284,0.0005149708784982145,0.9987863629310025,0.0006175076798363964,0.0010108085739741317,0.0013921264431960931
11299,0.0004254791995292556,0.9875547735757767,0.016064341455970698,0.00930784867534761,0.00016931003403987074,2.6836634568961205e-05,0.0027707941288150194,4.176708292558105e-05,0.0331197777019373
11300,3.522758729159029e-06,0.043666157985298173,0.8870691672664501,0.036646967141844004,2.0180273507161858e-05,3.6413618412358335e-05,0.013577393074670806,0.00011665836938872853,0.002320729160498352
11301,0.001198927923651962,3.2617607650588863e-06,3.7076077236184205e-06,0.006860292435229003,0.00027694962147047086,0.9982074161180957,0.000885590657484042,0.0008425337144341333,0.001011210082370413
11302,0.005432103201652392,0.002160244662830824,0.005206792403267727,1.3530288356441898e-05,0.014391295431621003,0.004072660987010776,2.587743329226837e-05,0.002552393935968799,0.990946254768918
11303,5.69540110478727e-06,0.39224276842479955,0.5762643796539437,0.0010701758607358097,0.007999034135563248,9.345481407484136e-06,0.025223997500102756,0.007810500616419898,0.00022304650445176692
11304,1.7420545091408902e-06,0.39098839321072065,0.7403732053867341,0.005857914195954892,0.00015245110777557423,9.228504304309182e-06,0.0017784428033566072,0.00036653379987706936,0.004734967901347351
11305,0.0023950128650654626,4.5060854093767465e-06,3.879952872361172e-06,0.004411426872252307,0.000690883231276543,0.9990419206780031,0.0007102406781087155,0.0006162956450844062,0.0013294404143108912
11306,0.0030781041874137563,2.0637324404537934e-06,3.5144514588446323e-06,0.005731600568438399,0.00044282647307874936,0.9976113775177324,0.0017653715704528312,0.004335205397515396,0.0002512559275972161
11307,0.02776154017071348,2.346919717317834e-05,1.6906161199987753e-05,3.5306491086766323e-06,0.0007656201013100473,0.4290103350620141,0.010637183122523016,0.07349344324712313,0.39854619381844536
11308,0.0020697140813859434,6.546153834573632e-07,1.472824319202611e-05,0.004738431392556619,0.00030575209505678526,0.9976708365316725,0.0034284156328450396,0.0033186786654950985,0.00015292065654419455
11309,0.7555319136532427,0.005454375414557464,1.3399866275772934e-05,4.05045740072133e-07,0.012459476945227832,0.0029043779352960777,0.027948018738812332,0.06130481542902547,0.012828811635594042
11310,0.011180781408809246,0.001037437880815452,4.500981393506835e-05,3.1197980240310925e-05,0.003050036843663441,0.817191913875446,0.0011893316718652126,0.01734172204346979,0.0021886245588733687
11311,1.929619980680548e-05,0.6537732281392602,0.24986572914788918,0.09639290891314391,0.0014505183740542477,9.794236900543299e-06,0.004257237934858938,0.00045478765290806703,0.00010482303310445548
11312,0.0026754652723920244,2.6292037253387073e-07,1.2955097906482985e-05,0.00929335253126878,7.627091422655306e-05,0.9868913545123932,0.005485536386421812,0.018940113362444527,0.001610413600188458
11313,0.0008733342999847451,4.102560288336341e-07,1.8879397427229987e-05,0.01252174002743446,0.00011751986249955924,0.9955256933187961,0.001868034652311387,0.0014375764074031322,0.0005990127290953317
11314,0.00019458824210449467,0.5989318583949733,0.4395231749464888,0.0013993850648205412,0.000607276994757365,5.546998080153735e-05,0.03422815743678141,8.83238220770667e-05,0.006274364806347199
11315,0.0404289054883384,1.8411558315193516e-05,0.0002579172984734425,5.009042826724567e-07,0.0005008390212454015,0.017462528149099887,0.0029792086583492654,0.8424824481789062,0.06082032052844039
11316,0.02499377603789902,0.00010596224929216795,0.00011507394443365037,1.0590700182549777e-06,0.012411267277812563,0.0013899259096740286,0.007850459293092228,0.9903210895732862,0.0014365949193853823
11317,0.15948918989965036,3.222641726735312e-05,3.3308833670958507e-05,2.4144748512351866e-06,0.000552002239558796,0.09863206275615966,0.0327646580866362,0.2237599368153627,0.10556802780488388
11318,2.1542873475882206e-06,0.2594232826592219,0.7576673179133118,0.01088251642571915,0.0002101333782950012,7.923908027580654e-06,0.0020426142947652273,0.0004645070383279014,0.001850433162706264
11319,0.0031385411737188795,3.6486086022549004e-05,1.2127561422976094e-05,0.0018716147708583786,0.00343580623305664,0.9954984071015266,0.0004885620096814386,0.00037672032410575193,0.003527329401495622
11320,3.05114571514232e-05,0.708791469056068,0.28956002354182697,0.0006214359362287772,0.007349745590469513,8.827648122285487e-06,0.01161429407185938,0.0021539020056764273,0.000848791703210917
11321,2.3198777498289442e-06,0.18721868901620348,0.7707872941032965,0.0040033676414746745,0.0025527044498924833,3.246268563644067e-06,0.005455633006418749,0.002348051182068507,0.000571545343531651
11322,1.060958793652849e-05,0.7182114506969788,0.26840027147299084,0.0014676498728741594,0.011572273335574087,1.0478314845511225e-05,0.010335810051183685,0.006539903365360258,0.0001860121534082355
11323,4.539074118695225e-05,0.5381817177667089,0.2706887826075692,0.01578795558880364,0.008226334063978824,1.3655314888990676e-05,0.017802824068618852,0.0004221180762627314,0.0001250757885504499
11324,0.0004956044317214584,0.989505162931101,0.004683004430499662,0.010964893142593916,0.00013825724923164563,5.000337018139946e-06,0.005195390796400582,0.000219271743167964,0.08659051135004923
11325,7.3064513766024844e-06,0.3714708424353099,0.5004736928784448,0.02862710560906637,0.00023991748954608818,8.17750679084387e-06,0.0034404590718267085,0.00017031079972274496,0.0065852122006903584
11326,0.001535370115762058,1.511922118746561e-07,0.00010840806684390127,0.01293320597775428,0.0002342689378076971,0.9982576126054956,0.0011046556415840614,0.0019405688332962158,0.00023488510815006665
11327,0.0018923426054585336,4.721870243574447e-07,2.940722927769743e-05,0.007786742781297671,0.0003821273671379162,0.9986603475443833,0.0010108583531299572,0.0010457962343258566,0.0005178514848082389
11328,0.00029047161055268197,0.7473639692475641,0.03500056464654528,0.05466369040694813,4.8316308449722615e-05,2.321441811488209e-05,0.005805938462944573,7.063111328393657e-05,0.02346997608404812
11329,9.076918064433738e-05,0.008606706357772071,0.0009313307634384926,0.00016785273089045918,0.9954238815388793,0.0014236386596812548,1.8671837394594278e-06,0.023421057989089434,0.006449643724790657
11330,0.001192389375599803,1.4291276490733576e-07,0.00013925391206343762,0.016684282570893497,0.000155883411538851,0.9975320062327888,0.0013389373467097472,0.001639929042388229,0.00025113985805959765
11331,0.00226505379148435,4.168186508264523e-06,3.877230934908113e-06,0.005074040561995254,0.0007692902144145131,0.9990311395600482,0.0005030904296383318,0.0007801107498267471,0.0010493645283054652
11332,0.00536654464073674,0.0007141552325258247,1.0625818898744781e-05,1.9480536120642078e-07,0.10462968716711014,0.0011995744611130541,0.0016577956254740644,0.9989339046127714,0.0005101390339574384
11333,6.0970543544672325e-05,0.08598140769076333,0.866650005080359,0.03763723467843766,4.125955678081963e-05,0.0004317328024368492,0.022803394597289976,6.70690255303095e-06,0.015032407113690017
11334,2.690674687966042e-06,0.9659120575727215,0.04316704201408335,0.004986980129434641,0.0010355543763831039,1.564060417924348e-05,0.0023848026200051805,0.00047882066990991305,0.0026315976526088995
11335,0.3804211058663687,0.00028283353208416077,3.1858498595844664e-05,1.5933488961400736e-06,0.01202080614920996,0.0008448151490512804,0.0069715155776891,0.9241090141280105,0.00018444334750802776
11336,0.005478315520519745,0.00015646940794709975,0.00015273659037635972,0.0001454693094258468,0.001443063841117845,0.953895920383818,0.001318558938004729,0.0010051124269504158,0.012393228233099737
11337,0.0009904792253911852,1.0487443783162875e-05,0.0009428896048529217,1.787175947385263e-07,0.01425154606743094,0.0008836497581335414,0.00042524514412101025,0.999374355893476,0.001586647154619839
11338,0.001537737055323993,6.252004049387221e-07,2.5222644989122075e-05,0.008215846148229945,0.00020312569786787294,0.997837654240767,0.0019188630774708217,0.0013885913500503596,0.0003477389622399892
11339,5.033736498979892e-05,0.9574440262665223,0.06767258064943832,0.02404211885555418,0.0002171651826582293,0.00011907389360495121,0.002345619312232522,2.8148799933163473e-05,0.004989893673431374
11340,0.003601187969217729,4.030062756171589e-06,0.0015473312619804272,3.661543858135697e-07,0.005110455175734367,0.0008062817940368151,0.0028439061720000177,0.9966494596353773,0.006497422415699371
11341,0.011668627114615398,3.0817879823875273e-07,0.0021469073298350885,7.467207162127397e-06,0.000320436013224603,0.2633303209875467,0.015599256376767897,0.17537885069712886,0.22149251165101874
11342,0.30309615820273583,0.00012130726257372204,0.0001306146184152139,1.2390637664021075e-07,0.0005498174693023345,0.016413860575057043,0.017837266143776752,0.11943386482852054,0.7539366262646886
11343,0.18509067754348668,4.529682029263366e-06,0.0019582770112316693,9.402665310793509e-08,0.003554404983642299,0.003991568330470197,0.03541326958158519,0.6467889679248541,0.07519681195051392
11344,0.004350259274370445,3.6932302165545215e-06,2.6190336139817788e-05,0.001701122036724442,0.00048552129845253806,0.9920612194116764,0.0009439320854648532,0.0061917052907155936,0.0007039437888001683
11345,1.8897524913043836e-05,0.11238913391100727,0.8052001130117643,0.047505630062675656,4.5837051540991224e-05,7.08848909110801e-05,0.03168180764438638,8.625543623290355e-05,0.0009354604398359005
11346,5.855268021113807e-06,0.07631763969399619,0.009044140585103862,0.9472075188977159,9.405236140905291e-05,0.0006636645226002836,0.0008162433872013821,2.3240226842004563e-05,0.000979618178520351
11347,0.004850591661056688,0.00032799616813611614,2.2536201084742183e-05,3.406747667947413e-07,0.040607013072144156,0.0011596538941236374,0.0018518333701201056,0.9988393423202644,0.0008680195015710911
11348,2.679191707346486e-05,0.9159329801397487,0.11302738105189382,0.018691919623342913,0.0005005717210665318,2.285836778650888e-05,0.01763257117609684,0.0005364645302807699,0.00013933159718844683
11349,0.0012360063960158145,4.0254126464170923e-07,2.6602011419391996e-05,0.009141752670054145,0.00018219106661038762,0.9984431816692724,0.0013453795588416523,0.0020040492449228445,0.00025463782693174985
11350,0.012641716003448924,2.014056819235199e-06,0.017766535755657942,1.2854650455703686e-07,0.0006724339323775816,0.0015581657752802656,0.019574281297151927,0.9452539264594636,0.06623832538163527
11351,1.5055367206138757e-05,0.9801532105787006,0.007287984792990396,0.033701707359778406,0.0008762130042330718,1.8509295989353014e-05,0.0021220618739292846,0.00039498776091038523,0.003934796881117156
11352,0.00045431184836220123,0.002553739259361772,0.19398091220981292,0.004121450666517289,9.042783268155454e-07,0.0001726826001784884,0.9488417548322281,0.00044525527024481706,0.008289503065473654
11353,0.0030817125175725793,1.1630362052314914e-05,7.685487838744099e-07,0.0044640646793010375,0.0012760147407428733,0.9991001798108039,0.0006927870307598825,0.002595613531645429,9.241183438266755e-05
11354,0.0009607862081529433,2.0245178945385544e-07,3.476614746087409e-05,0.013709938689666634,0.00014079642833987932,0.9977037300773928,0.0010394340354710967,0.0037766419280135495,0.00015251889790281146
11355,9.75212283532295e-06,0.76623089054988,0.17144830294645994,0.05853219876366613,0.00045134772231071525,1.4079422812469546e-05,0.00543157232845619,0.00019261491443768556,0.0011316747015378725
11356,7.244315524304268e-06,0.04910873977266722,0.9243050896727925,0.08026724736789798,0.00017665060600969377,4.740383259687628e-06,0.005707984682057353,0.0004653387127674388,0.00047100252704613014
11357,1.7763181660757355e-05,0.7532560403648273,0.2614509071000227,0.0008908103644065429,0.010559781760304834,9.602502650334259e-06,0.009733442095061214,0.003305884181542631,0.00030761618928766386
11358,0.004392126679207682,0.011134824355290823,0.0470411857280102,5.952649801485001e-05,1.7102992552735147e-06,0.0005203766124852638,0.95346334998048,0.006613691590550205,0.0006556573447255169
11359,6.649802293891365e-06,0.8111087133237506,0.08102365748869572,0.009196183326395727,0.05661554360223719,4.39685465844945e-06,0.00267798821907589,0.0036358433112386552,0.00023298299278214101
11360,0.004609577655426122,0.0002988059348141738,5.809795301178564e-05,2.029218956690814e-06,0.41496380275006095,0.0017586647575380272,0.0018217177302449112,0.9690870164182159,3.605076044642732e-05
11361,7.391771327864792e-06,0.6688800634415697,0.34030698516312374,0.0009921009309279655,0.009341439149689792,6.55592745502281e-06,0.013081701209700194,0.007608231649063672,0.00022349356833110094
11362,2.7930083505470817e-05,0.0644564031605183,0.5359944545163378,0.289410523488071,2.519882466278675e-05,0.0004043949537415541,0.01094181687360533,1.0076371194649218e-05,0.004888092347001831
11363,0.00030729222028564354,0.9780710169675436,0.0076397763861042285,0.016738498470969504,0.00012437565710666007,4.55030291359272e-05,0.003343470001156544,2.6648366053631735e-05,0.09632641873213514
11364,0.0007790218337658504,1.8689926586184563e-06,4.457550967000009e-05,0.015118573480826573,3.5125977968188616e-05,0.9750634551288271,0.014396555901991221,0.001432772857861905,0.00032260701611175547
11365,0.03499993855197686,0.0007001668706305352,0.03299988473235434,1.4494842959602566e-05,0.03309883375091936,0.006327543828704069,8.369533400727478e-05,0.00030681261406159807,0.9359432315834416
11366,1.2099604814852061e-05,0.9987603180519535,0.0014947685399696556,0.013124146748121205,0.0022951502355939837,5.351841921359374e-05,0.0016211465086671136,0.0002086907231107484,0.0010856742835077696
11367,0.010431745764089354,0.0017782093501050005,0.006435481405454393,7.492662260758024e-06,0.00869502396300926,0.008741684706606615,6.895108409781249e-05,0.0008766316180655588,0.9936423842444837
11368,0.001094425969492978,1.1541661147186313e-07,3.944431970711572e-05,0.01364415219960786,0.00013228470211825534,0.9962847417735616,0.001619745456643993,0.0038044631769052965,0.0002979210522979138
11369,5.802281341690839e-05,0.007877900381167502,0.0029436120707360684,0.0002409243659250382,0.9901865020397571,0.0007521924832816992,7.37029522794462e-06,0.02046129747059461,0.004286434806665148
11370,6.294085955247568e-05,0.020806054158454337,0.003327035982988927,0.00026025893392429416,0.9823149079033162,0.0003719658626860121,1.275069821825626e-05,0.015583176831050732,0.0038296341908902565
11371,0.0014763970174155989,9.240346955913254e-08,0.00014787575496945534,0.009990617375550164,0.00013727051432254472,0.9979770655577137,0.002487278529917142,0.002245882611672326,0.00018698747191043215
11372,0.048280059097497205,0.00533995157332066,5.414047718912601e-07,3.0591959696293035e-05,0.004125385127926344,0.03933008037846336,0.0008252163386404552,0.8950267829952124,0.0013178964374299664
11373,0.00018589356969158722,0.004269689736147939,0.11848206696533066,1.1264482990059208e-05,9.286992904037167e-05,0.00021886137696444042,0.96841471896967,0.10596588148751111,3.35591325928301e-05
11374,0.000983445119604704,1.6771269281267354e-07,2.6641569875736005e-05,0.01696689317373953,0.00010936909402653958,0.9966563523140831,0.0010756573604864517,0.0048540312828548,0.00028351678188413463
11375,7.809703724443157e-06,0.06414314516759885,0.9081080353532796,0.17209028505366916,0.00019301019809708116,7.634226814284168e-06,0.006185355692436675,0.00033803759944221745,0.00025135221229923726
11376,0.0017252063531493793,3.474259848488594e-06,1.9197025948067022e-06,0.008375334986734352,0.00038544106722098495,0.9982066876316532,0.00047647040132251656,0.0019937909117093517,0.0009160881852307171
11377,8.853261382557117e-06,0.1731971937693452,0.7819097680060894,0.034300872538188164,0.0009455716765665871,5.365639342741382e-06,0.005163486437589406,0.0007840958619635031,0.00019220655035907865
11378,9.159536528275946e-06,0.7048951472005823,0.2867102560681778,0.001075576477705961,0.010469320209921504,4.927637913301127e-06,0.015616308254077721,0.00950446087642316,0.0002238894702121941
11379,8.162611589475124e-05,0.021853792524646604,0.7854595378000475,1.598473276788582e-05,0.02387689426466238,8.123563520787793e-05,0.002900013370971767,0.0006957511160235045,0.11212292661330688
11380,0.1622831949724798,0.016519225515419685,0.003213016493163695,1.8824632742145132e-05,1.035166924612654e-06,5.622280090971735e-05,0.9952806825848916,0.010724721081061074,0.0069335495445874825
11381,0.047693582280742476,0.00021050682248285462,1.303893866286534e-05,3.214148131690745e-06,0.010626983927658599,0.0013702160710835148,0.004088488597459527,0.9686678897831414,0.0071295837519054495
11382,2.6423057104076256e-06,0.9534868238219988,0.015942618810286857,0.002396110613691459,0.021063179519287108,2.1453358455628274e-05,0.0018668714646276415,0.002624697079707344,0.000910802942840616
11383,0.0017368918036889216,1.2993835585366786e-07,0.00018880539176837052,0.008827254967696953,0.00020217904987635863,0.9973030291962016,0.001757772332720493,0.00214115092277891,0.0002841253309737996
11384,4.223742591566013e-06,0.03210565025753824,0.06986828207851614,0.8882088880815676,2.894046710755735e-05,0.0010670193067594466,0.003242470690835035,1.1262132333422894e-05,0.0004409687492464637
11385,0.034793234606828885,8.060394059362919e-05,5.1375192541238163e-05,2.2592702090479268e-06,0.02406099335450712,0.0007785439008875685,0.003788632878461655,0.9934883229475696,0.0015062025938766901
11386,0.000779864039951092,0.9983243943466878,0.0014935510917206218,0.0028259432604762174,0.00016186091133311593,1.0818990023977546e-05,0.0048928499221686335,0.00013032940151026532,0.26995875208915243
11387,0.00252581095762851,3.5058023496723293e-05,0.00033239915051771856,6.862498932174567e-08,0.031128404845981207,0.0016070504986571785,0.0012613857481145563,0.9984358570213918,0.0020281385224570725
11388,0.0015606168983459431,0.07405858444236252,0.00285902630641123,6.794870091793716e-05,6.17121527523259e-05,0.001775007902182652,0.8172783581298226,0.02640945432570556,3.775361061944873e-05
11389,1.1590685212163206e-05,0.11932541891673497,0.7739508647269425,0.21039105989207488,0.00022958513329737298,4.964629059484679e-06,0.0066202320271720365,0.00045365785971665436,0.0003670341375188195
11390,0.0012068191230163708,4.982212377865877e-06,2.8790126539939817e-06,0.004913246240248266,0.0001912753212465481,0.9968213414116504,0.002326243717340159,0.0007061707496653118,0.0017734886012238014
11391,0.0003089289554954239,0.9171594864727637,0.03370269408365946,0.02484314958436978,6.345412521626972e-05,6.769784748598938e-06,0.007072316763431364,0.00014637689127208715,0.020215526853925685
11392,0.013471876936669893,0.0013013519929747153,0.007230108183989978,4.752122834723992e-06,0.009945362748355094,0.004285010712995596,0.00014137180981187432,0.0009651642562033457,0.9971271189781692
11393,0.0011732470496267952,1.912816952682863e-05,0.0005256893279397708,1.7903291811577117e-07,0.01859820741131223,0.0009306957664192773,0.0005135226695062349,0.9994270980738919,0.0012679314168834751
11394,1.5161653016869929e-05,0.5675832323997371,0.009828329532469588,0.00047752915710940196,0.6973739741369118,3.9494170026679034e-05,0.00026077686394665505,0.00786947365354476,0.0013076164472234295
11395,0.000292139886410225,0.6591237614363061,0.3732746618860355,0.006278365417616596,0.0003752378739826103,0.0001681465548728969,0.10906162944274392,2.2203141266727283e-05,0.0034024289131637047
11396,3.8212803954016066e-06,0.8337340343830286,0.08891021410483746,0.023005828145633803,0.005068778550649723,4.661028495517669e-06,0.004007659903627636,0.0017634583352796893,0.00022613249520672115
11397,4.2674392929057847e-05,0.9343983777250537,0.129837049173663,0.008773340727937206,0.00010151030737249274,1.178332303963768e-05,0.006269226907322169,0.00017591133689243344,0.0013824682868316387
11398,0.022862029279798416,0.001096804721026168,0.0009069359460246294,2.2971048787670473e-06,0.004599064927835329,0.016798299402078287,0.00023645432007690545,0.004542082136963502,0.9844465054853697
11399,9.364108621937646e-06,0.11135912509470457,0.7332960013888923,0.0005157825771137933,0.00386418146896383,2.4252958893656858e-05,0.09102183661921921,0.009148318553603416,0.00015487244323590446
11400,0.001673577000655284,1.0342536636119942e-06,7.357610197277483e-06,0.011437296096960876,0.0006943012585057611,0.9988002725638535,0.00030696858153734494,0.0013455865597908775,0.0004550771964191303
11401,0.0011153630334302016,1.2765794406434719e-07,3.573213572172235e-05,0.023286687852853233,0.00026529114944638904,0.9977496325234717,0.00044618336844081324,0.0024120758656363643,0.00025341079075448926
11402,0.0012197290430816835,0.006170167024781171,0.725051516128855,0.00016595751019960234,0.0001732696411154409,1.938884718306069e-05,0.0071960620559060415,0.0012720747911624576,0.7099148365846296
11403,0.0012239257126184784,0.0004809507695220547,0.23723109183728788,5.171372110148178e-06,2.0901816179755144e-05,3.489242064597793e-05,0.9243014301422077,0.26867465355878717,0.0011104878217560695
11404,0.08275046713580853,7.436140718344614e-07,0.013078728789327513,3.610086496162499e-07,0.0011254475900051141,0.007066093590603817,0.007650990633551522,0.3679238204601696,0.5802568995397213
11405,0.0013215087453296193,2.6140541452250556e-07,2.4402986406682143e-05,0.012408364483206298,0.0002434303051594463,0.9976757569998542,0.0011061904308594908,0.00271971245103892,0.00014168712228360513
11406,0.010177819343911524,4.332577675723119e-06,0.03747080735521406,1.446086620450044e-07,0.0010118279689583464,0.0011503013564710329,0.04457730776176041,0.7332571122287187,0.09678334545694103
11407,0.0021944570335174153,6.075743940457598e-07,1.5434009908841036e-05,0.013608002074711963,0.0004673835408440053,0.9960815971991891,0.0006920962269187778,0.008890970364624802,0.00019550013307037192
11408,3.325143590742016e-05,0.6088846607480822,0.39465182189115977,0.0006163731124393646,0.00561224342343058,5.2834647936975875e-06,0.005340381255512941,0.002411679585040242,0.0013857349018835444
11409,0.002080031773928243,0.010371102383634206,0.03759944116059167,9.464009908235978e-05,1.7596052545300006e-06,0.0008094357807582633,0.9936903757267824,0.0009147233393287144,0.0004116400961299592
11410,4.5161095956079484e-05,0.19125306269277284,0.2944399632660573,0.009495647134497054,2.9829508420485964e-05,0.00028838203990334094,0.16615490242785702,9.501905054734725e-05,0.0010107081546576057
11411,0.012983271251506709,0.002576537797799772,0.002484215481796693,3.875775955494196e-06,0.005722102864734184,0.0055101074691356255,0.00011362767109417836,0.0027466824512615787,0.9920852627495134
11412,4.485765475574905e-06,0.40133971732863444,0.35917891684359693,0.28272737633123773,0.0001580565649639302,1.0131124741326242e-05,0.0020095309035879617,0.0003551625004151031,0.00041882159068982176
11413,4.2137538448392064e-06,0.009735580514281915,0.9906568984519927,0.01147297996062308,0.0002387307851261465,5.252149945033466e-06,0.004072797905406983,0.0003537057179004671,0.0022188495699644152
11414,1.6885043345001673e-06,0.6124928379783183,0.3196162913269695,0.004302929296614404,0.009110427873796458,4.76154458926867e-06,0.0029218671909768228,0.003032123986098208,0.0007723532742630003
11415,0.004699746689342195,3.23975466744672e-05,3.140642960160615e-06,0.0043308315922863105,0.00033791410843179737,0.9756160515204932,0.01739138027687882,0.007015154709870121,0.00013043833957826102
11416,1.4794995558736848e-05,0.8270054948276391,0.20023880603464023,0.0006669902679612987,0.012955184159540119,3.916530254711658e-06,0.008910074227553046,0.007485376839630379,0.000299564218790636
11417,0.005395827033086926,0.0003538883766076658,2.030218682355577e-05,1.2859210028330721e-06,0.03927945358091082,0.0017559153451266543,0.0010258465372718966,0.9983178365929246,0.000509256028500534
11418,1.6589681705009926e-05,0.1927781792419834,0.7076626843268368,0.0006341938825624053,0.007401461613514259,2.716814159110565e-05,0.017970222892362386,0.0023607352912896175,0.0008683380992267811
11419,0.000768027771226853,0.008065265044321866,2.3303864589814066e-05,0.02694630609686366,2.5771246838253814e-05,0.39591575421184927,0.20803225086481056,0.0006993613602520169,5.846512114229297e-06
11420,0.0026830365783633583,0.0026424892714698414,0.052197236124372146,0.0001330007181718728,3.3556654438549824e-07,0.0006685057134421574,0.9949867117895239,0.003353564572698965,0.0009699324077695885
11421,0.007228027569776229,0.00016334568820230606,4.38955559029017e-05,8.879964223907969e-07,0.021604901851990592,0.0018136577950651394,0.002222113441002678,0.997947432079418,0.0011533478894663956
11422,0.3929980850590971,1.0021315114110338e-05,0.0006438783766731699,8.76045223067254e-07,0.0014793544423649602,0.007714315500413161,0.05322805967706691,0.621829772455395,0.018618027592319765
11423,0.029034161263265145,0.00570822299629012,0.002095082948437851,0.00034464185876148263,2.490885149029043e-06,0.002150744557319259,0.9344414918481228,0.0025803655860276086,0.00030284381231096243
11424,9.051979955500915e-06,0.9986023152191388,0.001941536411453645,0.009421935305403837,0.0024964863787617047,3.071884568231517e-05,0.0027921847007414827,0.0003415936034811275,0.000862625549827783
11425,0.003921114227022695,0.0002414406008777935,5.1540120501215876e-05,9.794245262589877e-08,0.06404235744221476,0.0017360498376272483,0.0014936066453252142,0.9984466323377706,0.0006972433265516005
11426,0.0002164120833627382,0.005975637869401034,0.016631214078106124,5.04263852089414e-05,0.31215273568302715,0.054041588768580416,0.00013355023940119138,0.0009787028536741612,0.12952530577890065
11427,0.00024410353893957942,0.012008803881539727,0.7609278868815907,0.0012150498866618292,3.462969752212017e-06,0.00024276422279341482,0.8228142295632347,7.302058283030721e-05,0.00910986215224786
11428,1.2437124106527609e-05,0.7016507507556272,0.20733254825553543,0.0463574605740744,0.0036678398507944583,6.971594979297759e-06,0.005652322545290748,0.0011888127752836615,6.830896407032898e-05
11429,2.0931992648666857e-05,0.4099031737171488,0.03007981009040648,0.45152541799710855,0.00011044827529692265,0.0005433874320012075,0.002023215851152815,7.987208331922023e-06,0.006392126392552185
11430,0.010389382732203514,0.00017406027676683495,9.003194048324986e-05,3.996566649947726e-05,0.0013733699168275745,0.9379814072606409,0.0020745618424369543,0.004911744579788192,0.00577691509814968
11431,0.017824963496524678,0.008532793832888482,0.0002841686750201576,0.0009259425364821514,6.91343220523158e-07,0.0014289377976628242,0.9924264636150028,0.0005505554450091739,0.001312140609029201
11432,0.3206016129050499,0.016317924361554867,0.0016425571186405748,1.4646077888669683e-06,3.327306857521924e-05,5.734501988114182e-05,0.7462665442180066,0.022857682097331397,0.007562429095930463
11433,0.004310357675469429,0.0028395435426526454,3.798896590439925e-06,3.3654523632300295e-07,0.13983397645836218,0.00463666196307117,0.001401322782559594,0.9978393469545688,0.00013781320829034298
11434,0.0018971333252945806,2.3072610304409524e-06,3.1656810836706834e-06,0.006833229690929133,0.000381837309725623,0.9981531818638324,0.0009954503129560486,0.0024577912174187444,0.00035689244142667444
11435,0.0017996491137801842,9.457076621549374e-07,1.5297992131264828e-05,0.005630312902908346,0.0002589933344689214,0.9986649935755092,0.0014983053436718476,0.0013573367614678332,0.0006532340774205092
11436,3.120671921914081e-06,0.9685964588250172,0.027811032895202738,0.007778749875712935,0.002424842139226682,1.550109378587925e-05,0.001644058264643641,0.0007011314148659209,0.0009391459264417546
11437,4.9973310450848545e-05,0.005978844460532121,0.003973021540941768,0.0003120088683315082,0.9903489979099152,0.0007391720326678308,7.477077391916383e-06,0.020018097883009893,0.00373492692973978
11438,0.002673389225102351,3.766656662609635e-07,3.820041644295866e-05,0.00633991827698632,0.00017291180607951207,0.9969645077483639,0.003000674583205303,0.0026819759793534873,0.0006827577686367794
11439,2.1308433343796637e-06,0.35566357444435687,0.18162125449440192,0.25324320400766354,0.00014841974644598069,2.6461422742952043e-05,0.0010925474327910314,0.00019924181020622284,0.0008927242374373232
11440,1.0540115208695861e-06,0.5528637767907367,0.6118471845158394,0.001290068296532276,0.0008650745055861446,1.1383910199421165e-05,0.0033905505932712472,0.001080397872946643,0.00556710384230643
11441,0.006013164659466917,0.0003445293988256017,2.6710991894164995e-05,4.2684610515143096e-07,0.03492979465775894,0.00294254088261059,0.0015040594443721067,0.9979209686970936,0.0008325635502123012
11442,0.009943913371316605,7.111689591428093e-06,0.0010485299283872207,6.361306745309921e-07,0.005997848449422269,0.009156163529677585,0.005540679081751345,0.9807223658239812,0.006147575051857729
11443,0.006683534765585986,0.0007802815512614797,0.033592659335993515,9.868180075456653e-06,0.010253692384419776,0.007912150209651506,0.0003673275535842095,0.00106352377184781,0.9877615590120068
11444,9.122133817967495e-06,0.9831305015396924,0.012968371431860519,0.015188425775077442,0.0020029243996164386,1.3052352041647212e-05,0.0018074067884655985,0.0002922522215618958,0.0016970183036306237
11445,3.7608288152279405e-06,0.4711067788119494,0.38128755229825095,0.09226458218879381,0.00020746050156820523,8.855027724348275e-06,0.002024221190680844,0.0003119158650436902,0.0009883172020706751
11446,7.996249347127016e-06,0.8930348908670621,0.10974082719450637,0.0003658188216450585,0.06370890364640173,4.706197137794313e-06,0.007485736433537618,0.0020788842962102126,0.001385983145120992
11447,0.962564773061463,0.005857374507004541,3.464858281153005e-06,8.826997927357534e-07,0.0020638606656765103,0.040332585325882075,0.01403219455216672,0.004942326943535837,0.0561521783669001
11448,3.132532370480355e-05,0.8072187994805624,0.21767503461514562,0.0005310635068779805,0.011769452126331332,4.157080324970436e-06,0.0063652825201279606,0.0037890612671307826,0.0006124871715663304
11449,0.05063976926414801,0.00511599044347336,0.0016176287744072238,1.3106626853168722e-05,1.7503818990193786e-05,0.000972383792708392,0.8755544865102964,0.10952527406260354,0.00233435352338024
11450,1.4002251458100372e-05,0.11177719396453396,0.7209113167227759,0.003565631531847821,0.00010979094232467339,0.00010686508829817331,0.004219496563165266,0.00013526027857264106,0.03067590539584539
11451,1.950518287447617e-05,0.8707154998939284,0.1010183603369779,0.04443523014790106,0.001855735220066949,9.163982124325019e-06,0.003935979495523766,0.000274518899452189,0.0005063902172754469
11452,0.0019395740311377375,0.033218870824531586,0.028487019590145726,6.001066122037519e-05,4.751729373724756e-06,0.0003169653044394636,0.7877464264593217,0.012532990423208564,0.0003073733361965771
11453,6.080655040760046e-05,0.3297459376472675,0.006660701276121046,0.5905585961333899,6.304176439368605e-05,0.00044444805532491887,0.0013363818309811526,1.3166355031432246e-05,0.007291272818177201
11454,0.0012473331934526614,7.383338280169713e-06,1.9079503195453745e-06,0.005507403851058234,0.0003898432083391866,0.9985895283698351,0.000793564186205754,0.00043619142687830186,0.0020307618096560387
11455,3.209197337817281e-05,0.005807114657416231,0.006209688250607628,0.00035903643446875104,0.975180151848051,0.0008714480980962642,1.7542125710630876e-05,0.027710326687277707,0.002290745648979146
11456,0.2732335401353484,3.140721156411717e-06,0.0034216411508924092,3.2005861657250653e-07,0.003293046261945335,0.0021470444224024766,0.02131313486048303,0.7637214614165853,0.004438645198837461
11457,0.0013422969133407559,0.9784587633621691,0.021495646103939333,0.005621453760920326,0.00011933443396951778,4.119519759981682e-06,0.01700365347967337,0.0001928790258469671,0.040545382936757066
11458,4.736644533720469e-05,0.0012349081177332067,0.0061050527936828865,0.0002936066872614362,0.9923788333565771,0.0020231655712398162,6.175661283404381e-06,0.03480976159189697,0.002726450315731414
11459,0.9906587156328757,0.009538824470808793,2.095303582748502e-06,1.6720168997987642e-06,0.004311538249823562,0.019008858503137223,0.0125900042790183,0.0028001396722985294,0.03101044182865788
11460,0.0005617512497161085,4.269713351733589e-05,0.0016183847948795223,1.798475754704493e-07,0.02823068181398989,0.0005395292996497357,0.0004181443011549318,0.9904166814752076,0.012986877835404968
11461,3.6182690174508134e-05,0.8886071938968813,0.039604677064948704,0.07035742605891428,0.0013168538904559308,1.360263788908208e-05,0.003418283391563853,0.0002518329815590665,0.001588332258227176
11462,9.624192959089268e-06,0.9920968294101773,0.002507250183944383,0.07002695003884422,0.0008371196188292012,0.00011818604420102654,0.0010959681525359963,7.5699113214355e-05,0.0013593853797363438
11463,3.0818735149672286e-05,0.9759455011524756,0.03176301199035428,0.039590949173930606,0.0002592902244656648,4.585689194921217e-05,0.0030736994262308514,4.3219873922785105e-05,0.004584293720778076
11464,2.2037472073035352e-05,0.7555996013792549,0.39848775213576193,0.039967497856957614,6.675832503833286e-05,1.9415569386726403e-05,0.00974251616758904,0.00014999847826276921,0.000636466810614015
11465,0.6920704197216678,0.21323405082753988,8.45493417660699e-05,1.1713017740912873e-05,2.6813777245908072e-05,0.0003667517754730878,0.49865672280882417,0.0041198935448907795,0.007563020064739679
11466,6.754327327788659e-06,0.9918283109061208,0.006038998736321725,0.019671210517026392,0.0018706779732466773,3.3271859849866134e-05,0.0010109139843130328,0.00025656184787932755,0.0011446591692051181
11467,5.571479528349494e-06,0.4997255818976575,0.28656465482107535,0.0011441585366296293,0.015199931803493171,1.6985364841292845e-05,0.005303141551104896,0.011322752993155643,0.00017161529670814708
11468,0.028845889408856375,1.0565192946698643e-05,0.00047054566488842004,4.176073122307451e-07,0.002907429533188782,0.008044706223427104,0.006299430667574338,0.9556948081552737,0.038148921163663925
11469,0.02542867676227742,0.0014388048563510156,5.882418766818506e-07,0.00011014133124621835,0.0027067168574511974,0.06587875014467813,0.0008239277451104114,0.8968940903584018,0.0007098918832359931
11470,2.0856659431960293e-06,0.03861919559960218,0.14654922205144172,0.7836109326326235,2.3618240182209357e-05,0.0009872873828606537,0.003905111545996562,2.4519707104490426e-05,0.00026557784603765874
11471,5.830872970424152e-06,0.0012803116897769935,0.29458537268882784,0.9604856545919669,2.1773494596272422e-05,0.013794427505006906,0.0022259491567334262,1.043984295394829e-06,0.002486027656459851
11472,0.0015710960878822931,1.961574519731385e-07,4.898401313644815e-05,0.010043324096005926,0.00013214234738843908,0.9970957795226713,0.002086102689769296,0.005896975338955498,0.00023182650454972343
11473,4.4813431598422447e-05,0.3878983049805766,0.44629103251926483,0.0441769575884454,0.002947589225553283,6.857879298834327e-06,0.02059243621253505,0.0002460682853266821,0.0001773223919614518
11474,5.263802510946655e-06,0.295049344940947,0.630516972392767,0.17307565692785815,0.0001535448990735748,1.235175589429045e-05,0.0033947366469902754,0.0005069287601997665,0.00015993215717918883
11475,0.0014408494059287103,2.5343832220151647e-07,2.0411329169666684e-05,0.01261540071781834,0.00012279752997415076,0.9955464419970442,0.0018872998165143824,0.0065169014812524635,0.00034541569213841793
11476,0.005724006838932668,0.0003139460362794271,0.25135026598706234,2.6791272756288693e-06,0.01718657596783651,0.00035690770311247146,0.0015785798196880669,0.0027444820374239198,0.6718207501483865
11477,4.142310380100842e-06,0.9730257678792195,0.025803906014671172,0.007188421831446698,0.003227142578384868,1.1472189439481508e-05,0.002576430991177719,0.0008452437983011113,0.0006111256725441958
11478,0.06516662578717936,0.11491312988111138,0.0018614210290775971,6.778659691481132e-06,4.592486397362993e-06,4.485153862034907e-05,0.998901182749067,0.0370119123435726,0.002144034118313647
11479,0.0004967107953146104,4.1323036130621516e-07,0.000821173413968968,0.028832109005565928,1.6580288008859173e-05,0.9196710154046673,0.03506547675655883,0.0009982501349296204,0.0001562790296037842
11480,0.005958778731807679,0.03733618591708442,0.015558970959839285,3.889024921237289e-05,2.866845654714618e-06,0.00023418114093727197,0.8418311516433236,0.015869292666732336,0.0007603681148082946
11481,1.5707150944188823e-05,0.5000427311578653,0.3574841413909318,0.12877519207466742,0.00028331513315636047,8.336951814740517e-06,0.004336236396878202,0.00019459666147306852,0.0016027507771133606
11482,0.9706369323910037,0.009987533765969892,1.3643430889715469e-05,1.5123197021590597e-06,0.004268487396933759,0.005990376694176012,0.010813022759557648,0.0024050160867103956,0.04301363325135666
11483,0.0018760161436189855,2.7223446980023433e-07,1.993193449980871e-05,0.01660416749693815,0.00021802353967397312,0.996747809593958,0.000852272276686584,0.006927983821675551,0.000249544322399969
11484,4.019360347279515e-06,0.5824479257026663,0.17714223509987587,0.16530721373434906,0.0002517616340072468,1.5768296800268467e-05,0.0012967579445435152,0.0003288946368148111,0.0007450459005709803
11485,0.018860363833968455,0.000498547727095917,0.026382401381161522,9.801445291086533e-05,0.0028768510981133162,0.0025029757937587104,0.00046580848251547843,0.0013442332053018565,0.9508426920823712
11486,2.164674639135503e-05,0.6348407366116949,0.3055560268261904,0.05289277494714191,0.001445371467645943,8.233273630135549e-06,0.01105691794478047,0.0005020116037082779,0.00011110067791678746
11487,0.0014065649532971466,7.458962684359319e-07,2.1695727683130293e-05,0.009173373628811403,0.0002190874207357336,0.9978986506625398,0.0015024721360993086,0.0012718209763215012,0.00033622519554772553
11488,3.0587796815271507e-06,0.23295152504273178,0.6807482375895288,0.08719556856847181,0.00025028806151819515,6.1336284261371715e-06,0.00369492109422311,0.0009503403884309852,0.000222015133365476
11489,0.0026946422945643375,1.489900763524776e-07,1.8590403967263063e-05,0.011976618418305444,0.0001083108297200169,0.985435827193915,0.0045525479895199865,0.014672856274725662,0.0013101214668995663
11490,0.00122864945024688,3.000363873104657e-07,1.8524578371211114e-05,0.018580155470612626,0.00029160591407737034,0.9981880508710415,0.0004794418330877103,0.0026054730152436233,0.00014537994432283692
11491,0.010563512967990666,0.19952703086138238,4.550771470492196e-05,0.00023904446701233635,0.10869720136375803,0.00791753627382548,9.479314031530683e-05,0.0026562843756021805,0.7993557737396705
11492,8.150624761682665e-06,0.7908599671996054,0.08915203021676905,0.16427498178250635,0.00032774898033885664,3.214250933058963e-05,0.0011763192919095518,0.00012543565940006032,0.001221085392264451
11493,6.423851085731936e-05,0.41780773815499933,0.37641529344032026,0.040222690532753014,0.006911361937769718,1.1594649661590994e-05,0.007292034633921263,0.00032447552323569356,0.00013994792158480643
11494,0.0011741684556624238,1.5099768830009998e-07,3.4261043394206966e-05,0.014290324689510955,0.0001343686230083759,0.9967112838273808,0.0013052842216773638,0.004270101344133415,0.00026088035730640507
11495,3.938585335142464e-06,0.17880293020646026,0.8370839175628899,0.004479531544305762,0.00022956857304649717,6.1803198705168555e-06,0.003200960478786177,0.00040203280610944946,0.015387280461272225
11496,0.0039460313870726136,0.00016792420654222496,3.919440799502188e-05,1.9841138978715979e-07,0.03466211487560463,0.0006680691766846169,0.002777871052534246,0.9986532790683836,0.0014992188321484416
11497,5.164978806277621e-05,0.0040658668893410145,0.0022076538382443025,0.0003124549776565394,0.9944226357523845,0.001617269014833338,3.1904001843761396e-06,0.02572099481615456,0.0040814520830471206
11498,0.0017314282026408008,4.867308040583363e-05,0.00018322608600522902,8.315425488830066e-08,0.0209460905052705,0.0012276053364117996,0.0007716661625725109,0.9977592721006515,0.012281200317313458
11499,7.329709201662906e-06,0.6869528875520166,0.2872119544437333,0.0006395109134311038,0.010448711858373065,4.6354482099536765e-06,0.016592479331316894,0.010765108619305607,0.00020156930902232205
11500,0.0019822737589768654,8.884815686173648e-07,1.1298704431917433e-05,0.011184737167368146,0.0005532104681486952,0.9987711931976128,0.000462487023163305,0.0018125895490127024,0.0002473275828547635
11501,9.959815767404737e-06,0.4712794161418092,0.5279502942785508,0.058127708738211305,0.0001560818216311118,8.756826113793191e-06,0.021354947093350313,0.00029049590623369154,0.0002804380163077798
11502,0.0011539903071467975,1.4842789453707124e-07,3.408597058296441e-05,0.01849804667595487,0.0001740328324755891,0.9972069837338594,0.0008619572611416053,0.0030259685163635795,0.00028382772067839815
11503,0.0021952782484860405,2.5776857385512097e-07,7.181317031357935e-05,0.006883433152962064,0.00026354433605948373,0.9975929323199648,0.0014928143298280482,0.0022266885894655962,0.00039658327172835254
11504,2.0552423923373055e-05,0.10740212849004038,0.8706675113155959,0.046994542323797635,1.658337823421698e-05,5.452369563277807e-05,0.08688382772081332,2.881706892850207e-05,0.0036769643715246466
11505,4.374499728765503e-05,0.0050604718724706985,0.0032377261130840007,0.0003353565429978058,0.9906327236595555,0.001044983720109518,6.38241130359727e-06,0.02526970949589829,0.0035730747121527433
11506,0.7557441330309461,0.5944197038692541,0.00014228875495025657,9.638786693485486e-06,6.410847767588549e-06,6.414314901537113e-05,0.9250874347395581,0.001185604995868203,0.002033611996088397
11507,3.684411623280674e-06,0.6489382072335408,0.26283988253916174,0.022500822664473542,0.0026857565787643295,4.946456354680509e-06,0.003746270161905132,0.0016742463876799657,0.00023481066130010868
11508,0.027029031616077438,0.00012167382267677012,5.1257247104688295e-05,1.3416755545866318e-06,0.0064754435816117535,0.004055447179365763,0.004843703127995037,0.9867059379660711,0.004702017818324366
11509,2.413702802094939e-05,0.9936911473523585,0.00854615985267234,0.044029695076191075,0.0005784983816084374,6.489774601295108e-05,0.0007685209088557053,5.4594499056747356e-05,0.002831924612751592
11510,4.985563613257935e-06,0.9616094478862116,0.022932026578398285,0.008216003757734815,0.01917908264547785,7.63556501687859e-06,0.0022358044606078814,0.0018705237749779158,0.00040733995781200787
11511,0.011942581163988653,0.0006296073555835935,1.0595442702168867e-05,4.628980472939254e-07,0.03893138136565667,0.0013749703778882301,0.004833387691132592,0.9979796943222564,0.001266388876072716
11512,3.127702367744612e-05,0.6329195646716681,0.2134062839293708,0.03171209461413394,0.005600921438442869,9.159937330159231e-06,0.010788079963124485,0.0004877740525996099,0.00010030917800941104
11513,8.120457658759334e-06,0.5898409877713194,0.13441065523948942,0.21096743302179935,0.00016860213602443971,3.8154854925033796e-05,0.001753052120958585,7.273412627749698e-05,0.0028909201456191903
11514,0.052555267996266516,4.777199266157287e-05,9.13004226006136e-05,9.1655171259875e-07,0.001117794038955518,0.011954823892765882,0.014410751164037132,0.9010045021659295,0.037575132571216883
11515,1.0591881888395456e-05,0.10771731795447116,0.6990012561360055,0.0009796745669790926,0.0108763443011432,5.888805438750597e-05,0.012203026745239445,0.002650436388964448,0.0005588850813381658
11516,5.70696599306976e-06,0.9750253212052162,0.036838073982922395,0.002532039260235179,0.007238424896318558,1.1902544138100088e-05,0.0061623613588320065,0.0011890152339742123,0.0009622195324955957
11517,6.273346052136938e-06,0.45255579227834025,0.7233279463378695,0.036905343259625384,8.270586635079957e-05,2.205718591030694e-05,0.01165962318445585,0.00044728695612873047,0.0002888227747692907
11518,0.06410587173510736,9.457272946830711e-06,0.0003823125124647249,1.0983071758443402e-05,0.000233854143169823,0.06726126998230954,0.2132060052554973,0.277752147920569,0.022379954057484976
11519,0.010590558516002763,0.00039030863991955676,1.535649587676293e-05,4.6567183806088236e-07,0.029958411662402,0.001074289203807442,0.0057195143618621,0.9980497541461743,0.0016522049982844612
11520,0.0002495301169413182,0.9918728390095771,0.004965133645701457,0.010933507498400724,0.0003452968910049434,1.4538827514276157e-06,0.01124889462558878,0.0007407419870655091,0.03451602492594751
11521,0.004419454535184855,1.4957679931315363e-05,1.6810307092985007e-05,0.0005835061903848836,0.0005332856183737989,0.9950069745079194,0.0020512919389744652,0.0015960719959184995,0.0022307423589375125
11522,0.0023774620236346787,0.00042522180236927306,0.04238972227071255,1.603361010488673e-05,0.005212859528727843,0.07353940514884236,0.00019389408553347742,0.0007697407577509069,0.6754238338665137
11523,0.022385091161240798,0.00036432424606056143,1.4436664886810861e-05,5.763866994264947e-07,0.048912659018384395,0.0011129634813434818,0.00624958793899685,0.99702020435105,0.0016965317835430588
11524,0.0017949314885238289,1.726250943639074e-06,8.937963900713574e-06,0.006644021986036387,0.0004872886087291864,0.9988035078187197,0.0006376847816603598,0.0009556719512930799,0.0008706955741101949
11525,0.00942600108284515,0.0001806148339952228,6.31272630527404e-05,0.00023955987360188625,0.0002343218413735169,0.0020854744727066003,0.07926505435820419,0.7090618060319559,0.0015130232214295891
11526,0.001887930569005981,2.174642560615332e-06,9.016284362970508e-06,0.00638176253330684,0.000602299578810997,0.9986470657465425,0.0005523758049792189,0.0018561832930861241,0.0004095555413877281
11527,0.0023946677879714477,1.7428495474610042e-06,7.530845237627171e-06,0.004894576315881442,0.00038988888407539163,0.9966317284184729,0.004786636501493059,0.002257974508328753,0.00013099227711873954
11528,5.233169220770664e-06,0.9935264110509906,0.0093827747213594,0.006359889118225999,0.001591351236527315,2.1265479515404045e-05,0.003151178643936806,0.0004160862383352087,0.0011641100553012908
11529,1.4874491006655179e-05,0.7029548219040938,0.24086081282937347,0.0008567164817196336,0.014176949155161028,1.1541429381959792e-05,0.0068380612858927135,0.003910734572569275,0.00029730750897133363
11530,0.005422279176219685,0.018457032198362717,0.024938148799979225,6.470443678059254e-05,1.2531247383978741e-06,0.0005122072971449053,0.9319798979184463,0.0074054596025220016,0.0007996990293781505
11531,0.0009630875809555638,8.077282130496746e-06,0.001048450289471837,1.5024221906833642e-07,0.012654443716697742,0.0006395639963053612,0.0005386395476237509,0.9994857370432688,0.0022921821313783377
11532,0.11147484106959511,0.00018980716876712726,4.922711715176197e-05,2.712780455704011e-07,0.03179917373487537,0.013899710453177056,0.022010567159773172,0.825384501053903,0.040995164690208925
11533,0.03450405187046418,0.0007468260308847493,1.9312420290640877e-05,2.2535285377607992e-06,0.007580761171329845,0.0012080867734914204,0.008942621170364158,0.9743216388981899,0.0026472711880006694
11534,9.556818973726495e-06,0.848147723648974,0.18345800673730386,0.0007529395604630782,0.012624853264212092,4.633870258724721e-06,0.007367236097024706,0.00751596212816432,0.00020952359578407673
11535,0.0010454238026666772,2.8388130947383945e-07,0.024700671052041222,1.6266592583258048e-07,0.0037050690112934766,0.0009884854051628487,0.006453726334282283,0.9967681923428615,0.0066154781522186675
11536,0.005495472465418123,3.259568435414687e-06,0.00012341932145322186,0.0006826642674553873,0.0004954375807946116,0.9873959911146039,0.0026976152946317474,0.002947168839575103,0.001430976756336217
11537,0.033699068575980685,0.0010068587846381021,0.0006702133017313899,1.317946908284358e-06,0.004266755561408869,0.012477564498846504,0.0005287158649096041,0.00598941792686074,0.9851331849805388
11538,1.8271369274824611e-06,0.05178542300172191,0.5918764039286651,0.5540010844341515,8.578071169441458e-05,2.1480313468388116e-05,0.001572642466729142,0.0002407724179890916,0.0001819285368459642
11539,0.04406859863856879,0.015213311623992294,0.005634006468815071,5.666529797920836e-05,4.758402713059192e-07,3.310729914027493e-05,0.9966044723893912,0.014248840314840566,0.009574900335223688
11540,0.021727174147716757,8.825088630445073e-06,0.0006249809732767784,2.4185929325779337e-07,0.0006982919415499135,0.005120107862584119,0.0055067354036694455,0.9335595491214183,0.06066331258959711
11541,3.8191324184858314e-05,0.2521398943043365,0.5767439871660536,0.05243289798952207,0.00307362930110307,8.900995558067979e-06,0.008201934012646683,0.0002714123061060432,0.00018617352353481666
11542,1.4423636060964687e-05,0.5094721560004474,0.3471675619371138,0.04387691472758596,0.00012774525058352395,1.585960883806674e-05,0.04190326993153924,0.00011792204214139394,0.000620992073195051
11543,8.08065087487406e-05,0.14070763076927698,0.00042242091003479916,0.0002966276976653956,0.9404529547706824,9.014613975687342e-05,1.5189833473337064e-05,0.06770613771682006,0.015330472595328958
11544,0.010100079065865738,0.4558076609962722,0.0040457207983176065,0.00016258623665765017,0.000529977405080964,0.00040219609063639266,0.005638252484290578,0.00010869232515815523,0.9203437432014165
11545,0.006532007222203169,2.0344268548479587e-07,1.5484864820070706e-05,0.005034682223913992,0.00016154398549738657,0.9736835304254744,0.011877997246036855,0.028280563733958868,0.002290244928031834
11546,0.0004206091743920701,0.9871770788787876,0.012530623982990974,0.00027058074721600346,0.00013770148576534947,2.4293879186663896e-06,0.0029127673228458405,0.00043430331931418114,0.7142738042766735
11547,0.05200036524041031,1.5884728453337329e-06,5.472781986092919e-06,0.0010816055628618418,0.0002041404547233404,0.6115565686734449,0.01021959003518315,0.05907193766250541,0.02235424812421717
11548,0.0013440748443925576,2.273507204054373e-05,0.0006494138612257569,2.8698623747784375e-07,0.0221511479263404,0.0022816440694301424,0.0006331473707131885,0.9978143978801532,0.0005496796370687378
11549,3.724398204349903e-05,0.0005899019127917343,0.6859323516343392,0.13715814272217064,2.0215811884675294e-06,0.0011467650641031172,0.6078308131876058,6.607254979216527e-06,0.006050524333476148
11550,0.00055612485639107,0.8800417835645609,0.0719084968774864,0.00987053986655777,4.599356376878539e-05,6.14343131912905e-05,0.01683812771189781,6.025693263062619e-05,0.045670050100246204
11551,0.005240144126420053,0.0017474638281041956,8.076485812949302e-06,1.8228252329633928e-07,0.189841233965332,0.003266281089940693,0.0005003073637011187,0.9981863029329355,0.00018641548790289793
11552,0.004748100490332872,8.031961074864812e-05,0.00859043690542793,1.0269139099938975e-06,0.001376360310307685,0.0020264490947412652,0.043369003482537215,0.4496316588902729,0.013240693376728828
11553,5.266864202171145e-06,0.7173930653477465,0.173909423467835,0.09269672351565406,0.0007449370016207456,8.36890584580494e-06,0.002261986059254059,0.0007604367289137094,0.00021487403754621637
11554,0.000790656259045784,1.69461979981459e-07,3.113266822536664e-05,0.019855212500649616,0.00012021798412717331,0.9979218383246967,0.0006425356181320428,0.0034393387779867637,0.00018164502825121514
11555,6.540717257013843e-06,0.2663737195453063,0.7382870715619965,0.0007855737257239989,0.007083926636236623,9.600155443616181e-06,0.047498801431117975,0.00417025562024257,0.0002884351234201087
11556,0.0002481423654628836,0.6882955362582167,0.34324844748875183,0.002333316151024887,0.00020945087923244254,6.436488246829428e-05,0.07657492091720455,5.542024865106876e-05,0.010268281992644278
11557,7.927750875629926e-05,0.011798866249258152,0.001651068429937934,0.00019458528933367453,0.9924353240819035,0.0008694952125602842,4.318481165593577e-06,0.01973652346697371,0.005309893837895085
11558,8.452078246033643e-06,0.6590075478906836,0.31181576223748364,0.0010246411546171181,0.013793223954342007,6.593355792125062e-06,0.011583426975388715,0.007899210253781663,0.00019778064133500246
11559,0.0030514629401495264,1.2319676935210574e-06,0.00010813007739016162,0.002604907872362058,0.00035946867732663976,0.994102079669212,0.0021327653025526245,0.001536072404730804,0.0009903815368151549
11560,1.499667969388511e-05,0.8228038660338435,0.17119083330687263,0.0009654210815248646,0.01265339770044924,8.250681077320844e-06,0.006377408198143567,0.005878113189041866,0.0002713239949733168
11561,0.0044105521365196895,0.10831105412825681,0.005856891740632402,5.9022751009776176e-05,4.72369805782034e-06,0.00019589023448112521,0.6899117020685483,0.019040750293044206,0.0006941259770191055
11562,0.13675777543026876,0.002779240476692725,1.482825868595157e-06,2.134282550346958e-05,0.004929029112097227,0.004589795031288004,0.0010518757177771587,0.923554514193314,0.0025399184150322707
11563,0.000872981627714035,1.5301840746408183e-07,3.233717739151529e-05,0.024085375810077747,0.000160844573012223,0.9978933239111706,0.00048066359860107007,0.003092637097851942,0.00015719646900015492
11564,5.710823437328137e-05,0.45353023749181376,0.4075709441259753,0.038730969212243886,0.003533653648319549,8.644509728715688e-06,0.013553492875546013,0.0003614045157576925,0.00015996413715932975
11565,3.413847015754881e-05,0.15277002180495167,0.1391211308340561,0.000128971420102273,0.001762279230339269,1.6077226395862048e-05,0.3987366185919913,0.06114277845410593,4.190130359573578e-05
11566,2.4108045572170134e-06,0.7011304691859557,0.3422098652127861,0.008592198786308104,0.00022929013406419588,8.609854838244687e-06,0.0016416732685467816,0.00042826301030449317,0.005330153501057292
11567,0.0016394823041560368,8.311929874731431e-07,0.0008014918718274741,0.008882698069150749,7.995973121637486e-05,0.975482703839853,0.008724890947882627,0.0013132122381378094,0.0002178945988288373
11568,6.398285491375006e-06,0.2426620721111739,0.6354063948971724,0.12504560853643695,0.0001583870006350326,9.580326114809043e-06,0.010645529747277213,0.0003120965662073362,0.00022058892529644515
11569,1.3246412738320436e-05,0.8667090675256146,0.08940769186172373,0.000645848801755799,0.0789855179947486,9.683029462151697e-06,0.006765316814825298,0.001009843760590145,0.0018880673361620487
11570,6.49511270076234e-06,0.9924211371176449,0.007666843803661864,0.002728768829434343,0.009740412132943596,2.2988569336469317e-05,0.004942050026415998,0.0007569675647216831,0.0010045977710710953
11571,0.000994314511649652,3.255358228614051e-07,2.750425363025302e-05,0.009646309087676351,0.00011507496961421921,0.9974166050453221,0.002233822446268068,0.0019352753485146047,0.0003834508262314137
11572,0.0073509118970881615,0.0009990027507002415,0.008320761584815695,4.621957801613987e-06,0.07666356265046362,0.0013881909925047245,2.957251213774099e-05,0.00929344553349543,0.9678788449738859
11573,0.010440292419071542,0.00015484197164622866,6.437467244239402e-05,4.038390497923878e-07,0.031080794248900957,0.0012150969450387505,0.0030346694055775024,0.997992152991274,0.0011372428721855227
11574,4.932370754730091e-06,0.34529392615301757,0.5386989772230832,0.1266119777373301,0.0001700365065836601,7.234508012081328e-06,0.004207303906056059,0.0005063140901007495,0.00034084620299539015
11575,4.625015916430518e-05,0.7114324243898653,0.22267713583383827,0.0007012083511822079,0.005107752054063196,1.2237005888185462e-05,0.0057700268614437515,0.001759825017192899,0.0018888942685949715
11576,0.007540401548917981,0.0029063616121004186,2.272379335070783e-06,4.6775158748498976e-07,0.12158447351215573,0.004593246758012972,0.0029546315991767053,0.9974241295898015,0.0002564099203789477
11577,7.714257731141255e-06,0.0037906770643511413,0.2691429338352701,0.7745825704630322,5.061064877882637e-05,0.0017053421252055535,0.011005762803195072,9.397566707252804e-06,0.000420299493830603
11578,0.024777902960738514,0.0008406982237056671,0.0012739657146905222,2.551932713329148e-06,0.0055930717112072665,0.012399988211431734,0.00021573141587266013,0.004071857820379752,0.986313078668534
11579,0.002924123858228576,3.9466077334061414e-07,2.1532796286377673e-05,0.005187041574156626,0.0002512215120335037,0.9950460590391916,0.004568351915770176,0.007066695720747952,0.00036552670875306353
11580,0.016087340570982905,9.956197266591605e-05,4.869343938268635e-05,7.509258495861294e-07,0.008497538987856145,0.007177490085755856,0.001826551779210272,0.9835336028434162,0.013623251184639803
11581,2.364565173833315e-05,0.7113955418821158,0.237194512558715,0.0005093255025967469,0.012559906101351952,8.084338561536781e-06,0.00703374449148129,0.005536989868893533,0.0006509778530046517
11582,0.0022887998367987637,4.0784731598147295e-07,2.1379082968034596e-05,0.01091518226895708,0.00031332933302243834,0.997783419304595,0.0012876457009081954,0.003536328206812991,0.00021242498482609192
11583,1.861619240738811e-05,0.9795044153379671,0.013404806511200988,0.05335103126045346,0.0029627200517609456,1.5228208790391108e-05,0.0020562859689820866,0.00041410249726602465,0.00020223093308851452
11584,0.03457940022245961,0.005315018758637387,0.0015947706480703506,2.2214960955397993e-05,0.01184801982757464,0.01625182936311583,6.872978804670001e-05,0.00037358210119807413,0.9769020683115095
11585,1.186821065048794e-05,0.6019450158208105,0.5398056534659585,0.03678735468351886,7.691112059474161e-05,2.66160768201412e-05,0.021793243331359624,0.00023108114795247658,0.00038129411905916293
11586,0.009697318647464828,3.1286919262361224e-05,0.0004540679725932633,7.013982779485183e-05,0.001095506073472006,0.6901569582100354,0.0026489134860343175,0.05450579166939133,0.0012525915279761224
11587,0.00395290440928401,0.00010275264575882896,4.545109168625539e-05,0.0002457078994136303,0.0016196974273561923,0.9377824081227853,0.0011176551232983732,0.02389187986763722,0.00023378934626361235
11588,0.0019826959339087026,1.6394709928247792e-06,3.896721696185904e-06,0.00782904022080778,0.00036871603957751244,0.9978546616137679,0.000850860850487742,0.0018880250138587746,0.0007766726273777156
11589,0.06327317838361793,6.238752524189879e-05,2.319670545091216e-06,2.976830690448353e-06,0.0006901901547001096,0.5041867977301243,0.0010361505200958859,0.08167572155009535,0.4554738106683089
11590,0.07204977834799374,0.0007083957945022827,0.0007468728909725146,9.39590007124029e-07,0.0028904972110270983,0.02245653538842592,0.0005329374384559827,0.008989851095118349,0.9192436217334847
11591,1.6055577318141543e-05,0.01067901854246157,0.9432336759586354,0.07792446067988952,5.9201527681281725e-06,0.0001246748040329193,0.1403349219786765,7.722920119988393e-06,0.013791261154877704
11592,0.0005108287935315043,7.600438669921285e-05,7.477087560846489e-07,0.0007965452461315208,0.010775047941806067,0.7840343864269074,0.0004992628643041751,0.6714390991446011,8.652458489702777e-06
11593,0.00035759646563718914,2.8945380693118004e-06,0.00017029840184604924,0.04635314683491024,1.4845280572046834e-05,0.9639449405767104,0.007310170521801672,0.0012847868771370262,5.8860186227796424e-05
11594,1.161335302660243e-05,0.7070934512561686,0.21402078761397245,0.02004153571520518,0.0009535943383283966,9.944381174459696e-06,0.007045515838675935,0.00025710681144584173,0.0015549302619476358
11595,3.988881973472417e-06,0.3654928059749656,0.0013483944273301246,0.851603180476916,0.00011547769349611059,0.010099082942091707,0.0010676944227394698,1.4273962654673769e-06,0.00393039446657903
11596,0.002084862988483278,3.0699536525964254e-06,6.389493314135111e-06,0.006617039820332868,0.0008745674402717229,0.9978929784424063,0.0004233291390117487,0.0028285290315036814,0.0003844112214794739
11597,0.008726103823283355,1.3153488824934073e-07,0.039959233661587636,6.734012209498592e-08,0.0008895732462799981,0.0036907912485255913,0.040910626336491014,0.9227477916526916,0.26705805842063896
11598,2.121735186083583e-06,0.6816311226405387,0.0600458537967416,0.0007307811445916007,0.23147591327822273,1.5953400252013724e-05,0.0007149902609710203,0.01031618000560196,0.0006813097747454753
11599,6.071026612421951e-05,0.9368957182035438,0.12454656547465612,0.005737310216881024,0.000655349036876314,6.978824837477773e-05,0.05171396522958703,0.00017947538237323248,0.00046180637542766025
11600,9.43047874794147e-06,0.7029110740182514,0.30726254144860704,0.0009584418461651748,0.012613156587633957,6.2577514109721645e-06,0.010144827387572466,0.006518080596669024,0.00022076648365723683
11601,0.11507724291543776,0.00013386801685920952,0.004808488060038871,1.3157785011613096e-06,6.068907942611082e-05,0.00043017087007435556,0.6106338525435686,0.33112827363486275,0.03877031989765293
11602,0.00174436753769199,5.18282828709257e-07,0.01434613912553559,7.084428132972476e-08,0.004682090648382139,0.0006138201688568046,0.00704566645340099,0.9977427670205675,0.012515406884715304
11603,0.0007609090118515086,1.7264484541096875e-07,3.457193751245341e-05,0.018074742042167517,0.00011001491130793144,0.9972641916069851,0.0010018191546042282,0.002774472662867415,0.0001703381302957027
11604,0.027494942658277982,0.0002806755654439477,3.2381024858513326e-05,3.453604540808434e-07,0.1393432588991057,0.004497027947935155,0.007872204085711943,0.9665998406115446,0.0019659900417045365
11605,0.007630646433900497,0.0001149366961853549,0.000518028914994188,7.987166008895547e-05,0.00035205812147588375,0.8495174187400526,0.007908212951140458,0.003584932958944334,0.0034597365319953524
11606,0.0003034704006231019,0.975404975750097,0.04872655222140799,0.01392562620373333,0.00012694893349462293,1.3154384329102865e-05,0.0041361743559180895,8.929047415640532e-05,0.0030689635973112123
11607,0.0014840848838638457,8.484811058945067e-06,0.0013012952141031333,1.4309492414229525e-07,0.006089782641369453,0.0003872742497846557,0.001652458067329744,0.9984067388110549,0.005511014972026465
11608,0.0017218456976506185,5.602472442180847e-06,3.219581803527226e-06,0.004144116283336759,0.0007227396702065659,0.9985216154228603,0.0011602067033631388,0.000544640336021351,0.0010505379784079465
11609,5.191985679460546e-06,0.9584331665028392,0.05390968242985529,0.00529702053561989,0.0025306163027933514,2.5939491753412147e-05,0.005271401506440387,0.0006708324939782823,0.0012548449452065614
11610,1.3469886071855458e-06,0.28187898831083924,0.5410530721952608,0.007591485211858589,0.022375479423320275,2.9390139687692842e-06,0.005781082406291553,0.019155967565427576,4.822643806985459e-05
11611,0.01793344495406516,0.00012481724510420334,5.098175456709065e-05,1.034295102246911e-06,0.02492227612504097,0.0006433550526956074,0.004662304019695137,0.997311240332745,0.0008931873243813092
11612,1.8984793067065388e-05,0.19164593643007294,0.8464042605617653,0.04751571370422592,2.574455941314402e-05,3.132074618167306e-05,0.055185612739883705,5.8398850213942766e-05,0.001866940584409762
11613,0.0021639284508517954,0.001319514483845239,0.0016647301267535162,0.00010732832479523805,0.0022074089007786462,0.5064705308932665,0.0008361411667050327,0.002367558809875631,0.007532232374157087
11614,0.0010045544691295002,1.1250372234788104e-05,0.0010317113447960789,1.5373498280389553e-07,0.03635964642103013,0.0010691235858648256,0.0004836731996849892,0.9990312664064755,0.0006610311846539679
11615,3.774075522318133e-05,0.33922979981067924,0.4046449954901386,0.027966280915352186,0.0009213138687371866,1.08267043011673e-06,0.04196402439009759,0.003621629306771792,0.0008325013943599754
11616,3.42686661570884e-05,0.8997400524573623,0.13340315079118734,0.030333095353576117,0.00019623382293712058,1.1544357965249299e-05,0.0075890956498241265,0.0004241110129087464,0.0006302857861005334
11617,4.121063747539663e-06,0.4258126099955944,0.003724601826269168,0.7422846969817122,0.0004902831619452729,0.0007894728666916534,0.0026268744503572935,3.930163043407577e-05,5.376236877706971e-05
11618,0.0020526260480027442,0.00020683134189052805,2.122886552378934e-05,7.544278328534386e-07,0.019744925194964843,0.002253275435856469,0.001279090108746352,0.9976880854099708,0.0006876135588384231
11619,3.885752963127702e-05,0.0032369534355535493,0.004462068824073848,0.00032865920274989914,0.9905438165118372,0.0011734517939948697,7.163655704444838e-06,0.026904224842560814,0.0031585307264985728
11620,0.9288241969650411,0.0005278278695137924,3.194038485235104e-05,2.1706335788300043e-06,0.0004906862127006038,0.018318059271062656,0.04709076580399146,0.04711412839079994,0.012398037803138553
11621,7.06778168117097e-05,0.005905658503641817,0.002135741922240751,0.0002083647370554108,0.9935932875932199,0.001107774626442255,4.30787110525942e-06,0.022029697628498136,0.005084775869182136
11622,6.845086840580742e-05,0.6212974539385511,0.3375347518827499,0.047524119243006535,9.926919884553664e-05,6.412988021676849e-05,0.00882211850725271,2.0120627003272565e-05,0.008949113435204804
11623,1.1856093043357684e-05,0.7619145856049077,0.16838810804390533,0.07393680698345788,0.0001673920007565634,8.647262304068611e-06,0.0033889115275137103,0.00031642079197565247,0.002225822797241571
11624,0.0011230143799109617,0.0001598531128504551,0.003749055166670256,0.0006979565882529773,0.00480785738126754,0.09410320696111378,5.4502908147591965e-05,0.00022870219316915567,0.9548726082536818
11625,5.112871737240873e-06,0.007893990549904238,0.9920490070375607,0.0035578796228158192,2.882648198674913e-05,1.670825109002622e-05,0.017069744533344932,7.153816152583756e-05,0.036845100444205234
11626,3.3243309302593702e-06,0.09553379365157103,0.801919132230894,0.00361643877965787,0.028688346321116345,3.3916669018638167e-06,0.017150771771531,0.013865684967421339,4.766405567541832e-05
11627,0.0017290261583761677,5.880988360412895e-07,3.0152975114440096e-05,0.008755930979576847,0.0003680412948946861,0.9984252805012519,0.0009519366254736772,0.0010602098619370314,0.000572378738893738
11628,6.283164678666838e-05,0.00510312985792975,0.0018462428260307571,0.0002640441727331623,0.994490770985081,0.0014010390430478996,2.998767437679809e-06,0.023700095209464603,0.0046026837555572225
11629,0.004571020551333691,2.36884307009003e-05,3.211153276113944e-05,0.00033674621228312035,0.0009617301848827156,0.98555191792908,0.001176479300490554,0.005674562125466249,0.0010276129880852603
11630,4.899689675931095e-06,0.3376608302966534,0.3305895452532859,0.1996669004361428,0.000321281223643274,1.8620173887960313e-05,0.0015619373901411976,0.00039224193164768753,0.00016601525890201833
11631,0.002207653253028996,6.199320542581124e-06,0.0017718357585972033,5.949936309762282e-08,0.019104276065129887,0.016612720886762612,0.010827621786780022,0.9730344712560649,0.021674749317899648
11632,7.807890651008372e-06,0.432074560704422,0.42221150868818064,0.011371984515388038,0.0051096103631983756,6.047465906995022e-06,0.01599122226451497,0.0021330712943441843,0.0001036307288626296
11633,2.3415871672594397e-06,0.7875883373285655,0.11838837708580952,0.002766577475036885,0.026550002169790324,4.803245260158988e-06,0.006587616712078394,0.0038482357764348446,0.0005078036048389283
11634,0.0012049975106565628,1.6019992350737285e-07,2.650965883315193e-05,0.01762548339562131,0.00013817252868572158,0.9964734670844191,0.0009759772883527204,0.004686785272205912,0.0003140058061646095
11635,0.04456321584866026,4.2754352408911044e-05,7.39851319400517e-05,9.903224773975445e-07,0.0065028740782045,0.003612371157775802,0.01220812113052275,0.9647068687517187,0.0169956447155308
11636,0.0011792799978662424,1.2502270337606498e-07,4.997743384116369e-05,0.012626588594235388,9.728292296547538e-05,0.9960308215169148,0.002647418691257171,0.003229338108531277,0.00038227947180827167
11637,0.0009048465887761452,2.1315241925735687e-07,2.8009293654376974e-05,0.01746300175339353,0.00014397759480996026,0.9972336236491023,0.0010837494498427051,0.002316019991868325,0.00018498856325567222
11638,3.8655568085757745e-05,0.007767297232898534,0.003536777484203286,0.0002645614312397888,0.9842352156430995,0.0013406610926907571,1.0752203063405466e-05,0.029677296114472118,0.0027493168654799697
11639,0.0732824051022694,0.05057083762526657,4.246465134837596e-08,2.0652384080623783e-05,0.007681426146508572,0.053525003926391215,0.00034890661066051907,0.7928071741552916,0.004330741366336526
11640,0.0008689750031148606,1.308251098811751e-05,0.004004928198261169,7.505489806681413e-07,0.002747719596484007,0.0013091544111601008,0.006636356051776635,0.9941821917037438,0.0017520167404485663
11641,6.8194568877797435e-06,0.8507411688694685,0.07921537156125788,0.05407305127745965,0.0028769209150933447,7.985726947652176e-06,0.0033519880790464722,0.0015048433956067015,6.546527791075331e-05
11642,0.0008809595610261699,3.3455617900637046e-05,0.00039819068348386036,6.819091466644434e-07,0.016606214060125694,0.005772758929831492,0.0003901935435832805,0.9935734919687663,0.00033907925663138877
11643,4.516310490470564e-05,0.153348033268145,0.8443700112847203,0.0011200741062297873,0.000845743112842644,1.832032831636257e-05,0.03529067827008149,0.00046048074846502,0.0049116502695105285
11644,4.9098871013671734e-06,0.24481381648145567,0.5997809767476283,0.28236220868050627,0.00018621282266207957,7.598913365931307e-06,0.002447551446855475,0.0004855629227513276,0.00017996627720717444
11645,0.015435184313597711,0.018012161471507953,0.0004979687551542096,8.319895449245271e-05,0.0097109378636903,0.023969529692214612,0.00023254448711070163,0.000467221959673022,0.978556942105234
11646,2.0032781326230845e-06,0.9839384280238237,0.010432669047577071,0.007212019007387642,0.02136686353392561,7.220131253897179e-06,0.001726788663351935,0.003337168507476415,0.0002754265772481861
11647,0.003807319821403362,1.074273857511155e-06,0.006039501698341529,2.196010389101189e-07,0.002495673966962839,0.0018635584134207499,0.0039163815973649995,0.9925318872754486,0.01657097985389411
11648,0.00046151739891242343,1.977039596020882e-08,0.000685622129492246,0.0021298136492131237,0.0003989409850856154,0.979010267112851,0.004105009651317083,0.043359051558256985,0.0003109440774495517
11649,8.560207848625573e-05,0.028089155467108218,0.9211720966746841,0.012199707262719977,1.2233202836720264e-05,3.701192962568249e-05,0.23377805214644637,6.840916067521181e-05,0.02023675277356881
11650,0.0156740648356771,0.22236508392348112,0.0012418233872103126,2.0483551090871454e-05,6.109112121181624e-06,0.000394126641252363,0.9897195567169121,0.014791865972819115,0.0006602144391561647
11651,0.055503572552350874,0.0001317366429836846,1.98494677282857e-05,1.7138069143264945e-06,0.008531844623434641,0.0014187999612230021,0.011079407789460838,0.9645207241267257,0.010211290243739402
11652,0.00459395006796643,6.865145202745445e-05,1.667884852967384e-07,0.0029230576032963705,0.0024195037263005513,0.9989505632930034,0.0008250636718666054,0.0015572014153092115,0.00015633693541742072
11653,0.017786865131356494,0.0001924807760613381,0.08597901867272215,3.5935664316759184e-06,0.008051563566640845,0.0025355391486124815,0.0004725550154114937,0.0008344649786175754,0.996284176067636
11654,0.0009335320849324574,2.3313768953469803e-07,3.486294690537566e-05,0.01373252757744323,0.00013830581229071727,0.9983375350718087,0.0010041457131866533,0.002708549777882666,0.0001590042676126494
11655,3.3116319950000216e-05,0.48522389283098144,0.35976531554355534,0.0006038108655784438,0.007186584195338709,1.563332481044468e-05,0.01214550090364533,0.0020048856941501055,0.0014970236477117333
11656,5.4081218084454744e-05,0.00871073082978461,0.0028468344325357775,0.0002579830614244074,0.9898563135803838,0.000927461247356767,6.475413889078898e-06,0.022375257141126283,0.003631836552124137
11657,4.043772140866013e-05,0.03165641238485991,0.002460107556846511,0.0002052906808256187,0.968081300897952,0.0013082037230435146,1.5426557318910755e-05,0.02900936929557888,0.0022889811943723713
11658,5.925044697730808e-06,0.9684089752182431,0.033387614839096885,0.0018974058827516732,0.006155304579721633,2.589233745933362e-05,0.01113642319795626,0.0007712409051845252,0.0011539210730703749
11659,0.011621732203365941,0.000687374382954701,0.008299804958877869,2.6821516998747743e-06,0.010811224904712126,0.007597713728895417,0.0001651360976484818,0.0036803830211388703,0.9856628578996717
11660,0.0007826197068317814,2.2498739592118533e-05,0.0005507607227473673,7.313511487658977e-08,0.027690618670530055,0.0010246156465868754,0.0006155464483805981,0.9993917051868673,0.0008848914292630646
11661,4.5471199859613714e-05,0.3315570171749396,0.4991725426605011,0.06186848378837478,0.0022444442794242233,7.983691343883415e-06,0.010027699285745118,0.00044917257823075225,0.00015376847687468878
11662,7.677839162775243e-06,0.9923432490566579,0.0060407963530993355,0.019108322097396244,0.0006858170721672429,4.741330322757826e-05,0.002288721026740382,0.00012325037127400672,0.002210054871128748
11663,3.277734936180751e-05,0.015864770209753232,0.007394831577520805,0.0004231333701248821,0.9759378083033019,0.0003279183077071889,2.2805829556229966e-05,0.015378672978367976,0.002462476004204226
11664,5.4492007188557576e-05,0.48719780493798637,0.2478577578242801,0.0005338038458815717,0.01287396999244303,2.660326602075446e-05,0.0024226992633043917,0.002157257891543757,0.0015942903376760923
11665,0.0034348871730694483,8.192135981097632e-06,0.004352713794188932,4.816226051129997e-07,0.002583313153656847,0.5437686672377677,0.005239588022044741,0.17542908365614157,0.012068059983130703
11666,0.15274586093355574,0.0002613651636747918,1.2657728169353363e-05,1.654389483769078e-06,0.0033854402761069094,0.017081146394882743,0.009084072899469128,0.8301275053194787,0.027002263531352797
11667,3.4127456651081957e-06,0.9496650834669994,0.046959478437929754,0.004275088670820509,0.003764908817444914,1.0000086024928223e-05,0.002587597748123523,0.0008326577570447386,0.0010008947288682084
11668,0.21739535393206746,0.0021309250075047517,1.8897807370640554e-06,9.18771482365719e-06,0.0029083442856551477,0.004578530728689695,0.003059981849837303,0.8633734085834711,0.008565788360271179
11669,6.035888052114632e-06,0.6032240065055338,0.31260188591522403,0.009317605235708352,0.0001337560554906692,7.9806131252701e-05,0.021242514889743717,0.00011188541090659605,0.0024438321551009403
11670,5.360839535257043e-06,0.9732999376871253,0.037800446851419686,0.0027950060782232686,0.0033411919163179103,1.664266346667073e-05,0.0015571124009303209,0.0005793865325642964,0.0012749916047917497
11671,0.0033487572110771674,1.9787158933079603e-05,0.002242371320363614,8.238911577443729e-07,0.0036607623087853824,0.03557433968099919,0.0018264635769115135,0.2985465446939961,0.6439899624619965
11672,0.008638568791873255,0.0012409460804075818,8.485343138758957e-05,0.005215544711315643,0.002369522199028861,0.1889576507900006,0.0005723409360611827,7.987551055696489e-05,0.6403241308313378
11673,1.7505863708262838e-05,0.09180683530917384,0.8681250530696709,0.12128689107222088,0.0005499498796447118,5.240133112300076e-06,0.009418066071267927,0.000555550180304701,0.00022568412699821132
11674,0.025695156826023816,0.00012894620757283886,5.4978080400699974e-05,8.184656587683418e-07,0.0012540003174325224,0.004175770340530178,0.0009455402810607175,0.962818939491218,0.011836551948181166
11675,0.0018310026673882258,4.055902004884593e-06,1.9736956969819673e-06,0.007752310214758883,0.0005391109297625982,0.9987781454764874,0.00047649746802970157,0.0017884702331601565,0.0003406237490477283
11676,0.00048332748561425777,6.9691004902737735e-06,6.60205747326203e-05,0.02568424109862891,1.912504782868458e-05,0.9471888066734914,0.022624618326949644,0.0009053111348493233,0.00010856040766002991
11677,0.001121381014867296,7.859213371208637e-07,8.607569711400283e-06,0.015312113703802732,0.0003023991366697129,0.9987814693782545,0.00034918413663938725,0.0021019542414521235,0.00017283814673855599
11678,5.1237790482775644e-06,0.8142051151962458,0.09308687040732307,0.09094744289320292,0.0005633254901441906,1.4452909927558198e-05,0.0026914591785793217,0.0004805029283194767,0.00022946751807246914
11679,2.0773835375067947e-06,0.9414124413272714,0.07266867927113477,0.0008037117528546566,0.006893688442240905,1.2405578364854202e-05,0.00612472852007019,0.0017326932401549133,0.0011364993430355778
11680,0.0001020598559982138,0.9765579069775799,0.031880502999971784,0.015122855271664295,0.0002019540567633953,0.00016201726875285174,0.0029081464673675872,1.1196118641384348e-05,0.024509830388245644
11681,0.001109033816263707,4.605119507927818e-07,1.4815490950232465e-05,0.013811425625741103,0.00023622474170590684,0.9984818030197475,0.000626234313293849,0.0024233052184545745,0.00014968403685086445
11682,9.813584755693076e-06,0.3422458533981296,0.5925179361937661,0.10335578001361749,0.0003656984266041791,7.057870137611574e-06,0.00793940137177629,0.00044226610821621585,0.00016603956614982934
11683,1.968348861978673e-06,0.46938345120111985,0.5477540440309484,0.015551017111431423,0.00015834815762514148,1.0721647716983425e-05,0.001961023821233024,0.0004093614378024843,0.0017736016015833674
11684,0.001680924754840896,1.5308449669308968e-07,7.690169455949359e-05,0.01022695000369489,0.00021001826050826296,0.9984510748185785,0.0012801393109036076,0.0023421038675596664,0.00021784784381466337
11685,0.004732247837919157,0.48709232053051144,0.0033537596439944042,0.00039737070674890275,0.00042878552687444646,0.00056113715126805,0.01185534592238887,0.000109055439196729,0.9066717628799298
11686,0.20658124646651607,0.0003523808100729626,3.925646441313703e-08,0.00033790268015386954,0.0014817231840148918,0.8522315265855477,0.0008777484102871928,0.005611435821196498,0.17548592264550497
11687,3.978407528121452e-06,0.9935083910024388,0.008744276514979601,0.0032683940761114626,0.0018242714238069489,3.882489032718597e-05,0.0020945392212587265,0.00040220519930630983,0.0021772810395148754
11688,2.41700667851869e-05,0.8877020660550764,0.09006831911175935,0.00082250738173193,0.013104463356302977,7.6052438474702074e-06,0.003962708012082262,0.004187091272474384,0.0004373988134939736
11689,2.4686439646643544e-05,0.9177112573394264,0.07739507136591467,0.04419044681229452,0.0006256549118407151,7.58795849155996e-05,0.0014670209620662124,3.814403609439224e-05,0.00443371886179068
11690,0.008232977871302827,0.0031552271115781946,0.0021889398197476426,5.0993263990647625e-05,0.011437945925216486,0.026845594359387485,0.000113537096400771,0.0005684295946177582,0.983229662887506
11691,0.00043232976264494087,0.8787005569137771,0.0851122660659164,0.002645809415787578,0.0005208935337621104,0.0004796177064436529,0.06989699490674123,2.660058800376041e-05,0.010909406581772543
11692,0.0021619222763419156,0.006887758650892808,0.0014055685568257943,5.801545060407241e-05,0.0003138417190865285,0.03124256045133796,0.32162657946319123,0.027693393908851307,7.732902688891574e-05
11693,0.01102205948984507,0.00010726091441239242,5.2691328389389094e-05,5.119762559541389e-07,0.022044432381664047,0.0006034874801101579,0.013234885120074187,0.9974356350122268,0.0024261282103336295
11694,9.594127054525014e-06,0.26694380328971395,0.6270116300655139,0.10334010038634002,0.0008362772417241784,6.108934083675347e-06,0.005028486346696708,0.0009393802195410823,0.00016461002030970063
11695,2.3185843310777918e-05,0.9451492587523043,0.046452314588446314,0.02964674995861124,0.0001810337757675624,0.0001561463340917633,0.0034300366075170454,2.7349345497194397e-05,0.01060423357553208
11696,3.7549739435316094e-06,0.004207126255303601,0.10695027117795594,0.9194821220269019,3.3459140778186315e-05,0.0047306738631578416,0.005267346038692476,2.9786813924701577e-06,0.0006675841847000649
11697,0.0034481490917733014,1.296409695147268e-07,0.039821141174894145,6.696634280401182e-08,0.0021856353634448415,0.0009341585763924507,0.026348538960166257,0.9901150068007837,0.042832993009176076
11698,0.008553339415834119,0.003940085184014992,8.217015573170367e-06,8.827568744683321e-07,0.023605172252873105,0.0010642129263528609,0.004605926018540905,0.9942257415642595,0.0007349428402061055
11699,8.481674668166141e-06,0.7020084784041882,0.1949993125246303,0.05466127484092862,0.003924335392647284,6.092032010132861e-06,0.0036793831467769544,0.0017700024643536507,5.666842895770429e-05
11700,0.00104898554884049,3.2724525308478674e-07,1.6956787041445977e-05,0.018981537772161373,0.00023870454281510012,0.9980908261896917,0.0005714051847873084,0.002569462664397661,0.00012195340469343882
11701,2.241485969262393e-06,0.16245848697506005,0.7752754746144387,0.006138813763785398,0.009017277578816879,2.2244253947575535e-06,0.02477765434032259,0.008300902760406645,9.148452004588057e-05
11702,0.006627067784161503,5.100928548102389e-05,0.00011744683825620844,6.554770071874499e-07,0.022377688069568098,0.0006836798546885713,0.005785973252459071,0.9975366323031223,0.001585399829463625
11703,0.00855770442119056,4.478701711466465e-06,0.0019229861952102234,5.227753322933226e-05,0.00019183926143977344,0.7866752600394689,0.019381226165264148,0.034248846150503026,0.0007161320621417307
11704,0.00026090957055009396,0.06340765888015139,0.0020211145635117334,0.00011163643383865219,0.8842990894127671,0.00240646576517092,7.765008851589452e-06,0.0024609054814402217,0.0159603446557567
11705,0.9820838416067226,0.012544341352090139,3.1209539435018206e-06,8.707311278491137e-07,0.000875960049762465,0.011286945627455601,0.0628133290905853,0.0041877939703537604,0.027390142102262614
11706,2.1550854296990342e-05,0.7593229546954143,0.15884974462767146,0.04483484443905881,0.0026875414923260704,7.702753192985388e-06,0.007196874906275362,0.0007672851512090883,0.0001592290755950061
11707,5.8234361523779593e-05,0.9670458812830784,0.012748492383667006,0.05302959083508198,0.00021938021953806322,1.4714161509219491e-05,0.0033945812314967187,0.00012761732710585478,0.017237837703725525
11708,0.005123889559277431,0.0005396528258377061,1.539168730110643e-05,1.5235094184979156e-07,0.07245521119445644,0.0010626865303655687,0.0015081153983884273,0.9991795034087526,0.0007972518644146922
11709,9.089559653021548e-06,0.2925772934145231,0.5777919030473799,0.16015328213374072,0.00039126364476867675,6.24341874056317e-06,0.0053362981941316185,0.0004860776528215404,0.00018695497767479567
11710,0.011497356786810131,0.0001318639485491901,4.6796508799976195e-05,9.074155114211115e-07,0.022306084914628804,0.00107969803023932,0.003975958858210136,0.9974820011301017,0.00164099046251294
11711,0.0001333612758975215,0.8538837091260779,0.29221984436748694,0.009322292229459711,0.00011519258800012387,0.0003592987495887086,0.016897269854290173,4.676286949793418e-06,0.027701841849706355
11712,0.0003705427852818659,0.06285204744228375,0.6189952068340597,0.001135142557286682,3.0060086604666814e-06,1.2741005660954218e-05,0.8758251783290241,0.00012894982282802138,0.3443691917408805
11713,7.76213060764931e-06,0.5853538856814149,0.30517840108153643,0.08556267458166995,0.000658545219300776,6.740846985452926e-06,0.003549490570023433,0.000655748504419186,0.00014967669351987416
11714,0.0063678407101523124,0.0011735275815913761,5.4940449096772465e-06,3.48018564769681e-07,0.06606844161194007,0.001247857575813303,0.0016786929333378283,0.9989680813076939,0.0006734966529342507
11715,0.0016622749303078915,8.13146757876144e-06,0.000873727604217961,1.1710049627972515e-07,0.02170069952041848,0.0005154611888849569,0.0011464660248862348,0.9993242331708152,0.0028589993688322417
11716,1.4437270420093787e-05,0.6192707862629412,0.2849673497527618,0.05171143965560829,0.0014503637729804042,6.154981228318304e-06,0.010417659272031164,0.0006470725758596137,0.00011261156160930824
11717,2.2607168578711644e-05,0.16236110079192403,0.07924673967355231,0.4726946138042481,4.053866564118206e-05,0.003930804042390359,0.003921930982575406,1.7289993416927077e-06,0.008986912974540481
11718,3.6740339746343374e-05,0.8923025628964225,0.153297948248821,0.006072559460383036,0.0012421721925178523,1.1208882933650014e-05,0.10554606923879147,0.0003706394209888709,0.0002547720717465016
11719,0.743834336741792,0.0006688110258765802,1.3468285576637749e-05,2.2200623156896818e-07,0.0013143633003427251,0.018295384396884863,0.011675488148507412,0.07420258168197308,0.2089675131222799
11720,1.040532301820438e-05,0.7236003125466975,0.18415805494691675,0.09189807563386738,0.000851729986939164,8.293943593657012e-06,0.004818171984008869,0.0005882556947824799,0.00011461754565501708
11721,0.001794740354938912,8.660489548221952e-07,1.7234073946845542e-05,0.009092607376844534,0.00033793168753467256,0.998793185734381,0.0006030180500980943,0.0019122310771835114,0.00038773218052852925
11722,1.2439925385968619e-05,0.37675546617180755,0.0023277238955733623,0.6258740256638162,0.0004235284668467682,5.820235150438632e-05,0.001022709688482787,0.0003354092199258869,0.0073979277792901935
11723,6.472101514297143e-06,0.3333748658873044,0.6137517076127944,0.03682568376647524,7.00509682631899e-05,2.4126603790443268e-05,0.005230595942210275,9.363273946653834e-05,0.003515208313998312
11724,9.001186660635822e-06,0.9917510877617703,0.007433501028946543,0.025647870352044435,0.0006062702768465655,5.398799722938485e-05,0.0023012930060458754,0.00010632814684450364,0.0019162714774423632
11725,0.0008724683346314428,0.014361727101881898,0.039265135833247755,1.65158100625601e-05,5.8790600994443994e-05,0.0005071127840289676,0.9675947077552266,0.02508795708065942,7.326046240098206e-05
11726,0.001233729124756927,7.418643919990107e-06,1.598370852062902e-06,0.004724198979140134,0.0003259088914923807,0.998516542759269,0.0009232996284902692,0.0006073165364995258,0.0017084830130330918
11727,0.08360986429434611,7.197493356962517e-05,5.1585041692916916e-05,8.468940802723835e-07,0.004938230526571013,0.006134832132107841,0.013656025194210452,0.9326313663328116,0.026047033872172314
11728,0.006329069083471502,2.5470746580007773e-07,0.026901433588748806,8.732327431546832e-08,0.0023361939512931505,0.0030935948189305647,0.0063140359592003805,0.9845150592825257,0.0660784546948957
11729,0.07037566800861955,0.0008353423765646796,0.0011235272600335971,4.34308005584925e-06,0.004649689341927254,0.02268371370370135,0.00014647242578597736,0.0014888010820936462,0.9177804876083362
11730,4.6441905152235375e-05,0.40130506720874326,0.5524883822845396,0.03958977603809778,0.00021141892745812555,5.7178387780726225e-05,0.018577379928374382,5.630368529177586e-05,0.0018378430232167194
11731,2.2446211601526064e-05,0.30013251134016994,0.5840674547919734,0.015779728827101352,0.00011798263144267158,1.369834449590062e-05,0.12549159441458949,0.00015583565840140103,0.0007725197342252406
11732,2.0878254524927748e-05,0.0053637419749098525,0.9308163220404514,1.1241048780067072e-05,0.012204441193219503,0.00010241659751177301,0.0032493510649982947,0.0006276106244027908,0.16688016971661324
11733,5.008500390596576e-05,0.8480005635937712,0.20547755118885871,0.01778280809673526,7.407218127504667e-05,0.00029275676881190875,0.013089293473391744,7.07449711362111e-06,0.029764128467439595
11734,0.007633485665144579,0.005138298344428113,9.86462532478442e-06,9.916741658437974e-07,0.018246618649579698,0.0009049701133077626,0.005172101711194424,0.9930637029583738,0.0007240489253284619
11735,0.009896329527208246,3.342042591153956e-05,0.07645352355574878,3.5607179785214703e-05,0.03657750926806937,0.0010783830773103474,3.9147264940796633e-05,0.0016338839511906274,0.9930616691231693
11736,6.124918195368213e-06,0.562078547486787,0.25433092054564804,0.09069280933318573,0.0007613392138805463,9.113299832569187e-06,0.0026869415911370195,0.000750821674469936,0.00013082353334598987
11737,8.167419255868313e-05,0.9621671608295314,0.0871587417574448,0.010934343614470482,0.00011684769735631019,0.00026921972744501743,0.008714778854173315,9.889785272004946e-06,0.02289752293853097
11738,6.025176123583174e-05,0.07451089795782216,0.8993352156241176,0.03263598626511852,1.1045083464368934e-05,0.00016018256588856328,0.0973636457608496,9.137193686078258e-06,0.010086692953105186
11739,0.0012477648768585222,1.2128766368235297e-05,0.0008109366884891908,1.0232751380553271e-07,0.017001801211232955,0.0006256798711264204,0.0011478025578214727,0.9993922479042091,0.0019960368847486685
11740,0.0012712908627143353,2.23476137633421e-06,5.230728355584107e-06,0.0061359371339276695,0.0003241837093959061,0.9988372879563117,0.0007669683793009495,0.0008125359934225436,0.001005383687502259
11741,0.00020933996100125718,0.9549939264843745,0.044899147961005116,0.011015642471439819,0.00011482126688319682,8.032820421153312e-05,0.003509943927233318,2.0976700810730167e-05,0.03032139344960237
11742,0.0016536530548001667,1.8804690701319947e-07,7.067866781816866e-05,0.010277073410583747,0.00022527741527698158,0.9986007322102444,0.001122301101664791,0.0024373757683473734,0.0002053612432377111
11743,0.02170494318917006,3.6811234665892986e-06,0.0003013118025616746,5.829462643941129e-06,0.0006464901087283688,0.25183486672518773,0.005204900508629938,0.04898096387191646,0.6176352674127707
11744,6.763585447727844e-06,0.9181717111739373,0.10912575192480221,0.004135818171580883,0.001285108919355405,1.72531239130669e-05,0.0024014669846140397,0.00024237053489428915,0.004577558497883316
11745,1.1951863973798704e-05,0.7195343600299848,0.14161854030044846,0.12333137632746145,0.0006508801261554721,8.661894644621898e-06,0.003226650194166546,0.0003739214610802639,0.0003729673349540446
11746,7.088115394377006e-06,0.10276887720176134,0.6912527340131479,0.2252138681227192,0.00015813363289291505,8.816583315058021e-06,0.009382425889096971,0.00019803562140141855,0.00031931713920665234
11747,0.005497431698700481,8.378038451317863e-06,1.0827348026892784e-06,0.0030549170073660955,0.001991784152507683,0.9984200616093448,0.002100141203658992,0.0027565416438957878,8.223927054039524e-05
11748,0.20613949759740366,0.0006714266793896961,0.002824539171387178,3.889681808772307e-06,0.004968383992728419,0.00942406245952146,0.0004534296906993995,0.0006565140918373516,0.7975349202743072
11749,0.004620500434982525,8.366885656530296e-06,0.001201417428558411,2.343180458532896e-07,0.013725258156488345,0.0006914709356277092,0.0012609984119648925,0.9972544187273381,0.006109790194958577
11750,1.017207432048622e-05,0.5911901867014114,0.41608541846997954,0.0009656157248925611,0.00655094845049819,9.884211582415434e-06,0.01780346390313957,0.0042731171849822655,0.00036079029999480536
11751,0.00023272283702284794,8.691898077671178e-06,0.0016339355038945394,0.08771324581687809,2.789450247704686e-06,0.16379930557139552,0.38041942956261887,0.0003568544033946461,0.00015801539669705532
11752,0.00010540342477395349,0.00024225810454220386,0.0038562584720461405,0.3106184633610721,1.144635862817535e-06,0.11922453422358634,0.16602054544394226,0.0001487824037415056,5.547312033036361e-05
11753,0.03389125755673435,1.0531468298101685e-05,0.00031656649889327284,5.264095572517671e-07,0.005410486293079947,0.0035279000621803165,0.01590453329332085,0.9614625506067128,0.029073201658033995
11754,0.002145697885697125,1.5173854210001455e-06,1.2719769322536453e-05,0.004915211132447635,0.0004272703494873402,0.9986778316183716,0.0010004393442458836,0.0010036607762575905,0.0008003828440920821
11755,6.223109649766249e-06,0.4414299448290566,0.48553125506149747,0.001029328703906661,0.010778839144143243,1.1756248766110151e-05,0.016456575844640095,0.0067380102334049195,0.0001922267422125648
11756,0.00016321066991161658,0.9346860940805225,0.09375483271813582,0.010804339934989159,0.00012276127161741214,0.00012046895852429094,0.007507508661649986,8.678689862449654e-06,0.04972206921392409
11757,2.2883739553873135e-06,0.08745327173946885,0.5595903193700473,0.47384068490487913,9.997903715507543e-05,1.917038252290694e-05,0.002064402661265018,0.00028258495918889704,0.0001725187167921798
11758,0.00028260654793555703,0.007476687861194738,0.41360423418631276,0.0004684266524887247,4.99623677252675e-06,0.0004624684133079736,0.8112223366136758,0.0011677535982256106,0.0004961632256290245
11759,3.6762963599450417e-06,0.5005839495365207,0.456788735192339,0.029238692349919895,0.00033150236202897566,1.1026573018486064e-05,0.001006603147652294,0.00020150235915597864,0.0036099919339771516
11760,1.3174799969732519e-05,0.9136897130725713,0.07465170051456885,0.0005281331669938781,0.0004423108304058041,7.312927559196088e-07,0.002630115439281292,0.008036004031313904,0.12631682611854012
11761,4.8500814558724514e-05,0.004000750284419739,0.0033836815673319504,0.00032186745869952556,0.9929378007973919,0.0011814838190889049,5.1054038981437515e-06,0.025364584659844,0.0036622255550858266
11762,2.7924987106242542e-05,0.07597264863826181,0.0062923223974962065,0.0006225753793289332,0.9484031715953376,0.00012145816167315972,3.6587969701818355e-05,0.009425762650470449,0.002112640321032421
11763,0.003667135790251089,0.06156797735571987,0.0037981216101463378,3.999546721530954e-05,0.002120529068205106,0.0038651334283211847,0.014485071616299902,0.00264176901848268,0.06673517783464719
11764,4.284588685373081e-06,0.1943496717903782,0.009931666970197501,0.7571451846805223,7.600446187824568e-05,0.0037298244090890175,0.0012880184799306344,9.951884174684137e-06,0.0008099663771296273
11765,4.1056105359080504e-05,0.573685122652808,0.2802002211269452,0.023537806477362942,0.0014669812324812836,1.389197374859537e-05,0.022314137307917245,0.0003994777044402671,0.00012785132308085317
11766,0.0029075898725690586,0.0024033256340401377,0.00019847935185280164,0.00013356873235117572,0.006675466017176921,0.759061993753137,0.00028947630851035544,0.0019366518773735796,0.010035198681138707
11767,0.0018459133531810617,3.7844565193542324e-06,3.3721860471823035e-06,0.004984823231071846,0.0004525618550466598,0.9986771468880201,0.0009800189121057644,0.0005625991906900375,0.00154476140769068
11768,0.0033828164966238574,1.1713127972045973e-06,6.092262976403253e-06,0.010208291970176824,0.0020026424828364984,0.9982479577330235,0.0005561294016337299,0.0027569767449230416,6.678194425499356e-05
11769,6.160610818011132e-05,0.4223736346997372,0.4206098533862177,0.014439428155734837,0.00027367136296827985,1.6206916348722698e-05,0.019248349310979185,0.0005468798727887223,0.00023112737633860467
11770,0.002610088794212085,2.4273623920387376e-06,4.868414727345448e-06,0.006052891680248861,0.0005179913560128955,0.9985110234542298,0.000646354502392019,0.001786220403117201,0.0011148928192932259
11771,0.013843013071075676,0.0014654483388985109,0.0064211255242375516,8.571202292026956e-06,0.007392631016992511,0.012047241353430218,8.739224770098824e-05,0.0009214114231498923,0.9877939163334151
11772,0.0018429323420033389,1.2772297302564484e-07,9.960819208696694e-05,0.008447617074585117,0.00017836672688500104,0.9975432705222593,0.0024072089427045382,0.0020152283236564874,0.0003477204473460307
11773,0.0002487321159943123,0.9646962108318259,0.044811318770707126,0.012783488474118504,9.67434730548392e-05,0.00023695975025089268,0.004493306659036473,6.010374171651788e-06,0.03939670992297597
11774,0.015883590780953822,0.001188351729956656,0.012699453265230615,7.81615782322792e-06,0.013139643013704724,0.013803550670486704,9.817534086002722e-05,0.0007946584879363262,0.9811883261523598
11775,0.0010367291248813996,2.1898581402864494e-05,0.0006254845152501383,2.682862813219021e-07,0.043210370779697,0.0028014864358586167,0.0005059898201306698,0.997304273367211,0.0002694392641455374
11776,0.00018692413510556558,1.4294375510475894e-07,0.07741766792829455,2.186025946570545e-06,0.004435131830604172,0.23030041508145022,0.002155573015602775,0.8128319075950303,0.0002704513982535157
11777,0.00042991820150274656,0.8917008297961758,0.0162374075268286,0.038813088607706096,5.4577364028692514e-05,2.114206037111906e-05,0.005331583963344186,7.890446938758083e-05,0.0419708007656363
11778,2.0204295466404742e-05,0.8487189918778516,0.13888473215211822,0.000743030624197174,0.009874837377083924,5.807756940650833e-06,0.007251325218282802,0.004614118397847344,0.0005035800925829891
11779,0.007639427473544614,0.00015391203147012547,5.238477993415529e-05,9.133982889061594e-07,0.01938544812200683,0.0017224089670214804,0.002577817666403323,0.9973327437935222,0.0013610337648913445
11780,0.3312637401559629,3.992913131711001e-05,0.0002844124397564923,7.638770754650092e-07,0.0006386806075953386,0.0520760044568199,0.025228012294612183,0.24797472982436514,0.25533632066702633
11781,0.000544014995696126,8.190183263206432e-07,0.0011768288480912973,0.0003825960281065146,0.0006352475950237073,0.9009333018676733,0.0009635080499375342,0.0011790750411077293,0.2698547136681009
11782,0.011095494344471392,0.015082699189270158,0.002848792903611436,0.00010654419399916104,4.098338417247618e-07,0.00024536074149986544,0.9975431251654931,0.00369852325137452,0.004258158074239748
11783,0.0012604286221144139,0.004675885652669762,0.0835034687341336,4.6485024048875575e-05,0.00828042887616643,0.012479273565699738,0.0005949519071375768,0.0003794635984121695,0.7835667807095098
11784,0.7353199654097305,0.007450706115215632,1.4856277983140642e-06,6.60058403411368e-06,0.0014010424843254492,0.14696906785873096,0.007155837903341647,0.00737653186974885,0.09758620944164684
11785,0.009358691334281456,4.218765724494086e-06,0.0015316976310813528,1.9322070851914234e-07,0.004426154308970702,0.002939506936448998,0.003994517312166698,0.9821641454867751,0.04735335971032416
11786,0.019206442932365935,6.451761072154436e-06,0.00026085896331112676,3.0343218249742334e-06,0.0014618717159630063,0.07799152914548464,0.03316085783839715,0.8553384957889004,0.01721439837783223
11787,8.659679009592965e-05,0.4367631856994636,0.615204252230152,0.022964455415382775,4.0283050755178686e-05,0.0001551687260739629,0.018202733238111484,1.1167774121522843e-05,0.016444799621854737
11788,4.675830995216846e-05,0.5432106345268457,0.35451081734803785,0.03481869531166547,0.004011878982977024,8.36292806236286e-06,0.01614260605549485,0.000357295075786853,0.00012041557744339675
11789,0.014766211562754317,7.434056949688723e-05,0.0012121589171988044,5.673377437073223e-07,0.005159218801832108,0.001839109012411552,0.02483998929656292,0.9206524544484949,0.0025206895153539913
11790,0.007348825946437235,1.99610903093897e-05,0.11793706749160601,7.319905947688846e-05,0.017244417272298678,0.0015015520759934136,4.925776901927128e-05,0.0021320178326855875,0.9861311873560271
11791,1.3694352448599959e-06,0.16263132703045327,0.5832452851048912,0.022888799158897397,0.02494046757397699,2.246347535415922e-06,0.002426175680927211,0.015332516059198983,3.7307556388737946e-05
11792,0.008178971211016153,0.00010058135985033843,0.014322468880288182,3.447295402659744e-07,0.0007878432847376616,0.0002554398766361063,0.3551573215214416,0.8787926992362858,0.00371918704837156
11793,1.1913239714559485e-06,0.8006367384714066,0.15451530371710848,0.0014474819855624635,0.05116151446460379,3.2720946190041742e-06,0.0024725538401784495,0.008082510934187544,0.0004171210719611931
11794,0.0018472147882918986,0.00012734775940730856,1.5532761412185297e-07,0.0038323838655504035,0.002314445824971233,0.9836890900599904,0.0002546689372342763,0.03667979981689397,0.0002797406456944407
11795,2.0588886524912725e-05,0.6062154894780026,0.32278158303008875,0.07640677884325946,0.0012164491077347296,7.657582267084254e-06,0.008957012115662558,0.0005031185417032429,0.00011949263717199235
11796,0.0015189003931011665,2.7489083348731214e-07,1.5673606642143614e-05,0.010409700359977708,0.00012368082957092016,0.9951657769755602,0.0020941647746143873,0.007097898164205276,0.00042182367671153706
11797,0.00043931363728047393,4.985898576096291e-07,1.2868813550869687e-05,0.00029649477580283366,0.0019055369939991464,0.14378015696313792,0.003825925211408128,0.935916509854876,0.0008130711477147624
11798,0.00994937183188321,4.474088403110606e-05,0.00012685127120394416,6.492238585746412e-07,0.009019609299808834,0.0056918782400003495,0.002512141879662533,0.9937981745696534,0.004956280875676361
11799,0.03278309139457995,7.668160608703826e-05,6.249389877361148e-05,1.2672546550953516e-06,0.03369044963349921,0.0005328435297578747,0.006441720263857279,0.995460497077066,0.0010170746534086971
11800,6.2652151522719845e-06,0.9185188634165966,0.044747012584886045,0.02272424827944732,0.005812287656989651,1.073912599250877e-05,0.002167821952549493,0.001259508833579355,0.00025605861943467725
11801,5.7085081818239744e-05,0.007228778117664044,0.0034719752994525166,0.00026075552897432256,0.9899571002719063,0.0008116379099546279,7.190394089130723e-06,0.02191018957869958,0.003611179432846897
11802,3.0233988082755955e-05,0.0657997913282113,0.005911207606175567,0.00045191599587297246,0.9515136513590275,0.00021582682149027567,3.1526323457895664e-05,0.012274008780286371,0.002049907100119552
11803,5.889557952487285e-05,0.745391235269251,0.20368276739886096,0.03755729533754773,5.181628507815623e-05,0.00016321100851232015,0.012476904684982897,1.2225476470713511e-05,0.008289677237180508
11804,4.172578960512913e-06,0.6559019503333834,0.25361223026004226,0.03659920725179607,0.0010175755512782955,5.659420849317913e-06,0.003555016129484613,0.0008755700239679172,0.00042544211248827704
11805,0.0018130971530400746,1.3418813568136773e-07,0.00010009585027526664,0.010014779288311643,0.0001969991646913853,0.9981203739510499,0.0015757842761875951,0.002008995288003829,0.00027993926842487363
11806,0.0017920933483866312,4.620289452666912e-06,2.5819367124349323e-06,0.00568099260275416,0.0005054124744744679,0.9990525867281049,0.00048220706093801544,0.0008937473080466708,0.0012773892833636863
11807,9.565453457543312e-06,0.18511635342077798,0.6468119541381993,0.21478083430781778,0.00018273597879281837,4.656190810685708e-06,0.0025254906785018277,0.0004106684085280077,0.0004433484196784696
11808,0.0011026086338497558,0.00012473508328609867,0.0002434249620673715,1.5826982564956755e-07,0.08219263265725009,0.012528512105994786,0.00018632450996139971,0.9765746072581644,0.0006041982949038751
11809,3.372450001695843e-05,0.6023545890351011,0.1117294207884421,0.08809786499453374,0.0016385475791328966,1.1516136433370218e-05,0.0033245145046987288,0.0010438777093180736,0.00026752103787791907
11810,0.028165016202939853,2.4458253984170645e-05,0.0002454617891203745,4.53213918539898e-07,0.007295648852275773,0.004237893570033761,0.030337760997834497,0.9754833407839009,0.009217332312104518
11811,7.788776582757709e-06,0.31836118325714935,0.6437340899345759,0.0014793437946300475,0.005636515240754146,9.182052029142602e-06,0.03895354894809145,0.0045624414224984845,0.0003137828641458552
11812,0.02115032034625209,3.315880481736722e-05,0.00012931430976514258,4.353502418484453e-07,0.004016849100967129,0.006358888331716044,0.006222085880793572,0.9764492000737507,0.018380406230370527
11813,0.6394455940451366,0.23537870769754174,0.0009611964852710124,1.2417980312951668e-05,1.8682296166835853e-06,3.084150291685508e-05,0.993563801847171,0.0009825365427423682,0.0014473609021980894
11814,2.075099144521133e-05,0.13803858884059336,0.7955645779740913,0.0751601229564927,0.0008076462178086374,7.098383316311368e-06,0.010524729933103626,0.00030256524559264347,0.00022667082192062682
11815,0.06672436963852227,0.03271497860852513,4.0682982696085713e-07,3.979497509862582e-06,0.007868967517375924,0.022011140936895192,0.0005456512679202,0.938292105729209,0.0013829693604278947
11816,7.405928789585267e-06,0.6878759734470631,0.3383247298414452,5.529045947173667e-05,0.030030686635855727,6.3757067066341585e-06,0.008527089424695966,0.0019226220341144677,0.0073055569721053
11817,0.0020064435016443364,1.0441752471337348e-05,0.00036773923840913137,0.0014876183086645258,0.0009782938954375343,0.9792626911335873,0.0008521828066618338,0.0008897837441732602,0.002380616183702792
11818,0.0027306041344221208,0.0008874665079948142,7.00369754866851e-06,6.173928078052462e-07,0.157123295013759,0.0029362504083866683,0.0014426524969672102,0.9980284736056325,0.00011994285786207733
11819,0.012637515393742462,8.067707918525324e-05,4.517178155706325e-05,9.512227064040379e-07,0.020437752411155398,0.0007062633075189175,0.006186271779392975,0.9965356528819412,0.003029531847761243
11820,0.0038512107954787205,1.2901935280362288e-05,1.2939260219328133e-06,0.008579150498555984,0.0019332392335767484,0.9970451600569289,0.0008812593432104365,0.0017574351458859224,8.785443262498614e-05
11821,6.948973835482791e-06,0.1923287064095456,0.7234044994398899,0.06679771304754845,4.296308066220626e-05,3.266034981197927e-05,0.012338230090103871,8.194208614935854e-05,0.0022771559798266425
11822,0.00012848862206615134,0.48346651391536277,0.46326312906718153,0.001515552906583607,0.0011218032113269568,8.069230741286034e-05,0.06506343684312496,0.0001882510884326566,0.005842371712423313
11823,0.001111174266308796,0.990056053367538,0.009751475926634933,0.0020776097836933006,0.00014652527557957985,0.00014785722681576568,0.003924502052338664,6.864582916317971e-06,0.3551074858439725
11824,9.751474735708009e-06,0.0432286080200386,0.05512118596073041,0.7535155403106008,3.112473303886772e-05,0.01387361274466922,0.00396829344407301,5.299865414923427e-07,0.011615829493218056
11825,0.02723767582515458,0.0003469234627643011,0.004412634114887794,1.513814850803164e-06,0.008757149865713028,0.007586088679826196,0.0002768175220966086,0.005353697912922428,0.9897770769619546
11826,0.0014828634793102625,9.001836320958365e-07,2.300853427152925e-05,0.024031971298286936,0.0014471882324756631,0.9959811294605978,0.00019270970393387,0.0006762252172737445,0.002362450507299233
11827,5.903221509061293e-06,0.4470063053560895,0.4048048479234573,0.14480279853855269,0.0002855138298169808,7.071045257016811e-06,0.004288103373369212,0.0005776339969383387,0.00019196189455296048
11828,1.625550162198247e-05,0.24001507621638318,0.005366799177168199,0.0005111257526398455,0.8756314070559853,9.812211176669958e-05,5.930446880402192e-05,0.01177045577344751,0.0018190382201662776
11829,0.02369976460789268,9.755323304220552e-06,0.0024098741467069923,6.244776175606552e-07,0.002138810947928218,0.0025452679526317182,0.048834418559208184,0.8914050907262421,0.012630995780875686
11830,0.0014926517126503298,1.3603064608247611e-06,5.00395121147452e-06,0.010120139878485231,0.0004760296953461112,0.9986508712096911,0.00048117513661465224,0.0015354395418201766,0.00030339083528828527
11831,0.0032528348225551273,3.914534172603691e-06,6.462767894255308e-06,0.0032192753093709093,0.0006027924950757899,0.9982551512631497,0.0012459030293335495,0.0008068206741949647,0.0016169445010052177
11832,3.319680582944212e-06,0.7574793362502245,0.29582832250433966,0.013849711659647093,0.00021791882181148737,1.0637870946294661e-05,0.002800641684498005,0.0004338376832897315,0.0021284980926135322
11833,0.002467998755454064,3.9094802464021434e-06,1.0828432672861335e-05,0.003120922065788589,0.00042370114921726676,0.9980525846115856,0.001092949923294049,0.0019640651049143286,0.0006766974652181344
11834,0.0023270881414092282,3.9251580715477315e-06,2.291007209933221e-06,0.006777197645848995,0.00047621212965290083,0.9984316285364319,0.0006772373280069686,0.002092915469915251,0.0006092815842790671
11835,0.004483617516513566,0.0013516376116280517,0.08836550043997894,4.999430950636261e-05,1.351874327652085e-06,0.0009565749064470195,0.9862669283549723,0.007062246527999339,0.0009974846599036583
11836,2.403420247253831e-06,0.08014960491256193,0.9033166934531396,0.027205892078317733,0.0003982156298722547,4.542399537076998e-06,0.0026317867570382005,0.001150239175123093,0.00035034305308061074
11837,0.08619449315984748,0.018475734807485367,0.004841140537156218,4.54436152181864e-05,6.398452805462846e-07,2.6195854908281204e-05,0.9955440690120424,0.010902791295314173,0.00831920370660494
11838,7.544894242415689e-06,0.3358853534927331,0.5406960135660043,0.0328483816849445,0.0012469228695408579,6.168962224492768e-06,0.008847642262546772,0.001954641570854488,0.00017315578942689468
11839,1.0221497865522157e-05,0.5858858873297436,0.4726273165260267,0.0009688186244132874,0.007033485472990472,6.432959638299922e-06,0.017687155185788655,0.0044184991917458625,0.00032075621198642787
11840,0.40829331859801604,0.0003374252061825874,2.5209972136582383e-05,2.04663252462071e-06,0.009348134950855978,0.001124810018664733,0.006932653351068153,0.905502375900653,0.0002886312691621099
11841,4.242574046826679e-06,0.9922529649043457,0.010328790375698681,0.0028533548067477426,0.004293687811420059,2.1729086247080785e-05,0.0027971468885418203,0.0006516585937150317,0.001550582502497294
11842,0.00014244966317408423,0.4428585001077154,0.05234162025381246,0.15251456674529026,3.5051687547688176e-05,0.0002594838359872407,0.00596177678443563,7.05746354789608e-06,0.021125168624379524
11843,0.06474842649389001,0.0022926243391471015,0.0005922969379602003,1.358944033608867e-06,0.006990940747059372,0.012851211466661096,0.0002609253416814106,0.006550833274804536,0.9725110024821089
11844,0.005656090177932669,0.0005604500775639037,0.013919235161030354,1.1384418910183006e-05,0.013013776572813109,0.0024005242569045426,5.41433259686327e-05,0.002560085975514911,0.9939200452171242
11845,0.0009647879717792347,1.2432511067104862e-07,4.25300628622189e-05,0.014861821930144136,8.98428789576764e-05,0.9963737332179947,0.0016332282774599038,0.004118756060876798,0.0003056570175664997
11846,3.278511311010375e-05,0.003636445685561157,0.0020807454269336687,0.0004161544792200896,0.9915147537347745,0.0030058544011265917,3.489846681459854e-06,0.03324972578014954,0.002850679864282618
11847,0.27077975188513387,0.0005170536319802781,3.6174838170992135e-05,7.869797923259826e-06,0.0001928363971245827,0.005127183193883884,0.06941055806772856,0.3131959165708094,0.05046460975314283
11848,0.0006100877339929496,0.8024739922733892,0.17530715246342926,0.0006404607275963044,0.0014701154931257814,0.00026270773892652657,0.046104365367358326,6.606700273468074e-06,0.02425296747611271
11849,1.6283068096706652e-06,0.0012750941466247666,0.22470616871979698,0.9692664167803613,3.1525292286932885e-05,0.0010280310732884007,0.0028958865512438607,1.3815205305447623e-05,0.00021977562731090612
11850,4.9465745954590974e-06,0.9930737846803556,0.003479205983259994,0.020034255510830636,0.0013319867554755901,5.5751906840590706e-05,0.0013386108504951477,0.00017925019109330122,0.0012930779850790733
11851,1.824003018952833e-06,0.980746310290345,0.03168725356846117,0.0015637680039561716,0.004850404994609471,1.7607958418683073e-05,0.004572183220190176,0.0019589326663102947,0.0008818203149126374
11852,0.016532396604813964,0.03331807536657108,0.00022812969314191706,0.00038645961682469074,8.107211046982974e-07,0.0009793324056674019,0.992403601822128,0.0004863473312452939,0.0023586813883078694
11853,1.4005617299943759e-05,0.436645406976055,0.5255810215023905,0.07937225957777795,3.0677717068810625e-05,4.495638206420822e-05,0.021439873760770358,6.470283067801268e-05,0.0013705229144914616
11854,0.06458580245515606,2.827222629223643e-06,0.01671039462884156,1.187235153461165e-06,0.001580463905236494,0.007601568206914746,0.0028606644719365265,0.07755727789075909,0.8250150817013946
11855,0.03544161121519692,0.0004887458033703539,7.83442347000896e-06,1.7063442177271196e-06,0.004385185340382734,0.0025326504880776443,0.0058913675283100465,0.9773941551701939,0.007212803069711246
11856,0.0016046022287435288,0.02780845179164014,0.03583598199425786,0.00015981917133378116,8.459213604833824e-06,0.0001789662930070679,0.9530631624108452,0.009961941785031228,8.071276855165375e-05
11857,8.014605885461104e-06,0.7829997126417543,0.27798947313657635,0.0037513444793279933,0.002375883547528415,1.133907821297371e-05,0.05016569546589749,0.0019493077981866229,0.00011481977934874689
11858,0.0012296689283951515,2.59854815358544e-07,4.453446148192327e-05,0.01027077532460368,0.00013894715091766492,0.9982341808436314,0.0014859467229740237,0.0021929495872469403,0.000292312548005888
11859,1.2600451848251235e-05,0.988885370014212,0.026672006576040998,0.003606972253349252,0.001133306404509378,4.230642695216204e-05,0.0018171630409371405,0.0001550899872734702,0.0029182250719568177
11860,0.03230394718623338,2.073270746000156e-05,0.0009250958889782076,9.127172990616701e-07,0.0013232766565638514,0.003525853015546576,0.054227217795596847,0.8835452347601215,0.019598640008597207
11861,0.0019032447405807637,0.00010912479905490327,0.00021789990100470153,4.289377194825246e-06,0.023448343190395446,0.009317521016272954,0.000662180159144097,0.9720939550919337,9.681988545381203e-05
11862,0.0016391934150213397,6.750322344370998e-06,0.0009443792553500448,1.3694030305056998e-07,0.021763908141780152,0.0003898185780328909,0.0012786737567208975,0.9993588634327301,0.0028587600497126144
11863,0.4451215076448517,0.0006600705791927566,2.8080702824212903e-05,2.119751611602225e-07,0.0015330111037591622,0.04892071174531004,0.004350205060605191,0.05160867882406723,0.6300736126706574
11864,7.468750745431614e-05,0.0009595479792591967,0.004514810883284213,0.14267134474867235,1.4544210272713313e-06,0.03062107568228349,0.5460497067573082,1.3791162568728755e-05,0.0014345608648074228
11865,0.0009403058258698573,0.00821164568362073,4.748164392173193e-05,0.015499990026338785,1.447504891155874e-05,0.31106260698121935,0.4578067516411699,0.0004985530649953192,1.3177324921224355e-05
11866,5.01239284517091e-06,0.01828385013778429,0.06999999181587387,0.9294423995184896,4.6774621159932074e-05,0.011041270072341326,0.0013553769539496117,1.8991824294537116e-06,0.0013127613568734455
11867,0.00033328788380923596,0.0009655123632967622,0.6871974574792448,0.0011605071926398787,9.253441626880121e-05,0.0003751209235619607,0.021315763793907476,0.0005377915988011936,0.2839250976105644
11868,0.0011982941295431936,0.9404748379696579,0.04038736649546989,0.013791264811541182,0.00015674840830919522,8.2504713141057e-06,0.010027352844290297,2.0419950298089354e-05,0.03701328384651592
11869,2.584515116770021e-06,0.4443858053102638,0.11889435745403176,0.45248158072748185,0.00015977048536889004,5.0678282577188135e-05,0.0010016719409147341,0.00021733091314926793,0.00017940749629905556
11870,0.001257669987567558,2.538677014602048e-05,0.00036224841475317524,3.3822799060748503e-07,0.015179410767002148,0.001236825156161146,0.0005466067542158645,0.9991349963682339,0.0010507755425081312
11871,0.0002451932348556218,0.9670317746372912,0.005374300620233959,0.0408547426869794,0.00016796356285962927,5.095443487927166e-06,0.0016281765089959993,0.0005351867450555377,0.010021262838465338
11872,0.01848966544558348,6.276299798561753e-06,7.270544496356875e-07,0.0021959483953222056,0.0002762046533497323,0.9788672902768567,0.0066667474087770216,0.024937050597876577,0.018157902788237024
11873,0.3740863295157647,0.001304890327992333,6.066221632192697e-06,2.399217151338849e-06,0.005229536035098446,0.0027204695181948257,0.005551053849963222,0.8547445431373953,0.001438181264304717
11874,0.0011143601189781383,0.00045258969557697805,0.01337076480242462,0.001685834709352791,2.9838322874333654e-07,0.0026669764078577694,0.9904866942907602,0.0012565943878855878,0.0007097639858842547
11875,0.000887276704496411,1.0639806193146627e-07,4.450202321701713e-05,0.022539580481820396,0.00014737183271367862,0.9975012373550701,0.0006376185797699298,0.0030265895072720452,0.00018627923184992112
11876,5.6688921652341445e-05,0.004161420702577463,0.003985020104010825,0.0002688286783516211,0.9917091501074666,0.0009645550296707026,6.07375884563169e-06,0.02521490456589447,0.003534906631824802
11877,0.0002968799985975907,1.4333958012205849e-05,0.0002894990328271938,0.03532883443467239,0.003382670537741949,0.7853653824713877,9.663535776761051e-05,8.671501120158348e-05,0.8201795144187285
11878,5.352874037578291e-06,0.9648571334674553,0.030760968479389788,0.03773200400404565,0.0003391503571298244,2.052758963758344e-05,0.002555242713232973,0.00016893040335720178,0.0018227385558823612